             NaN -8.7500000e+001 -8.2500000e+001 -7.7500000e+001 -7.2500000e+001 -6.7500000e+001 -6.2500000e+001 -5.7500000e+001 -5.2500000e+001 -4.7500000e+001 -4.2500000e+001 -3.7500000e+001 -3.2500000e+001 -2.7500000e+001 -2.2500000e+001 -1.7500000e+001 -1.2500000e+001 -7.5000000e+000 -2.5000000e+000  2.5000000e+000  7.5000000e+000  1.2500000e+001  1.7500000e+001  2.2500000e+001  2.7500000e+001  3.2500000e+001  3.7500000e+001  4.2500000e+001  4.7500000e+001  5.2500000e+001  5.7500000e+001  6.2500000e+001  6.7500000e+001  7.2500000e+001  7.7500000e+001  8.2500000e+001  8.7500000e+001
  1.0000000e+003             NaN             NaN             NaN             NaN             NaN             NaN             NaN             NaN             NaN             NaN             NaN             NaN             NaN             NaN             NaN             NaN             NaN             NaN             NaN             NaN             NaN             NaN             NaN             NaN             NaN             NaN             NaN             NaN             NaN             NaN             NaN             NaN             NaN             NaN             NaN             NaN
  8.5000000e+002             NaN             NaN             NaN             NaN             NaN             NaN             NaN             NaN             NaN             NaN             NaN             NaN             NaN             NaN             NaN             NaN             NaN             NaN             NaN             NaN             NaN             NaN             NaN             NaN             NaN             NaN             NaN             NaN             NaN             NaN             NaN             NaN             NaN             NaN             NaN             NaN
  7.0000000e+002             NaN             NaN             NaN             NaN             NaN             NaN             NaN             NaN             NaN             NaN             NaN             NaN             NaN             NaN             NaN             NaN             NaN             NaN             NaN             NaN             NaN             NaN             NaN             NaN             NaN             NaN             NaN             NaN             NaN             NaN             NaN             NaN             NaN             NaN             NaN             NaN
  5.0000000e+002             NaN             NaN             NaN             NaN             NaN             NaN             NaN             NaN             NaN             NaN             NaN             NaN             NaN             NaN             NaN             NaN             NaN             NaN             NaN             NaN             NaN             NaN             NaN             NaN             NaN             NaN             NaN             NaN             NaN             NaN             NaN             NaN             NaN             NaN             NaN             NaN
  4.0000000e+002             NaN             NaN             NaN             NaN             NaN             NaN             NaN             NaN             NaN             NaN             NaN             NaN             NaN             NaN             NaN             NaN             NaN             NaN             NaN             NaN             NaN             NaN             NaN             NaN             NaN             NaN             NaN             NaN             NaN             NaN             NaN             NaN             NaN             NaN             NaN             NaN
  3.0000000e+002             NaN             NaN             NaN             NaN             NaN             NaN             NaN             NaN             NaN             NaN             NaN             NaN             NaN             NaN             NaN             NaN             NaN             NaN             NaN             NaN             NaN             NaN             NaN             NaN             NaN             NaN             NaN             NaN             NaN             NaN             NaN             NaN             NaN             NaN             NaN             NaN
  2.5000000e+002             NaN             NaN             NaN             NaN             NaN             NaN             NaN             NaN             NaN             NaN             NaN             NaN             NaN             NaN             NaN             NaN             NaN             NaN             NaN             NaN             NaN             NaN             NaN             NaN             NaN             NaN             NaN             NaN             NaN             NaN             NaN             NaN             NaN             NaN             NaN             NaN
  2.0000000e+002             NaN             NaN             NaN             NaN             NaN             NaN             NaN             NaN             NaN             NaN             NaN             NaN             NaN             NaN             NaN             NaN             NaN             NaN             NaN             NaN             NaN             NaN             NaN             NaN             NaN             NaN             NaN             NaN             NaN             NaN             NaN             NaN             NaN             NaN             NaN             NaN
  1.7000000e+002             NaN             NaN             NaN             NaN             NaN             NaN             NaN             NaN             NaN             NaN             NaN             NaN             NaN             NaN             NaN             NaN             NaN             NaN             NaN             NaN             NaN             NaN             NaN             NaN             NaN             NaN             NaN             NaN             NaN             NaN             NaN             NaN             NaN             NaN             NaN             NaN
  1.5000000e+002             NaN             NaN             NaN             NaN             NaN             NaN             NaN             NaN             NaN             NaN             NaN             NaN             NaN             NaN             NaN             NaN  7.1290122e-010             NaN             NaN             NaN             NaN             NaN             NaN             NaN             NaN             NaN             NaN             NaN             NaN             NaN             NaN             NaN             NaN             NaN             NaN             NaN
  1.3000000e+002             NaN             NaN             NaN             NaN             NaN             NaN             NaN             NaN             NaN             NaN             NaN             NaN             NaN  4.7723002e-010  4.7164387e-010  3.6475228e-010  3.4817779e-010  2.6817128e-010  6.1976564e-010             NaN  6.1550262e-010  4.2575315e-010  5.6440198e-010             NaN             NaN             NaN             NaN             NaN             NaN             NaN             NaN             NaN             NaN             NaN             NaN             NaN
  1.1500000e+002             NaN             NaN             NaN             NaN             NaN  2.3139602e-009  2.3737784e-009  1.7263638e-009  1.2079046e-009  1.1535287e-009  6.9791466e-010  7.3200674e-010  6.4422978e-010             NaN             NaN             NaN  3.7832683e-010             NaN             NaN  9.1510628e-010  3.6648954e-010  3.9874143e-010  5.0076068e-010  6.8280650e-010  1.1184690e-009  1.6682249e-009  2.4669743e-009  2.8325125e-009  3.2443919e-009  3.6062901e-009  3.8007456e-009  4.1828507e-009  6.0016182e-009             NaN             NaN             NaN
  1.0000000e+002  5.2492293e-009  4.7030087e-009  4.6431198e-009  4.0597718e-009  3.5273987e-009  3.2336085e-009  2.9897001e-009  2.4213082e-009  1.6549364e-009  1.4552355e-009  9.8494940e-010  9.9476519e-010  5.8000687e-010  5.8182596e-010  4.6462882e-010  4.0576771e-010  3.6593179e-010  3.5755017e-010  4.2289036e-010  3.7208873e-010  4.9315470e-010  3.8406591e-010  5.5123206e-010  8.3545952e-010  1.4549192e-009  1.8534055e-009  2.4236926e-009  2.7974829e-009  3.3864312e-009  4.2756988e-009  4.1950903e-009  5.0325961e-009  6.5470780e-009  6.5877652e-009  7.7471458e-009             NaN
  9.0000000e+001  6.2623838e-009  5.5536949e-009  5.2895977e-009  5.2319467e-009  4.8899486e-009  3.9078868e-009  3.4763771e-009  3.0950587e-009  2.1046658e-009  1.9464107e-009  1.1503820e-009  1.2706869e-009  1.1327496e-009  8.3124168e-010  6.6500780e-010  4.5783369e-010  4.7455521e-010  5.6290708e-010  3.7318063e-010  4.1680570e-010  4.5964497e-010  5.4211419e-010  6.5111838e-010  7.4820986e-010  7.6604648e-010  3.6767178e-009  3.3633135e-009  3.7586902e-009  4.0137033e-009  4.6930282e-009  4.8409541e-009  5.3191058e-009  6.6896505e-009  6.6804594e-009  7.4487718e-009             NaN
  8.0000000e+001  7.3545122e-009  6.9291121e-009  6.6303134e-009  6.2531294e-009  5.8856199e-009  5.1736867e-009  4.5711387e-009  4.3019064e-009  2.9448786e-009  2.4143751e-009  1.6574146e-009             NaN             NaN             NaN             NaN             NaN             NaN             NaN             NaN             NaN             NaN  1.0791382e-009  1.1907234e-009  1.7316445e-009  2.3236889e-009  2.8776618e-009  3.7055460e-009  4.4164591e-009  4.8033324e-009  5.3176784e-009  5.3815645e-009  5.8501823e-009  7.6032922e-009  7.7198171e-009  8.5233955e-009             NaN
  7.0000000e+001  9.5899800e-009  9.5827469e-009  8.6740417e-009  8.1129444e-009  7.4961997e-009  6.7241214e-009  6.3858967e-009  5.5858909e-009  4.5865164e-009  4.1105951e-009  2.9747468e-009  2.7225219e-009  2.5594425e-009  1.9362449e-009  1.3004262e-009  1.0168900e-009  1.0677207e-009  7.6155487e-010  7.7575090e-010  9.0731756e-010  1.1594420e-009  1.6538669e-009  2.1612050e-009  3.1440722e-009  3.7747310e-009  4.4769032e-009  5.3338151e-009  5.8306181e-009  6.3256346e-009  6.6888587e-009  7.1243641e-009  7.5475009e-009  8.7180308e-009  8.9713599e-009  9.5489620e-009             NaN
  5.0000000e+001  1.3324425e-008  1.3206540e-008  1.2329595e-008  1.1677959e-008  1.0948184e-008  1.0195596e-008  9.4784757e-009  8.9556230e-009  8.4502942e-009  7.4552563e-009  6.6887736e-009  5.8332066e-009  5.5003884e-009  4.0313923e-009  3.2182064e-009  2.1353166e-009  2.1239949e-009  1.7157032e-009  1.6833351e-009  2.0339348e-009  2.6096307e-009  3.8517865e-009  4.8466658e-009  6.1453640e-009  7.1507663e-009  7.6198184e-009  8.1189175e-009  8.4445248e-009  8.8086056e-009  9.0843695e-009  9.3425325e-009  9.7120590e-009  1.0164254e-008  1.0361146e-008  1.0701218e-008             NaN
  3.0000000e+001  1.5644110e-008  1.5786654e-008  1.4789986e-008  1.4248992e-008  1.4045895e-008  1.3670587e-008  1.2995406e-008  1.2382176e-008  1.2265682e-008  1.1540518e-008  1.0068204e-008  9.0028073e-009  8.1007043e-009  6.2971077e-009  5.3839132e-009  3.9452503e-009  3.5824770e-009  3.3009684e-009  3.5217681e-009  4.0536289e-009  4.6570488e-009  6.1285597e-009  7.2697053e-009  8.4236957e-009  9.8239646e-009  1.0547625e-008  1.0857242e-008  1.1041072e-008  1.1190681e-008  1.1337012e-008  1.1347751e-008  1.1345834e-008  1.2010403e-008  1.2268162e-008  1.1806489e-008             NaN
  2.0000000e+001  1.6648218e-008  1.6194087e-008  1.6247225e-008  1.5649178e-008  1.5647052e-008  1.5567108e-008  1.4885029e-008  1.4569167e-008  1.4354615e-008  1.3892904e-008  1.2182692e-008  1.2001859e-008  1.1290582e-008  8.7769957e-009  7.5372471e-009  6.0163076e-009  5.1295583e-009  4.7488165e-009  5.2998862e-009  5.5375278e-009  6.3440646e-009  7.6108753e-009  8.9618381e-009  9.8119444e-009  1.1512167e-008  1.2498568e-008  1.2495185e-008  1.2519620e-008  1.2739622e-008  1.2574369e-008  1.2662483e-008  1.2719728e-008  1.2811607e-008  1.2743450e-008  1.1393603e-008             NaN
  1.5000000e+001  1.7327891e-008  1.7010745e-008  1.7018710e-008  1.6680888e-008  1.6461193e-008  1.6610142e-008  1.6197781e-008  1.6216659e-008  1.6258226e-008  1.5801576e-008  1.4591000e-008  1.4934765e-008  1.4128635e-008  1.2583035e-008  1.0750781e-008  8.8134297e-009  7.8155279e-009  7.0359273e-009  7.5160272e-009  7.7687512e-009  9.1259255e-009  1.0079210e-008  1.1444328e-008  1.2421429e-008  1.3326925e-008  1.3931029e-008  1.3846374e-008  1.3793006e-008  1.3747626e-008  1.3609176e-008  1.3497203e-008  1.3594830e-008  1.3023779e-008  1.3018112e-008  1.1388195e-008             NaN
  1.0000000e+001  1.7306867e-008  1.7003985e-008  1.7260947e-008  1.6808449e-008  1.6548675e-008  1.6766901e-008  1.6851554e-008  1.7005341e-008  1.7188337e-008  1.7135586e-008  1.6448391e-008  1.6429159e-008  1.5478129e-008  1.5038173e-008  1.3539498e-008  1.1710379e-008  1.0709005e-008  1.0297409e-008  1.0585040e-008  1.1456765e-008  1.2780724e-008  1.2687527e-008  1.3694976e-008  1.4144992e-008  1.4422070e-008  1.4374623e-008  1.4124962e-008  1.4118736e-008  1.3802191e-008  1.3753387e-008  1.3710057e-008  1.3569641e-008  1.2780335e-008  1.2571937e-008  1.1340642e-008             NaN
  7.0000000e+000  1.6587129e-008  1.5976550e-008  1.6581874e-008  1.5669845e-008  1.5574304e-008  1.5779687e-008  1.6121534e-008  1.6712953e-008  1.7365523e-008  1.7599972e-008  1.7567955e-008  1.7597767e-008  1.7467427e-008  1.6781209e-008  1.6013445e-008  1.4613136e-008  1.3883693e-008  1.3737874e-008  1.4053068e-008  1.4703473e-008  1.5702478e-008  1.5087435e-008  1.5500487e-008  1.5673198e-008  1.5414122e-008  1.4522383e-008  1.3814168e-008  1.3831401e-008  1.3198027e-008  1.3150651e-008  1.3157565e-008  1.3021521e-008  1.2440055e-008  1.1840757e-008  1.1212308e-008             NaN
  5.0000000e+000  1.5444568e-008  1.4309786e-008  1.5297632e-008  1.3431543e-008  1.3254710e-008  1.3364436e-008  1.4015242e-008  1.5031637e-008  1.6055665e-008  1.6618022e-008  1.7016116e-008  1.7023045e-008  1.8240787e-008  1.7875917e-008  1.7798082e-008  1.7523426e-008  1.7121828e-008  1.6864138e-008  1.7055292e-008  1.7073220e-008  1.6985439e-008  1.6979138e-008  1.6666422e-008  1.6695301e-008  1.6003695e-008  1.4210040e-008  1.3090985e-008  1.2968219e-008  1.2076024e-008  1.2091570e-008  1.2098804e-008  1.2293269e-008  1.2008586e-008  1.1365740e-008  1.0917173e-008             NaN
  3.0000000e+000  1.2863991e-008  1.1284205e-008  1.2638892e-008  1.1072441e-008  1.0687355e-008  1.0850129e-008  1.1605511e-008  1.2343318e-008  1.4336812e-008  1.4981721e-008  1.5960762e-008  1.5795830e-008  1.7560995e-008  1.7459352e-008  1.7769851e-008  1.7556168e-008  1.6835659e-008  1.6469001e-008  1.6179157e-008  1.6792554e-008  1.6986655e-008  1.7075925e-008  1.6967862e-008  1.6852068e-008  1.5910172e-008  1.3554882e-008  1.2305468e-008  1.1706471e-008  1.1004204e-008  1.0660214e-008  1.0757280e-008  1.0989976e-008  1.1294104e-008  1.0605425e-008  1.0435740e-008             NaN
  2.0000000e+000  1.0879658e-008  9.4040330e-009  1.1098078e-008  9.2543347e-009  8.9019746e-009  9.0487999e-009  1.0046302e-008  1.0696370e-008  1.3069499e-008  1.4077118e-008  1.6050992e-008  1.5369813e-008  1.7047129e-008  1.6255844e-008  1.6228733e-008  1.5977291e-008  1.5032985e-008  1.4875459e-008  1.4829781e-008  1.4892894e-008  1.6144512e-008  1.5726103e-008  1.6006662e-008  1.6189187e-008  1.5075445e-008  1.2774622e-008  1.1615561e-008  1.0714625e-008  1.0453033e-008  9.8349048e-009  9.7820949e-009  9.9251091e-009  1.0457927e-008  9.9572044e-009  9.7201975e-009             NaN
  1.5000000e+000  9.3213207e-009  7.9746206e-009  9.9064180e-009  7.6178089e-009  7.6255886e-009  7.6560714e-009  8.3824345e-009  9.0304227e-009  1.0862742e-008  1.2043442e-008  1.3618126e-008  1.3923082e-008  1.3983556e-008  1.3546446e-008  1.2905513e-008  1.2292080e-008  1.2065767e-008  1.1718137e-008  1.1828337e-008  1.2309329e-008  1.3013462e-008  1.2723099e-008  1.3452811e-008  1.3560293e-008  1.2753228e-008  1.1013048e-008  1.0003428e-008  9.1037096e-009  8.8568780e-009  8.4660572e-009  8.5736646e-009  8.8891249e-009  9.6723880e-009  9.3525893e-009  9.2763039e-009             NaN
  1.0000000e+000  7.1271674e-009  5.6370308e-009  8.3736761e-009  6.4081621e-009  6.6014126e-009  6.6956849e-009  7.2343569e-009  7.5729051e-009  9.3649898e-009  1.0772323e-008  1.2143693e-008  1.1963635e-008  1.1776091e-008  1.1926466e-008  1.0410894e-008  9.8504302e-009  9.4221411e-009  9.3043585e-009  9.2956463e-009  1.0181800e-008  1.0776905e-008  1.1240227e-008  1.1435546e-008  1.1350257e-008  1.0694377e-008  9.1913070e-009  8.4386265e-009  7.6869175e-009  7.4275801e-009  7.0018028e-009  7.0709126e-009  7.5452041e-009  8.3464486e-009  8.4494418e-009  8.0572852e-009             NaN
  7.0000000e-001  4.9342596e-009  4.0968922e-009  6.8963685e-009  5.6805132e-009  6.0356951e-009  6.1146850e-009  6.5301385e-009  6.8916677e-009  8.1020600e-009  9.2359043e-009  1.0695512e-008  1.0011576e-008  9.6079517e-009  8.9342844e-009  7.4635601e-009  7.0396192e-009  6.8529875e-009  6.9017104e-009  7.0712211e-009  7.3411011e-009  8.1382873e-009  8.7855146e-009  9.1457911e-009  8.9416019e-009  8.4332439e-009  7.4945722e-009  6.9556294e-009  6.2928874e-009  6.2102114e-009  5.8604620e-009  5.8637258e-009  6.0976069e-009  7.0453971e-009  7.8012936e-009  6.8081078e-009             NaN
  5.0000000e-001  3.5749704e-009  2.1677787e-009  5.3853794e-009  4.9748376e-009  5.3024389e-009  5.4981277e-009  6.2463189e-009  6.1922130e-009  7.1362805e-009  8.1872732e-009  9.1800176e-009  8.4280788e-009  7.5988544e-009  6.6776932e-009  5.4455360e-009  5.2805334e-009  4.6156240e-009  4.9077531e-009  4.9087089e-009  5.4297863e-009  5.9536728e-009  6.4391379e-009  6.9419552e-009  6.6253066e-009  6.2473185e-009  5.8626570e-009  5.1291532e-009  4.7835727e-009  4.7067701e-009  4.6461318e-009  4.5845834e-009  4.6180014e-009  5.8358119e-009  8.8060717e-009  5.5547769e-009             NaN
  3.0000000e-001  2.8836057e-009  1.4139804e-009  3.6827463e-009  4.3634480e-009  4.6174184e-009  5.2728637e-009  6.4882933e-009  6.5706598e-009  6.4685812e-009  6.6635293e-009  7.3674760e-009  5.8348964e-009  5.3702617e-009  4.3975107e-009  3.9959916e-009  3.8130581e-009  4.1837495e-009  3.6440398e-009  3.5844466e-009  3.6587936e-009  4.3099422e-009  4.4036844e-009  4.7742253e-009  4.7315893e-009  4.7646026e-009  4.0191751e-009  3.7341206e-009  3.2902273e-009  3.5545877e-009  3.5370070e-009  3.4421469e-009  3.5261480e-009  4.7318345e-009  1.0256195e-008  4.5718297e-009             NaN
  2.0000000e-001  3.5362863e-009  1.7007883e-009  3.0903419e-009  4.7172929e-009  4.8860350e-009  6.0707438e-009  7.1231028e-009  7.1102401e-009  5.3937449e-009  5.2094230e-009  5.4068803e-009  5.1467499e-009  2.7475563e-009  4.2680128e-009  3.8773856e-009  3.7108931e-009  4.1772762e-009  4.3447274e-009  3.6667434e-009  3.5279451e-009  3.1831299e-009  3.6738249e-009  3.7144520e-009  3.4317052e-009  3.2203698e-009  3.0534897e-009  3.1401496e-009  2.9229311e-009  3.0820653e-009  3.4463641e-009  3.4548428e-009  3.5422379e-009  4.7995272e-009  1.0870496e-008  4.7148068e-009             NaN
  1.5000000e-001  5.8291178e-009  2.1415719e-009  4.0094644e-009  5.0963916e-009  5.8714830e-009  7.7832838e-009  9.0812564e-009  9.6434251e-009  4.3626369e-009  4.2912167e-009  3.9715823e-009  5.0209564e-009  6.3067409e-009  5.3620160e-009  3.2222547e-009  4.5372965e-009  5.3107312e-009  4.2994734e-009  4.4850306e-009  3.9931103e-009  4.1023250e-009  4.0073928e-009  3.3738839e-009  3.1876005e-009  3.5419566e-009  3.6681873e-009  3.2707324e-009  3.4367896e-009  3.5575275e-009  3.9219439e-009  3.6290473e-009  4.1218408e-009  5.7008635e-009  1.0008446e-008  5.9889244e-009             NaN
  1.0000000e-001  8.9616202e-009  2.9109751e-009  5.2377584e-009  6.7076857e-009  7.8270220e-009  1.0502004e-008  1.2366739e-008  1.1812068e-008  4.4748010e-009  4.2384069e-009  3.6376524e-009  5.9615061e-009  8.0744842e-009  8.5628994e-009  3.0853510e-009  1.5636569e-009  5.7379300e-009  6.3227977e-009  4.9222144e-009  4.6108476e-009  5.2508134e-009  4.5026229e-009  4.3350030e-009  4.6349716e-009  4.5525140e-009  4.7688461e-009  4.2018713e-009  4.4598161e-009  3.8670986e-009  4.7168508e-009  4.6829726e-009  4.8566300e-009  6.7607013e-009  1.0916947e-008  1.0148558e-008             NaN
             NaN -8.7500000e+001 -8.2500000e+001 -7.7500000e+001 -7.2500000e+001 -6.7500000e+001 -6.2500000e+001 -5.7500000e+001 -5.2500000e+001 -4.7500000e+001 -4.2500000e+001 -3.7500000e+001 -3.2500000e+001 -2.7500000e+001 -2.2500000e+001 -1.7500000e+001 -1.2500000e+001 -7.5000000e+000 -2.5000000e+000  2.5000000e+000  7.5000000e+000  1.2500000e+001  1.7500000e+001  2.2500000e+001  2.7500000e+001  3.2500000e+001  3.7500000e+001  4.2500000e+001  4.7500000e+001  5.2500000e+001  5.7500000e+001  6.2500000e+001  6.7500000e+001  7.2500000e+001  7.7500000e+001  8.2500000e+001  8.7500000e+001
  1.0000000e+003             NaN             NaN             NaN             NaN             NaN             NaN             NaN             NaN             NaN             NaN             NaN             NaN             NaN             NaN             NaN             NaN             NaN             NaN             NaN             NaN             NaN             NaN             NaN             NaN             NaN             NaN             NaN             NaN             NaN             NaN             NaN             NaN             NaN             NaN             NaN             NaN
  8.5000000e+002             NaN             NaN             NaN             NaN             NaN             NaN             NaN             NaN             NaN             NaN             NaN             NaN             NaN             NaN             NaN             NaN             NaN             NaN             NaN             NaN             NaN             NaN             NaN             NaN             NaN             NaN             NaN             NaN             NaN             NaN             NaN             NaN             NaN             NaN             NaN             NaN
  7.0000000e+002             NaN             NaN             NaN             NaN             NaN             NaN             NaN             NaN             NaN             NaN             NaN             NaN             NaN             NaN             NaN             NaN             NaN             NaN             NaN             NaN             NaN             NaN             NaN             NaN             NaN             NaN             NaN             NaN             NaN             NaN             NaN             NaN             NaN             NaN             NaN             NaN
  5.0000000e+002             NaN             NaN             NaN             NaN             NaN             NaN             NaN             NaN             NaN             NaN             NaN             NaN             NaN             NaN             NaN             NaN             NaN             NaN             NaN             NaN             NaN             NaN             NaN             NaN             NaN             NaN             NaN             NaN             NaN             NaN             NaN             NaN             NaN             NaN             NaN             NaN
  4.0000000e+002             NaN             NaN             NaN             NaN             NaN             NaN             NaN             NaN             NaN             NaN             NaN             NaN             NaN             NaN             NaN             NaN             NaN             NaN             NaN             NaN             NaN             NaN             NaN             NaN             NaN             NaN             NaN             NaN             NaN             NaN             NaN             NaN             NaN             NaN             NaN             NaN
  3.0000000e+002             NaN             NaN             NaN             NaN             NaN             NaN             NaN             NaN             NaN             NaN             NaN             NaN             NaN             NaN             NaN             NaN             NaN             NaN             NaN             NaN             NaN             NaN             NaN             NaN             NaN             NaN             NaN             NaN             NaN             NaN             NaN             NaN             NaN             NaN             NaN             NaN
  2.5000000e+002             NaN             NaN             NaN             NaN             NaN             NaN             NaN             NaN             NaN             NaN             NaN             NaN             NaN             NaN             NaN             NaN             NaN             NaN             NaN             NaN             NaN             NaN             NaN             NaN             NaN             NaN             NaN             NaN             NaN             NaN             NaN             NaN             NaN             NaN             NaN             NaN
  2.0000000e+002             NaN             NaN             NaN             NaN             NaN             NaN             NaN             NaN             NaN             NaN             NaN             NaN             NaN             NaN             NaN             NaN             NaN             NaN             NaN             NaN             NaN             NaN             NaN             NaN             NaN             NaN             NaN             NaN             NaN             NaN             NaN             NaN             NaN             NaN             NaN             NaN
  1.7000000e+002             NaN             NaN             NaN             NaN             NaN             NaN             NaN             NaN             NaN             NaN             NaN             NaN             NaN             NaN             NaN             NaN             NaN             NaN             NaN             NaN             NaN             NaN             NaN             NaN             NaN             NaN             NaN             NaN             NaN             NaN             NaN             NaN             NaN             NaN             NaN             NaN
  1.5000000e+002             NaN             NaN             NaN             NaN             NaN             NaN             NaN             NaN             NaN             NaN             NaN             NaN             NaN             NaN             NaN             NaN  1.1697464e-010             NaN             NaN             NaN             NaN             NaN             NaN             NaN             NaN             NaN             NaN             NaN             NaN             NaN             NaN             NaN             NaN             NaN             NaN             NaN
  1.3000000e+002             NaN             NaN             NaN             NaN             NaN             NaN             NaN             NaN             NaN             NaN             NaN             NaN             NaN  7.1436344e-011  8.3032703e-011  6.5100453e-011  3.2266231e-011  2.1810188e-010  1.3568193e-010             NaN  2.6076474e-010  8.0597060e-011  8.0483912e-011             NaN             NaN             NaN             NaN             NaN             NaN             NaN             NaN             NaN             NaN             NaN             NaN             NaN
  1.1500000e+002             NaN             NaN             NaN             NaN             NaN  4.2949862e-010  4.4042540e-010  3.9224730e-010  3.0545352e-010  4.7123386e-010  2.1544027e-010  1.8969505e-010  2.4673354e-011             NaN             NaN             NaN  1.1465010e-010             NaN             NaN  2.8328261e-010  6.3931805e-011  5.3967487e-011  9.6428927e-011  1.6580732e-010  3.0623046e-010  4.6689961e-010  6.3718581e-010  5.1290445e-010  6.0574677e-010  6.4341394e-010  7.2006903e-010  7.1818634e-010  9.9618891e-010             NaN             NaN             NaN
  1.0000000e+002  8.9319043e-010  8.5480952e-010  1.0456587e-009  6.4306507e-010  5.7256579e-010  5.9450108e-010  5.3168232e-010  2.7656883e-010  2.1729866e-010  5.4205180e-010  2.9118015e-010  2.3924058e-010  4.0924684e-011  7.8711109e-011  1.6239876e-010  9.7536903e-011  3.4455631e-011  4.4171626e-011  1.3078462e-010  1.0461470e-010  7.2953541e-011  6.1769399e-011  1.0669431e-010  2.5819913e-010  4.6180290e-010  4.5999689e-010  4.6075289e-010  5.3854101e-010  6.2677304e-010  6.7169044e-010  7.9184855e-010  8.1574133e-010  1.2792778e-009  1.4048499e-009  1.7317593e-009             NaN
  9.0000000e+001  4.2991934e-010  9.2471364e-010  1.2462677e-009  4.9775118e-010  7.9112852e-010  6.9738562e-010  5.9779535e-010  4.9888245e-010  4.3645988e-010  5.8958803e-010  5.9216911e-011  5.1621721e-010  1.8335094e-010  1.1197052e-010  1.3245011e-010  4.8723967e-011  1.0246739e-010  5.9170155e-011  1.0225194e-010  1.1593435e-010  9.5674231e-011  7.5815063e-011  1.7051175e-010  1.3635078e-010  2.0658782e-010  5.3511173e-010  4.3559096e-010  5.4449645e-010  4.8226583e-010  6.8130769e-010  8.1831153e-010  8.7233794e-010  1.3819809e-009  1.3068360e-009  1.0870848e-009             NaN
  8.0000000e+001  8.5734931e-010  8.3610025e-010  8.5383695e-010  7.8165693e-010  9.2003055e-010  8.5207515e-010  7.3420657e-010  5.3768473e-010  5.3866310e-010  5.2903874e-010  3.9437521e-010             NaN             NaN             NaN             NaN             NaN             NaN             NaN             NaN             NaN             NaN  5.4503497e-011  2.9208416e-010  4.0400430e-010  6.4423112e-010  6.5544961e-010  6.3790571e-010  5.5818305e-010  5.9571302e-010  6.8044157e-010  6.8114528e-010  7.0543911e-010  1.2091933e-009  1.6540499e-009  1.3897313e-009             NaN
  7.0000000e+001  1.1393007e-009  9.5929030e-010  1.3037983e-009  8.8496851e-010  9.4400351e-010  9.3808201e-010  9.5794786e-010  6.6340244e-010  6.4679092e-010  8.9336890e-010  7.6351107e-010  6.4175234e-010  6.5587867e-010  3.8288658e-010  2.4800838e-010  1.4782779e-010  1.5751497e-010  1.2499331e-010  1.2483561e-010  1.5892261e-010  2.1859035e-010  3.8912856e-010  4.9503508e-010  6.5579618e-010  6.6339479e-010  6.3622804e-010  6.6363001e-010  6.0806384e-010  5.8053518e-010  6.9987482e-010  7.6807514e-010  7.6732112e-010  1.1207938e-009  1.6231388e-009  1.5078236e-009             NaN
  5.0000000e+001  9.8589338e-010  6.7456350e-010  1.0391248e-009  9.4710813e-010  1.0836612e-009  1.0233127e-009  1.1007950e-009  1.0006979e-009  1.2049021e-009  9.8272667e-010  1.2268737e-009  9.7875718e-010  8.5055371e-010  3.4426375e-010  3.5957616e-010  1.9169944e-010  2.3753223e-010  1.6616278e-010  1.8744465e-010  2.1447874e-010  3.2205983e-010  4.6763835e-010  6.9411188e-010  6.0849952e-010  6.1083855e-010  6.5252039e-010  6.4416204e-010  6.4371299e-010  7.2767091e-010  6.6225401e-010  6.9532796e-010  7.6350121e-010  1.0010508e-009  1.2482946e-009  1.3466629e-009             NaN
  3.0000000e+001  9.1825461e-010  9.4561646e-010  9.4691590e-010  6.4296817e-010  7.3747307e-010  7.4248888e-010  8.5926617e-010  6.2621543e-010  8.0125573e-010  8.4782624e-010  1.0498032e-009  9.5751907e-010  7.5753951e-010  5.7390818e-010  4.2643405e-010  3.4231058e-010  2.3060184e-010  2.6089173e-010  2.8602490e-010  2.9417233e-010  2.8723848e-010  7.4135413e-010  8.2939307e-010  8.5780102e-010  6.4803254e-010  5.6045270e-010  5.6656228e-010  5.2622021e-010  5.9737695e-010  6.8030601e-010  7.8840485e-010  8.8463987e-010  1.3691984e-009  1.3713027e-009  1.3579914e-009             NaN
  2.0000000e+001  9.5921275e-010  9.4639092e-010  9.2211275e-010  7.0411052e-010  7.5279494e-010  7.7962759e-010  8.3159929e-010  7.5585809e-010  9.1561167e-010  8.5943376e-010  8.5970192e-010  1.2658158e-009  7.6346844e-010  6.1847365e-010  5.3177368e-010  3.6073008e-010  2.5626787e-010  2.3264215e-010  3.3157731e-010  3.2458294e-010  3.9954414e-010  5.9686735e-010  7.3983093e-010  7.9750287e-010  7.2752858e-010  5.8963206e-010  6.0998588e-010  5.4210684e-010  7.0086631e-010  8.1954928e-010  9.4098973e-010  1.0117939e-009  1.9588981e-009  2.2325128e-009  2.0457721e-009             NaN
  1.5000000e+001  1.1267454e-009  8.6941085e-010  1.0318074e-009  8.5822530e-010  9.6280012e-010  9.5162036e-010  9.1892737e-010  7.8387288e-010  7.1967496e-010  7.3520391e-010  8.0254344e-010  9.6672599e-010  4.5149527e-010  6.0419789e-010  5.3673590e-010  5.5042577e-010  5.0947983e-010  5.0907432e-010  5.9913201e-010  5.9765327e-010  7.3680304e-010  7.3424256e-010  6.2503736e-010  6.4587730e-010  5.9442423e-010  5.8419683e-010  6.0912297e-010  6.3931927e-010  6.8722324e-010  7.5719020e-010  8.6967412e-010  9.1566780e-010  1.8481519e-009  2.3638814e-009  1.9278343e-009             NaN
  1.0000000e+001  1.0560770e-009  1.0056954e-009  1.2633675e-009  9.2271932e-010  9.5523804e-010  9.3435414e-010  8.6788088e-010  7.9809071e-010  8.7324136e-010  8.7106188e-010  8.3142840e-010  8.4274103e-010  6.6487395e-010  5.9136261e-010  7.8446468e-010  5.3760418e-010  5.5116437e-010  4.7870734e-010  7.0997915e-010  7.8665360e-010  8.8143447e-010  8.6404633e-010  6.6986952e-010  5.5158114e-010  4.8344804e-010  4.7562509e-010  4.7504347e-010  4.4737756e-010  5.8856126e-010  6.8732126e-010  8.3646479e-010  8.5437043e-010  1.6200832e-009  1.9639104e-009  1.5345716e-009             NaN
  7.0000000e+000  7.1527325e-010  7.7288348e-010  1.0960349e-009  7.2548667e-010  8.3548619e-010  8.1990533e-010  7.4545304e-010  6.6996108e-010  6.3327338e-010  6.1375605e-010  7.9424000e-010  8.8708819e-010  5.3635802e-010  7.3783182e-010  5.8872724e-010  7.6989972e-010  7.6712818e-010  7.2700202e-010  8.0408680e-010  8.1833221e-010  7.2885964e-010  7.0839383e-010  5.7771260e-010  5.6240301e-010  5.6073201e-010  6.6013543e-010  6.4261392e-010  5.4945698e-010  6.0809308e-010  6.4060547e-010  7.2280684e-010  7.6359990e-010  1.3343036e-009  1.5087730e-009  1.3072943e-009             NaN
  5.0000000e+000  6.4082018e-010  7.3219043e-010  1.1051267e-009  5.9244574e-010  7.3865975e-010  7.4162202e-010  7.3913273e-010  6.5309925e-010  7.5427168e-010  8.2522908e-010  9.5588494e-010  7.7108349e-010  5.8178756e-010  6.9652966e-010  7.9198304e-010  8.0681215e-010  7.6125548e-010  7.6062371e-010  7.6841749e-010  7.0581159e-010  7.1831813e-010  6.8634030e-010  7.2028765e-010  6.7317515e-010  6.4261930e-010  8.5516206e-010  7.5389612e-010  6.1863180e-010  6.7708568e-010  6.6252114e-010  7.0000044e-010  7.8014088e-010  1.2167455e-009  1.2558778e-009  1.1388980e-009             NaN
  3.0000000e+000  4.4153955e-010  6.4203515e-010  1.0609013e-009  5.5558506e-010  6.4446676e-010  6.0138910e-010  7.1159979e-010  6.0717594e-010  7.6107336e-010  8.9597019e-010  8.8421082e-010  9.9214667e-010  6.0084393e-010  6.5743309e-010  7.1208327e-010  5.8814382e-010  7.0696488e-010  5.8540900e-010  6.1952741e-010  7.1646355e-010  7.2930593e-010  6.6273165e-010  7.7159481e-010  8.1116718e-010  8.8288986e-010  1.0968661e-009  8.1620554e-010  6.6599009e-010  8.7631167e-010  7.6100232e-010  7.3748642e-010  9.0685119e-010  1.3568161e-009  1.2917876e-009  9.9249408e-010             NaN
  2.0000000e+000  4.5622808e-010  6.8484257e-010  1.2059415e-009  6.1812547e-010  6.1639586e-010  6.1177191e-010  7.9593460e-010  7.5502741e-010  9.3536299e-010  1.0322623e-009  1.0143205e-009  1.2284790e-009  5.0339368e-010  6.0755104e-010  6.7508580e-010  5.4688156e-010  5.4080127e-010  6.4538127e-010  8.6856187e-010  9.4743672e-010  8.8505697e-010  5.1374597e-010  7.4176269e-010  8.0307262e-010  9.3165364e-010  1.1390315e-009  7.5406303e-010  6.0778556e-010  8.6251498e-010  9.9047417e-010  5.6604791e-010  8.1203191e-010  1.6393030e-009  1.5702119e-009  9.1731143e-010             NaN
  1.5000000e+000  5.2658218e-010  8.7952849e-010  1.1549020e-009  7.0733563e-010  6.8216285e-010  5.9602278e-010  6.9781613e-010  7.1387165e-010  6.1357926e-010  5.8378325e-010  6.4136550e-010  8.6214630e-010  5.6812650e-010  4.7904192e-010  3.7767424e-010  3.5281233e-010  6.8022098e-010  3.6906192e-010  5.4181345e-010  4.8493192e-010  6.6842071e-010  4.4424988e-010  8.0584004e-010  7.9867320e-010  7.5346380e-010  7.7560868e-010  7.5319045e-010  6.0181852e-010  9.9960558e-010  1.0056532e-009  7.0732964e-010  8.9480003e-010  1.9694054e-009  2.1929565e-009  1.1366949e-009             NaN
  1.0000000e+000  7.3874982e-010  1.1004633e-009  1.2665717e-009  7.4154538e-010  7.5039329e-010  6.1405051e-010  6.2976838e-010  5.7456165e-010  6.5694760e-010  5.3897518e-010  5.9933232e-010  9.8302269e-010  5.8618931e-010  4.0345387e-010  4.8375538e-010  7.6161697e-010  6.1474868e-010  5.3618628e-010  5.8972032e-010  6.6121089e-010  7.3150616e-010  6.0488618e-010  8.3405715e-010  7.3917190e-010  6.8114692e-010  7.0617215e-010  6.7632071e-010  5.8041808e-010  8.0258775e-010  8.4055876e-010  7.5395031e-010  8.8523302e-010  1.7692259e-009  2.6101354e-009  1.2310216e-009             NaN
  7.0000000e-001  8.3234902e-010  1.5175027e-009  1.2727792e-009  7.3113326e-010  7.7385797e-010  6.8621572e-010  6.8079793e-010  4.2936438e-010  6.5965853e-010  7.8689922e-010  1.2662667e-009  1.0369000e-009  5.9757729e-010  3.2454053e-010  5.9579257e-010  8.2903376e-010  4.7467579e-010  4.8292622e-010  6.3012353e-010  7.2679886e-010  7.6441341e-010  6.7960080e-010  6.7135877e-010  6.5205762e-010  7.0662589e-010  6.3225638e-010  7.2108156e-010  6.8169359e-010  5.5557480e-010  7.5085515e-010  6.9076241e-010  7.7757333e-010  1.7258165e-009  2.5822293e-009  1.1156060e-009             NaN
  5.0000000e-001  8.4597133e-010  1.9910785e-009  1.1702475e-009  7.4375722e-010  8.0500577e-010  8.6587971e-010  7.9687279e-010  5.6859552e-010  8.4238430e-010  1.0864860e-009  1.0040036e-009  1.3316505e-009  6.7231106e-010  5.9834894e-010  5.5026226e-010  6.6591223e-010  4.0192153e-010  6.1137037e-010  6.4657735e-010  8.8706604e-010  8.7010050e-010  7.7643190e-010  7.4826067e-010  6.6062182e-010  6.5417405e-010  6.9884775e-010  6.5237250e-010  6.8324451e-010  5.9261003e-010  7.4452206e-010  6.8932816e-010  7.7807935e-010  1.4455403e-009  7.7848532e-009  1.2913595e-009             NaN
  3.0000000e-001  8.4039383e-010  1.5289304e-009  1.0671948e-009  9.3106349e-010  1.0112687e-009  1.3078153e-009  1.4328811e-009  1.3983576e-009  1.0212056e-009  1.0621030e-009  1.2924661e-009  1.5086385e-009  1.3085859e-009  7.0666042e-010  4.2339546e-010  5.3159831e-010  5.6417175e-010  7.2198086e-010  6.7787872e-010  5.5647297e-010  8.1704484e-010  6.5313316e-010  7.2164901e-010  8.0773039e-010  7.9047196e-010  7.8971099e-010  7.5200468e-010  6.0515478e-010  6.8176403e-010  7.2743080e-010  7.0983370e-010  8.3253796e-010  1.5973496e-009  1.1727767e-008  1.5336999e-009             NaN
  2.0000000e-001  8.1027118e-010  1.1478660e-009  8.6789269e-010  1.1330934e-009  1.2903672e-009  1.8951459e-009  2.0890455e-009  1.9510517e-009  1.4043672e-009  1.0940456e-009  1.2040340e-009  1.4065830e-009  2.2850448e-009  4.0866456e-010  3.9498083e-010  2.0236575e-009  9.0146114e-010  6.3948302e-010  8.7166199e-010  6.1574277e-010  4.7952673e-010  6.5380302e-010  7.1378459e-010  6.3985919e-010  6.2611488e-010  5.2940622e-010  4.9172130e-010  5.4468577e-010  5.3582286e-010  7.6832229e-010  7.5337187e-010  8.8173347e-010  2.0312787e-009  9.7097505e-009  1.6982034e-009             NaN
  1.5000000e-001  1.8762539e-009  4.6810877e-009  1.2224815e-009  1.2984078e-009  1.5934275e-009  2.6678661e-009  3.1881078e-009  4.5345152e-009  1.3238023e-009  9.2874194e-010  1.0670910e-009  2.0097952e-009  2.0986026e-010  7.3602858e-010  3.6934039e-009  6.2344192e-010  4.9875908e-010  7.5288921e-010  8.6639165e-010  6.8199126e-010  8.0599289e-010  5.8672431e-010  3.2191346e-010  9.6649192e-010  7.6742646e-010  6.2816738e-010  4.2474762e-010  6.4881216e-010  5.4532740e-010  7.6895529e-010  6.1695974e-010  9.9239174e-010  2.4030876e-009  6.8246100e-009  3.1467443e-009             NaN
  1.0000000e-001  2.3819842e-009  6.0039755e-009  3.5641621e-009  1.8297291e-009  2.1905669e-009  3.6348459e-009  4.7269364e-009  7.6121704e-009  9.6650145e-010  9.4560762e-010  4.7470131e-010  2.2063304e-009  1.6187211e-010  1.4006677e-009  1.3389300e-009  3.5924053e-009  3.0323883e-010  6.7460007e-010  3.4032565e-010  5.0951988e-010  9.3695057e-010  3.9248500e-010  8.1643629e-010  6.1991416e-010  7.5335961e-010  8.4022919e-010  5.3012925e-010  6.4964029e-010  4.7863398e-010  1.7408400e-009  8.8617052e-010  2.6602092e-009  2.4666253e-009  7.0121382e-009  8.0028452e-009             NaN
             NaN -8.7500000e+001 -8.2500000e+001 -7.7500000e+001 -7.2500000e+001 -6.7500000e+001 -6.2500000e+001 -5.7500000e+001 -5.2500000e+001 -4.7500000e+001 -4.2500000e+001 -3.7500000e+001 -3.2500000e+001 -2.7500000e+001 -2.2500000e+001 -1.7500000e+001 -1.2500000e+001 -7.5000000e+000 -2.5000000e+000  2.5000000e+000  7.5000000e+000  1.2500000e+001  1.7500000e+001  2.2500000e+001  2.7500000e+001  3.2500000e+001  3.7500000e+001  4.2500000e+001  4.7500000e+001  5.2500000e+001  5.7500000e+001  6.2500000e+001  6.7500000e+001  7.2500000e+001  7.7500000e+001  8.2500000e+001  8.7500000e+001
  1.0000000e+003             NaN             NaN             NaN             NaN             NaN             NaN             NaN             NaN             NaN             NaN             NaN             NaN             NaN             NaN             NaN             NaN             NaN             NaN             NaN             NaN             NaN             NaN             NaN             NaN             NaN             NaN             NaN             NaN             NaN             NaN             NaN             NaN             NaN             NaN             NaN             NaN
  8.5000000e+002             NaN             NaN             NaN             NaN             NaN             NaN             NaN             NaN             NaN             NaN             NaN             NaN             NaN             NaN             NaN             NaN             NaN             NaN             NaN             NaN             NaN             NaN             NaN             NaN             NaN             NaN             NaN             NaN             NaN             NaN             NaN             NaN             NaN             NaN             NaN             NaN
  7.0000000e+002             NaN             NaN             NaN             NaN             NaN             NaN             NaN             NaN             NaN             NaN             NaN             NaN             NaN             NaN             NaN             NaN             NaN             NaN             NaN             NaN             NaN             NaN             NaN             NaN             NaN             NaN             NaN             NaN             NaN             NaN             NaN             NaN             NaN             NaN             NaN             NaN
  5.0000000e+002             NaN             NaN             NaN             NaN             NaN             NaN             NaN             NaN             NaN             NaN             NaN             NaN             NaN             NaN             NaN             NaN             NaN             NaN             NaN             NaN             NaN             NaN             NaN             NaN             NaN             NaN             NaN             NaN             NaN             NaN             NaN             NaN             NaN             NaN             NaN             NaN
  4.0000000e+002             NaN             NaN             NaN             NaN             NaN             NaN             NaN             NaN             NaN             NaN             NaN             NaN             NaN             NaN             NaN             NaN             NaN             NaN             NaN             NaN             NaN             NaN             NaN             NaN             NaN             NaN             NaN             NaN             NaN             NaN             NaN             NaN             NaN             NaN             NaN             NaN
  3.0000000e+002             NaN             NaN             NaN             NaN             NaN             NaN             NaN             NaN             NaN             NaN             NaN             NaN             NaN             NaN             NaN             NaN             NaN             NaN             NaN             NaN             NaN             NaN             NaN             NaN             NaN             NaN             NaN             NaN             NaN             NaN             NaN             NaN             NaN             NaN             NaN             NaN
  2.5000000e+002             NaN             NaN             NaN             NaN             NaN             NaN             NaN             NaN             NaN             NaN             NaN             NaN             NaN             NaN             NaN             NaN             NaN             NaN             NaN             NaN             NaN             NaN             NaN             NaN             NaN             NaN             NaN             NaN             NaN             NaN             NaN             NaN             NaN             NaN             NaN             NaN
  2.0000000e+002             NaN             NaN             NaN             NaN             NaN             NaN             NaN             NaN             NaN             NaN             NaN             NaN             NaN             NaN             NaN             NaN             NaN             NaN             NaN             NaN             NaN             NaN             NaN             NaN             NaN             NaN             NaN             NaN             NaN             NaN             NaN             NaN             NaN             NaN             NaN             NaN
  1.7000000e+002             NaN             NaN             NaN             NaN             NaN             NaN             NaN             NaN             NaN             NaN             NaN             NaN             NaN             NaN             NaN             NaN             NaN             NaN             NaN             NaN             NaN             NaN             NaN             NaN             NaN             NaN             NaN             NaN             NaN             NaN             NaN             NaN             NaN             NaN             NaN             NaN
  1.5000000e+002             NaN             NaN             NaN             NaN             NaN             NaN             NaN             NaN             NaN             NaN             NaN             NaN             NaN             NaN             NaN             NaN  1.6408254e+001             NaN             NaN             NaN             NaN             NaN             NaN             NaN             NaN             NaN             NaN             NaN             NaN             NaN             NaN             NaN             NaN             NaN             NaN             NaN
  1.3000000e+002             NaN             NaN             NaN             NaN             NaN             NaN             NaN             NaN             NaN             NaN             NaN             NaN             NaN  1.4968954e+001  1.7604958e+001  1.7847853e+001  9.2671709e+000  8.1329322e+001  2.1892457e+001             NaN  4.2366146e+001  1.8930467e+001  1.4260034e+001             NaN             NaN             NaN             NaN             NaN             NaN             NaN             NaN             NaN             NaN             NaN             NaN             NaN
  1.1500000e+002             NaN             NaN             NaN             NaN             NaN  1.8561193e+001  1.8553771e+001  2.2721010e+001  2.5287884e+001  4.0851507e+001  3.0869143e+001  2.5914386e+001  3.8298996e+000             NaN             NaN             NaN  3.0304513e+001             NaN             NaN  3.0956252e+001  1.7444374e+001  1.3534457e+001  1.9256489e+001  2.4283208e+001  2.7379433e+001  2.7987809e+001  2.5828636e+001  1.8107756e+001  1.8670580e+001  1.7841436e+001  1.8945468e+001  1.7169782e+001  1.6598672e+001             NaN             NaN             NaN
  1.0000000e+002  1.7015649e+001  1.8175802e+001  2.2520606e+001  1.5839932e+001  1.6231955e+001  1.8385066e+001  1.7783801e+001  1.1422289e+001  1.3130333e+001  3.7248390e+001  2.9562955e+001  2.4049955e+001  7.0558963e+000  1.3528291e+001  3.4952364e+001  2.4037621e+001  9.4158617e+000  1.2353966e+001  3.0926367e+001  2.8115524e+001  1.4793237e+001  1.6083020e+001  1.9355607e+001  3.0905044e+001  3.1740793e+001  2.4819010e+001  1.9010369e+001  1.9250913e+001  1.8508365e+001  1.5709489e+001  1.8875602e+001  1.6209156e+001  1.9539676e+001  2.1325136e+001  2.2353513e+001             NaN
  9.0000000e+001  6.8651069e+000  1.6650422e+001  2.3560727e+001  9.5136897e+000  1.6178667e+001  1.7845594e+001  1.7195929e+001  1.6118675e+001  2.0737729e+001  3.0291040e+001  5.1475868e+000  4.0625050e+001  1.6186360e+001  1.3470272e+001  1.9917076e+001  1.0642285e+001  2.1592301e+001  1.0511532e+001  2.7400121e+001  2.7814963e+001  2.0814811e+001  1.3985073e+001  2.6187519e+001  1.8223602e+001  2.6968053e+001  1.4554060e+001  1.2951245e+001  1.4486335e+001  1.2015483e+001  1.4517443e+001  1.6903931e+001  1.6400086e+001  2.0658493e+001  1.9562067e+001  1.4594148e+001             NaN
  8.0000000e+001  1.1657460e+001  1.2066485e+001  1.2877777e+001  1.2500252e+001  1.5631838e+001  1.6469400e+001  1.6061787e+001  1.2498755e+001  1.8291521e+001  2.1912036e+001  2.3794602e+001             NaN             NaN             NaN             NaN             NaN             NaN             NaN             NaN             NaN             NaN  5.0506503e+000  2.4529977e+001  2.3330672e+001  2.7724500e+001  2.2777159e+001  1.7214891e+001  1.2638701e+001  1.2402078e+001  1.2795839e+001  1.2657012e+001  1.2058412e+001  1.5903550e+001  2.1426025e+001  1.6304902e+001             NaN
  7.0000000e+001  1.1880116e+001  1.0010598e+001  1.5031036e+001  1.0908105e+001  1.2593095e+001  1.3950998e+001  1.5000992e+001  1.1876394e+001  1.4102008e+001  2.1733323e+001  2.5666422e+001  2.3571980e+001  2.5625841e+001  1.9774698e+001  1.9071314e+001  1.4537246e+001  1.4752451e+001  1.6412909e+001  1.6092228e+001  1.7515654e+001  1.8853065e+001  2.3528409e+001  2.2905512e+001  2.0858178e+001  1.7574624e+001  1.4211342e+001  1.2441939e+001  1.0428806e+001  9.1775010e+000  1.0463292e+001  1.0780964e+001  1.0166559e+001  1.2856043e+001  1.8092450e+001  1.5790445e+001             NaN
  5.0000000e+001  7.3991437e+000  5.1077988e+000  8.4278906e+000  8.1102194e+000  9.8980911e+000  1.0036811e+001  1.1613629e+001  1.1173962e+001  1.4258700e+001  1.3181662e+001  1.8342282e+001  1.6779059e+001  1.5463521e+001  8.5395747e+000  1.1173185e+001  8.9775655e+000  1.1183276e+001  9.6848207e+000  1.1135314e+001  1.0545015e+001  1.2341203e+001  1.2140817e+001  1.4321430e+001  9.9017653e+000  8.5422810e+000  8.5634638e+000  7.9340878e+000  7.6228444e+000  8.2609093e+000  7.2900382e+000  7.4426068e+000  7.8613733e+000  9.8487391e+000  1.2047842e+001  1.2584203e+001             NaN
  3.0000000e+001  5.8696507e+000  5.9899738e+000  6.4024122e+000  4.5123765e+000  5.2504525e+000  5.4312874e+000  6.6120764e+000  5.0573938e+000  6.5325003e+000  7.3465181e+000  1.0426917e+001  1.0635783e+001  9.3515265e+000  9.1138376e+000  7.9205224e+000  8.6765236e+000  6.4369384e+000  7.9034908e+000  8.1216279e+000  7.2570118e+000  6.1678221e+000  1.2096711e+001  1.1408895e+001  1.0183191e+001  6.5964462e+000  5.3135442e+000  5.2182893e+000  4.7660244e+000  5.3381643e+000  6.0007522e+000  6.9476747e+000  7.7970458e+000  1.1400103e+001  1.1177736e+001  1.1502077e+001             NaN
  2.0000000e+001  5.7616542e+000  5.8440523e+000  5.6755093e+000  4.4993450e+000  4.8110975e+000  5.0081724e+000  5.5868168e+000  5.1880667e+000  6.3785179e+000  6.1861347e+000  7.0567485e+000  1.0546831e+001  6.7619938e+000  7.0465301e+000  7.0552772e+000  5.9958717e+000  4.9959052e+000  4.8989500e+000  6.2563101e+000  5.8615135e+000  6.2979204e+000  7.8422957e+000  8.2553482e+000  8.1278780e+000  6.3196496e+000  4.7175968e+000  4.8817677e+000  4.3300582e+000  5.5014687e+000  6.5176177e+000  7.4313207e+000  7.9545248e+000  1.5290026e+001  1.7518904e+001  1.7955444e+001             NaN
  1.5000000e+001  6.5024957e+000  5.1109511e+000  6.0627826e+000  5.1449616e+000  5.8489085e+000  5.7291526e+000  5.6731684e+000  4.8337509e+000  4.4265282e+000  4.6527251e+000  5.5002636e+000  6.4729912e+000  3.1956042e+000  4.8016863e+000  4.9925293e+000  6.2453073e+000  6.5188153e+000  7.2353551e+000  7.9713923e+000  7.6930417e+000  8.0737350e+000  7.2847234e+000  5.4615470e+000  5.1997022e+000  4.4603254e+000  4.1934937e+000  4.3991515e+000  4.6350976e+000  4.9988503e+000  5.5638211e+000  6.4433653e+000  6.7354118e+000  1.4190596e+001  1.8158403e+001  1.6928357e+001             NaN
  1.0000000e+001  6.1020691e+000  5.9144689e+000  7.3192246e+000  5.4896161e+000  5.7722933e+000  5.5726109e+000  5.1501534e+000  4.6931766e+000  5.0804297e+000  5.0833505e+000  5.0547705e+000  5.1295444e+000  4.2955704e+000  3.9324099e+000  5.7938978e+000  4.5908350e+000  5.1467376e+000  4.6488136e+000  6.7073825e+000  6.8662801e+000  6.8965924e+000  6.8102028e+000  4.8913524e+000  3.8994801e+000  3.3521404e+000  3.3087829e+000  3.3631487e+000  3.1686799e+000  4.2642596e+000  4.9974689e+000  6.1011037e+000  6.2961904e+000  1.2676375e+001  1.5621382e+001  1.3531611e+001             NaN
  7.0000000e+000  4.3122186e+000  4.8376120e+000  6.6098376e+000  4.6298269e+000  5.3645170e+000  5.1959542e+000  4.6239586e+000  4.0086338e+000  3.6467280e+000  3.4872558e+000  4.5209589e+000  5.0409133e+000  3.0706184e+000  4.3967740e+000  3.6764560e+000  5.2685456e+000  5.5253899e+000  5.2919545e+000  5.7217883e+000  5.5655710e+000  4.6416856e+000  4.6952568e+000  3.7270609e+000  3.5883105e+000  3.6377812e+000  4.5456411e+000  4.6518465e+000  3.9725330e+000  4.6074546e+000  4.8712833e+000  5.4934696e+000  5.8641373e+000  1.0725866e+001  1.2742201e+001  1.1659457e+001             NaN
  5.0000000e+000  4.1491622e+000  5.1167114e+000  7.2241686e+000  4.4108539e+000  5.5728094e+000  5.5492205e+000  5.2737777e+000  4.3448310e+000  4.6978538e+000  4.9658683e+000  5.6175272e+000  4.5296448e+000  3.1894872e+000  3.8964695e+000  4.4498224e+000  4.6041918e+000  4.4461109e+000  4.5103029e+000  4.5054489e+000  4.1340274e+000  4.2290232e+000  4.0422564e+000  4.3217893e+000  4.0321235e+000  4.0154432e+000  6.0180130e+000  5.7588952e+000  4.7703682e+000  5.6068593e+000  5.4791984e+000  5.7856997e+000  6.3460814e+000  1.0132297e+001  1.1049679e+001  1.0432169e+001             NaN
  3.0000000e+000  3.4323684e+000  5.6896798e+000  8.3939424e+000  5.0177287e+000  6.0301799e+000  5.5426906e+000  6.1315677e+000  4.9190659e+000  5.3085256e+000  5.9804224e+000  5.5399034e+000  6.2810672e+000  3.4214687e+000  3.7655067e+000  4.0072553e+000  3.3500695e+000  4.1992113e+000  3.5546115e+000  3.8291698e+000  4.2665550e+000  4.2934052e+000  3.8810878e+000  4.5473897e+000  4.8134578e+000  5.5492163e+000  8.0920370e+000  6.6328689e+000  5.6890763e+000  7.9634265e+000  7.1387150e+000  6.8556962e+000  8.2516214e+000  1.2013490e+001  1.2180441e+001  9.5105288e+000             NaN
  2.0000000e+000  4.1934048e+000  7.2824347e+000  1.0866219e+001  6.6793075e+000  6.9242600e+000  6.7608071e+000  7.9226623e+000  7.0587258e+000  7.1568391e+000  7.3329092e+000  6.3193633e+000  7.9928040e+000  2.9529528e+000  3.7374315e+000  4.1598182e+000  3.4228678e+000  3.5974311e+000  4.3385638e+000  5.8568758e+000  6.3616696e+000  5.4820917e+000  3.2668358e+000  4.6340874e+000  4.9605493e+000  6.1799413e+000  8.9163621e+000  6.4918345e+000  5.6724854e+000  8.2513372e+000  1.0071009e+001  5.7865714e+000  8.1815918e+000  1.5675219e+001  1.5769605e+001  9.4371686e+000             NaN
  1.5000000e+000  5.6492228e+000  1.1029095e+001  1.1658119e+001  9.2852898e+000  8.9457074e+000  7.7849688e+000  8.3247430e+000  7.9051854e+000  5.6484749e+000  4.8473124e+000  4.7096458e+000  6.1922090e+000  4.0628184e+000  3.5362922e+000  2.9264567e+000  2.8702411e+000  5.6376109e+000  3.1494932e+000  4.5806394e+000  3.9395478e+000  5.1363789e+000  3.4916799e+000  5.9901236e+000  5.8897932e+000  5.9080241e+000  7.0426342e+000  7.5293236e+000  6.6106955e+000  1.1286207e+001  1.1878649e+001  8.2500270e+000  1.0066233e+001  2.0361109e+001  2.3447587e+001  1.2253748e+001             NaN
  1.0000000e+000  1.0365265e+001  1.9522039e+001  1.5125635e+001  1.1571889e+001  1.1367162e+001  9.1708395e+000  8.7052434e+000  7.5870705e+000  7.0149313e+000  5.0033327e+000  4.9353382e+000  8.2167559e+000  4.9777919e+000  3.3828450e+000  4.6466268e+000  7.7318143e+000  6.5245115e+000  5.7627431e+000  6.3440486e+000  6.4940471e+000  6.7877200e+000  5.3814410e+000  7.2935487e+000  6.5123805e+000  6.3692063e+000  7.6830439e+000  8.0145828e+000  7.5507260e+000  1.0805508e+001  1.2004891e+001  1.0662702e+001  1.1732393e+001  2.1197350e+001  3.0891217e+001  1.5278367e+001             NaN
  7.0000000e-001  1.6868772e+001  3.7040337e+001  1.8455789e+001  1.2870902e+001  1.2821356e+001  1.1222421e+001  1.0425475e+001  6.2301956e+000  8.1418619e+000  8.5200019e+000  1.1839234e+001  1.0357011e+001  6.2196117e+000  3.6325297e+000  7.9826861e+000  1.1776685e+001  6.9265526e+000  6.9971963e+000  8.9110993e+000  9.9004066e+000  9.3928044e+000  7.7354695e+000  7.3406309e+000  7.2924028e+000  8.3790520e+000  8.4361904e+000  1.0366877e+001  1.0832763e+001  8.9461496e+000  1.2812218e+001  1.1780265e+001  1.2752107e+001  2.4495659e+001  3.3100014e+001  1.6386433e+001             NaN
  5.0000000e-001  2.3663730e+001  9.1848788e+001  2.1730084e+001  1.4950382e+001  1.5181802e+001  1.5748629e+001  1.2757478e+001  9.1824283e+000  1.1804249e+001  1.3270426e+001  1.0936837e+001  1.5800167e+001  8.8475319e+000  8.9604137e+000  1.0104832e+001  1.2610700e+001  8.7078481e+000  1.2457236e+001  1.3172045e+001  1.6337034e+001  1.4614517e+001  1.2058010e+001  1.0778817e+001  9.9711887e+000  1.0471277e+001  1.1920325e+001  1.2718912e+001  1.4283143e+001  1.2590588e+001  1.6024558e+001  1.5035786e+001  1.6848833e+001  2.4770165e+001  8.8403246e+001  2.3247730e+001             NaN
  3.0000000e-001  2.9143853e+001  1.0812953e+002  2.8978232e+001  2.1337793e+001  2.1901171e+001  2.4802753e+001  2.2084099e+001  2.1281845e+001  1.5787165e+001  1.5939046e+001  1.7542861e+001  2.5855446e+001  2.4367266e+001  1.6069556e+001  1.0595504e+001  1.3941521e+001  1.3484836e+001  1.9812650e+001  1.8911670e+001  1.5209193e+001  1.8957211e+001  1.4831516e+001  1.5115521e+001  1.7071017e+001  1.6590512e+001  1.9648584e+001  2.0138735e+001  1.8392492e+001  1.9179834e+001  2.0566281e+001  2.0621831e+001  2.3610409e+001  3.3757511e+001  1.1434812e+002  3.3546742e+001             NaN
  2.0000000e-001  2.2913054e+001  6.7490231e+001  2.8084035e+001  2.4019993e+001  2.6409290e+001  3.1217689e+001  2.9327746e+001  2.7440026e+001  2.6036960e+001  2.1001282e+001  2.2268552e+001  2.7329539e+001  8.3166444e+001  9.5750548e+000  1.0186782e+001  5.4532896e+001  2.1580118e+001  1.4718599e+001  2.3772102e+001  1.7453298e+001  1.5064630e+001  1.7796249e+001  1.9216417e+001  1.8645517e+001  1.9442329e+001  1.7337744e+001  1.5659168e+001  1.8634917e+001  1.7385188e+001  2.2293706e+001  2.1806256e+001  2.4891989e+001  4.2322474e+001  8.9322053e+001  3.6018514e+001             NaN
  1.5000000e-001  3.2187613e+001  2.1858186e+002  3.0489895e+001  2.5477002e+001  2.7138416e+001  3.4276870e+001  3.5106462e+001  4.7021832e+001  3.0344086e+001  2.1642858e+001  2.6868157e+001  4.0028136e+001  3.3275549e+000  1.3726714e+001  1.1462172e+002  1.3740383e+001  9.3915331e+000  1.7511196e+001  1.9317408e+001  1.7079199e+001  1.9647222e+001  1.4641048e+001  9.5413320e+000  3.0320359e+001  2.1666738e+001  1.7124736e+001  1.2986315e+001  1.8878437e+001  1.5328832e+001  1.9606484e+001  1.7000598e+001  2.4076421e+001  4.2153045e+001  6.8188505e+001  5.2542728e+001             NaN
  1.0000000e-001  2.6579839e+001  2.0625307e+002  6.8047470e+001  2.7278098e+001  2.7987234e+001  3.4610973e+001  3.8222981e+001  6.4444013e+001  2.1598758e+001  2.2310449e+001  1.3049661e+001  3.7009614e+001  2.0047363e+000  1.6357400e+001  4.3396361e+001  2.2974383e+002  5.2848123e+000  1.0669329e+001  6.9140761e+000  1.1050460e+001  1.7843913e+001  8.7168082e+000  1.8833581e+001  1.3374713e+001  1.6548211e+001  1.7619130e+001  1.2616504e+001  1.4566527e+001  1.2377083e+001  3.6906827e+001  1.8923248e+001  5.4774795e+001  3.6484755e+001  6.4231678e+001  7.8856972e+001             NaN
             NaN -8.7500000e+001 -8.2500000e+001 -7.7500000e+001 -7.2500000e+001 -6.7500000e+001 -6.2500000e+001 -5.7500000e+001 -5.2500000e+001 -4.7500000e+001 -4.2500000e+001 -3.7500000e+001 -3.2500000e+001 -2.7500000e+001 -2.2500000e+001 -1.7500000e+001 -1.2500000e+001 -7.5000000e+000 -2.5000000e+000  2.5000000e+000  7.5000000e+000  1.2500000e+001  1.7500000e+001  2.2500000e+001  2.7500000e+001  3.2500000e+001  3.7500000e+001  4.2500000e+001  4.7500000e+001  5.2500000e+001  5.7500000e+001  6.2500000e+001  6.7500000e+001  7.2500000e+001  7.7500000e+001  8.2500000e+001  8.7500000e+001
  1.0000000e+003  0.0000000e+000  0.0000000e+000  0.0000000e+000  0.0000000e+000  0.0000000e+000  0.0000000e+000  0.0000000e+000  0.0000000e+000  0.0000000e+000  0.0000000e+000  0.0000000e+000  0.0000000e+000  0.0000000e+000  0.0000000e+000  0.0000000e+000  0.0000000e+000  0.0000000e+000  0.0000000e+000  0.0000000e+000  0.0000000e+000  0.0000000e+000  0.0000000e+000  0.0000000e+000  0.0000000e+000  0.0000000e+000  0.0000000e+000  0.0000000e+000  0.0000000e+000  0.0000000e+000  0.0000000e+000  0.0000000e+000  0.0000000e+000  0.0000000e+000  0.0000000e+000  0.0000000e+000  0.0000000e+000
  8.5000000e+002  0.0000000e+000  0.0000000e+000  0.0000000e+000  0.0000000e+000  0.0000000e+000  0.0000000e+000  0.0000000e+000  0.0000000e+000  0.0000000e+000  0.0000000e+000  0.0000000e+000  0.0000000e+000  0.0000000e+000  0.0000000e+000  0.0000000e+000  0.0000000e+000  0.0000000e+000  0.0000000e+000  0.0000000e+000  0.0000000e+000  0.0000000e+000  0.0000000e+000  0.0000000e+000  0.0000000e+000  0.0000000e+000  0.0000000e+000  0.0000000e+000  0.0000000e+000  0.0000000e+000  0.0000000e+000  0.0000000e+000  0.0000000e+000  0.0000000e+000  0.0000000e+000  0.0000000e+000  0.0000000e+000
  7.0000000e+002  0.0000000e+000  0.0000000e+000  0.0000000e+000  0.0000000e+000  0.0000000e+000  0.0000000e+000  0.0000000e+000  0.0000000e+000  0.0000000e+000  0.0000000e+000  0.0000000e+000  0.0000000e+000  0.0000000e+000  0.0000000e+000  0.0000000e+000  0.0000000e+000  0.0000000e+000  0.0000000e+000  0.0000000e+000  0.0000000e+000  0.0000000e+000  0.0000000e+000  0.0000000e+000  0.0000000e+000  0.0000000e+000  0.0000000e+000  0.0000000e+000  0.0000000e+000  0.0000000e+000  0.0000000e+000  0.0000000e+000  0.0000000e+000  0.0000000e+000  0.0000000e+000  0.0000000e+000  0.0000000e+000
  5.0000000e+002  0.0000000e+000  0.0000000e+000  0.0000000e+000  0.0000000e+000  0.0000000e+000  0.0000000e+000  0.0000000e+000  0.0000000e+000  0.0000000e+000  0.0000000e+000  0.0000000e+000  0.0000000e+000  0.0000000e+000  0.0000000e+000  0.0000000e+000  0.0000000e+000  0.0000000e+000  0.0000000e+000  0.0000000e+000  0.0000000e+000  0.0000000e+000  0.0000000e+000  0.0000000e+000  0.0000000e+000  0.0000000e+000  0.0000000e+000  0.0000000e+000  0.0000000e+000  0.0000000e+000  0.0000000e+000  0.0000000e+000  0.0000000e+000  0.0000000e+000  0.0000000e+000  0.0000000e+000  0.0000000e+000
  4.0000000e+002  0.0000000e+000  0.0000000e+000  0.0000000e+000  0.0000000e+000  0.0000000e+000  0.0000000e+000  0.0000000e+000  0.0000000e+000  0.0000000e+000  0.0000000e+000  0.0000000e+000  0.0000000e+000  0.0000000e+000  0.0000000e+000  0.0000000e+000  0.0000000e+000  0.0000000e+000  0.0000000e+000  0.0000000e+000  0.0000000e+000  0.0000000e+000  0.0000000e+000  0.0000000e+000  0.0000000e+000  0.0000000e+000  0.0000000e+000  0.0000000e+000  0.0000000e+000  0.0000000e+000  0.0000000e+000  0.0000000e+000  0.0000000e+000  0.0000000e+000  0.0000000e+000  0.0000000e+000  0.0000000e+000
  3.0000000e+002  0.0000000e+000  0.0000000e+000  0.0000000e+000  0.0000000e+000  0.0000000e+000  0.0000000e+000  0.0000000e+000  0.0000000e+000  0.0000000e+000  0.0000000e+000  0.0000000e+000  0.0000000e+000  0.0000000e+000  0.0000000e+000  0.0000000e+000  0.0000000e+000  0.0000000e+000  0.0000000e+000  0.0000000e+000  0.0000000e+000  0.0000000e+000  0.0000000e+000  0.0000000e+000  0.0000000e+000  0.0000000e+000  0.0000000e+000  0.0000000e+000  0.0000000e+000  0.0000000e+000  0.0000000e+000  0.0000000e+000  0.0000000e+000  0.0000000e+000  0.0000000e+000  0.0000000e+000  0.0000000e+000
  2.5000000e+002  0.0000000e+000  0.0000000e+000  0.0000000e+000  0.0000000e+000  0.0000000e+000  0.0000000e+000  0.0000000e+000  0.0000000e+000  0.0000000e+000  0.0000000e+000  0.0000000e+000  0.0000000e+000  0.0000000e+000  0.0000000e+000  0.0000000e+000  0.0000000e+000  0.0000000e+000  0.0000000e+000  0.0000000e+000  0.0000000e+000  0.0000000e+000  0.0000000e+000  0.0000000e+000  0.0000000e+000  0.0000000e+000  0.0000000e+000  0.0000000e+000  0.0000000e+000  0.0000000e+000  0.0000000e+000  0.0000000e+000  0.0000000e+000  0.0000000e+000  0.0000000e+000  0.0000000e+000  0.0000000e+000
  2.0000000e+002  0.0000000e+000  0.0000000e+000  0.0000000e+000  0.0000000e+000  0.0000000e+000  0.0000000e+000  0.0000000e+000  0.0000000e+000  0.0000000e+000  0.0000000e+000  0.0000000e+000  0.0000000e+000  0.0000000e+000  0.0000000e+000  0.0000000e+000  0.0000000e+000  0.0000000e+000  0.0000000e+000  0.0000000e+000  0.0000000e+000  0.0000000e+000  0.0000000e+000  0.0000000e+000  0.0000000e+000  0.0000000e+000  0.0000000e+000  0.0000000e+000  0.0000000e+000  0.0000000e+000  0.0000000e+000  0.0000000e+000  0.0000000e+000  0.0000000e+000  0.0000000e+000  0.0000000e+000  0.0000000e+000
  1.7000000e+002  0.0000000e+000  0.0000000e+000  0.0000000e+000  0.0000000e+000  0.0000000e+000  0.0000000e+000  0.0000000e+000  0.0000000e+000  0.0000000e+000  0.0000000e+000  0.0000000e+000  0.0000000e+000  0.0000000e+000  0.0000000e+000  0.0000000e+000  0.0000000e+000  0.0000000e+000  0.0000000e+000  0.0000000e+000  0.0000000e+000  0.0000000e+000  0.0000000e+000  0.0000000e+000  0.0000000e+000  0.0000000e+000  0.0000000e+000  0.0000000e+000  0.0000000e+000  0.0000000e+000  0.0000000e+000  0.0000000e+000  0.0000000e+000  0.0000000e+000  0.0000000e+000  0.0000000e+000  0.0000000e+000
  1.5000000e+002  0.0000000e+000  0.0000000e+000  0.0000000e+000  0.0000000e+000  0.0000000e+000  0.0000000e+000  0.0000000e+000  0.0000000e+000  0.0000000e+000  0.0000000e+000  0.0000000e+000  0.0000000e+000  0.0000000e+000  0.0000000e+000  0.0000000e+000  0.0000000e+000  0.0000000e+000  0.0000000e+000  0.0000000e+000  0.0000000e+000  0.0000000e+000  0.0000000e+000  0.0000000e+000  0.0000000e+000  0.0000000e+000  0.0000000e+000  0.0000000e+000  0.0000000e+000  0.0000000e+000  0.0000000e+000  0.0000000e+000  0.0000000e+000  0.0000000e+000  0.0000000e+000  0.0000000e+000  0.0000000e+000
  1.3000000e+002  0.0000000e+000  0.0000000e+000  0.0000000e+000  0.0000000e+000  0.0000000e+000  0.0000000e+000  0.0000000e+000  0.0000000e+000  0.0000000e+000  0.0000000e+000  0.0000000e+000  0.0000000e+000  0.0000000e+000  0.0000000e+000  0.0000000e+000  0.0000000e+000  0.0000000e+000  0.0000000e+000  0.0000000e+000  0.0000000e+000  0.0000000e+000  0.0000000e+000  0.0000000e+000  0.0000000e+000  0.0000000e+000  0.0000000e+000  0.0000000e+000  0.0000000e+000  0.0000000e+000  0.0000000e+000  0.0000000e+000  0.0000000e+000  0.0000000e+000  0.0000000e+000  0.0000000e+000  0.0000000e+000
  1.1500000e+002  0.0000000e+000  0.0000000e+000  0.0000000e+000  0.0000000e+000  0.0000000e+000  0.0000000e+000  0.0000000e+000  0.0000000e+000  0.0000000e+000  0.0000000e+000  0.0000000e+000  0.0000000e+000  0.0000000e+000  0.0000000e+000  0.0000000e+000  0.0000000e+000  0.0000000e+000  0.0000000e+000  0.0000000e+000  0.0000000e+000  0.0000000e+000  0.0000000e+000  0.0000000e+000  0.0000000e+000  0.0000000e+000  0.0000000e+000  0.0000000e+000  0.0000000e+000  0.0000000e+000  0.0000000e+000  0.0000000e+000  0.0000000e+000  0.0000000e+000  0.0000000e+000  0.0000000e+000  0.0000000e+000
  1.0000000e+002  0.0000000e+000  0.0000000e+000  0.0000000e+000  0.0000000e+000  0.0000000e+000  0.0000000e+000  0.0000000e+000  0.0000000e+000  0.0000000e+000  0.0000000e+000  0.0000000e+000  0.0000000e+000  0.0000000e+000  0.0000000e+000  0.0000000e+000  0.0000000e+000  0.0000000e+000  0.0000000e+000  0.0000000e+000  0.0000000e+000  0.0000000e+000  0.0000000e+000  0.0000000e+000  0.0000000e+000  0.0000000e+000  0.0000000e+000  0.0000000e+000  0.0000000e+000  0.0000000e+000  0.0000000e+000  0.0000000e+000  0.0000000e+000  0.0000000e+000  0.0000000e+000  0.0000000e+000  0.0000000e+000
  9.0000000e+001  0.0000000e+000  0.0000000e+000  0.0000000e+000  0.0000000e+000  0.0000000e+000  0.0000000e+000  0.0000000e+000  0.0000000e+000  0.0000000e+000  0.0000000e+000  0.0000000e+000  0.0000000e+000  0.0000000e+000  0.0000000e+000  0.0000000e+000  0.0000000e+000  0.0000000e+000  0.0000000e+000  0.0000000e+000  0.0000000e+000  0.0000000e+000  0.0000000e+000  0.0000000e+000  0.0000000e+000  0.0000000e+000  0.0000000e+000  0.0000000e+000  0.0000000e+000  0.0000000e+000  0.0000000e+000  0.0000000e+000  0.0000000e+000  0.0000000e+000  0.0000000e+000  0.0000000e+000  0.0000000e+000
  8.0000000e+001  0.0000000e+000  0.0000000e+000  0.0000000e+000  0.0000000e+000  0.0000000e+000  0.0000000e+000  0.0000000e+000  0.0000000e+000  0.0000000e+000  0.0000000e+000  0.0000000e+000  0.0000000e+000  0.0000000e+000  0.0000000e+000  0.0000000e+000  0.0000000e+000  0.0000000e+000  0.0000000e+000  0.0000000e+000  0.0000000e+000  0.0000000e+000  0.0000000e+000  0.0000000e+000  0.0000000e+000  0.0000000e+000  0.0000000e+000  0.0000000e+000  0.0000000e+000  0.0000000e+000  0.0000000e+000  0.0000000e+000  0.0000000e+000  0.0000000e+000  0.0000000e+000  0.0000000e+000  0.0000000e+000
  7.0000000e+001  0.0000000e+000  0.0000000e+000  0.0000000e+000  0.0000000e+000  0.0000000e+000  0.0000000e+000  0.0000000e+000  0.0000000e+000  0.0000000e+000  0.0000000e+000  0.0000000e+000  0.0000000e+000  0.0000000e+000  0.0000000e+000  0.0000000e+000  0.0000000e+000  0.0000000e+000  0.0000000e+000  0.0000000e+000  0.0000000e+000  0.0000000e+000  0.0000000e+000  0.0000000e+000  0.0000000e+000  0.0000000e+000  0.0000000e+000  0.0000000e+000  0.0000000e+000  0.0000000e+000  0.0000000e+000  0.0000000e+000  0.0000000e+000  0.0000000e+000  0.0000000e+000  0.0000000e+000  0.0000000e+000
  5.0000000e+001  0.0000000e+000  0.0000000e+000  0.0000000e+000  0.0000000e+000  0.0000000e+000  0.0000000e+000  0.0000000e+000  0.0000000e+000  0.0000000e+000  0.0000000e+000  0.0000000e+000  0.0000000e+000  0.0000000e+000  0.0000000e+000  0.0000000e+000  0.0000000e+000  0.0000000e+000  0.0000000e+000  0.0000000e+000  0.0000000e+000  0.0000000e+000  0.0000000e+000  0.0000000e+000  0.0000000e+000  0.0000000e+000  0.0000000e+000  0.0000000e+000  0.0000000e+000  0.0000000e+000  0.0000000e+000  0.0000000e+000  0.0000000e+000  0.0000000e+000  0.0000000e+000  0.0000000e+000  0.0000000e+000
  3.0000000e+001  0.0000000e+000  0.0000000e+000  0.0000000e+000  0.0000000e+000  0.0000000e+000  0.0000000e+000  0.0000000e+000  0.0000000e+000  0.0000000e+000  0.0000000e+000  0.0000000e+000  0.0000000e+000  0.0000000e+000  0.0000000e+000  0.0000000e+000  0.0000000e+000  0.0000000e+000  0.0000000e+000  0.0000000e+000  0.0000000e+000  0.0000000e+000  0.0000000e+000  0.0000000e+000  0.0000000e+000  0.0000000e+000  0.0000000e+000  0.0000000e+000  0.0000000e+000  0.0000000e+000  0.0000000e+000  0.0000000e+000  0.0000000e+000  0.0000000e+000  0.0000000e+000  0.0000000e+000  0.0000000e+000
  2.0000000e+001  0.0000000e+000  0.0000000e+000  0.0000000e+000  0.0000000e+000  0.0000000e+000  0.0000000e+000  0.0000000e+000  0.0000000e+000  0.0000000e+000  0.0000000e+000  0.0000000e+000  0.0000000e+000  0.0000000e+000  0.0000000e+000  0.0000000e+000  0.0000000e+000  0.0000000e+000  0.0000000e+000  0.0000000e+000  0.0000000e+000  0.0000000e+000  0.0000000e+000  0.0000000e+000  0.0000000e+000  0.0000000e+000  0.0000000e+000  0.0000000e+000  0.0000000e+000  0.0000000e+000  0.0000000e+000  0.0000000e+000  0.0000000e+000  0.0000000e+000  0.0000000e+000  0.0000000e+000  0.0000000e+000
  1.5000000e+001  0.0000000e+000  0.0000000e+000  0.0000000e+000  0.0000000e+000  0.0000000e+000  0.0000000e+000  0.0000000e+000  0.0000000e+000  0.0000000e+000  0.0000000e+000  0.0000000e+000  0.0000000e+000  0.0000000e+000  0.0000000e+000  0.0000000e+000  0.0000000e+000  0.0000000e+000  0.0000000e+000  0.0000000e+000  0.0000000e+000  0.0000000e+000  0.0000000e+000  0.0000000e+000  0.0000000e+000  0.0000000e+000  0.0000000e+000  0.0000000e+000  0.0000000e+000  0.0000000e+000  0.0000000e+000  0.0000000e+000  0.0000000e+000  0.0000000e+000  0.0000000e+000  0.0000000e+000  0.0000000e+000
  1.0000000e+001  0.0000000e+000  0.0000000e+000  0.0000000e+000  0.0000000e+000  0.0000000e+000  0.0000000e+000  0.0000000e+000  0.0000000e+000  0.0000000e+000  0.0000000e+000  0.0000000e+000  0.0000000e+000  0.0000000e+000  0.0000000e+000  0.0000000e+000  0.0000000e+000  0.0000000e+000  0.0000000e+000  0.0000000e+000  0.0000000e+000  0.0000000e+000  0.0000000e+000  0.0000000e+000  0.0000000e+000  0.0000000e+000  0.0000000e+000  0.0000000e+000  0.0000000e+000  0.0000000e+000  0.0000000e+000  0.0000000e+000  0.0000000e+000  0.0000000e+000  0.0000000e+000  0.0000000e+000  0.0000000e+000
  7.0000000e+000  0.0000000e+000  0.0000000e+000  0.0000000e+000  0.0000000e+000  0.0000000e+000  0.0000000e+000  0.0000000e+000  0.0000000e+000  0.0000000e+000  0.0000000e+000  0.0000000e+000  0.0000000e+000  0.0000000e+000  0.0000000e+000  0.0000000e+000  0.0000000e+000  0.0000000e+000  0.0000000e+000  0.0000000e+000  0.0000000e+000  0.0000000e+000  0.0000000e+000  0.0000000e+000  0.0000000e+000  0.0000000e+000  0.0000000e+000  0.0000000e+000  0.0000000e+000  0.0000000e+000  0.0000000e+000  0.0000000e+000  0.0000000e+000  0.0000000e+000  0.0000000e+000  0.0000000e+000  0.0000000e+000
  5.0000000e+000  0.0000000e+000  0.0000000e+000  0.0000000e+000  0.0000000e+000  0.0000000e+000  0.0000000e+000  0.0000000e+000  0.0000000e+000  0.0000000e+000  0.0000000e+000  0.0000000e+000  0.0000000e+000  0.0000000e+000  0.0000000e+000  0.0000000e+000  0.0000000e+000  0.0000000e+000  0.0000000e+000  0.0000000e+000  0.0000000e+000  0.0000000e+000  0.0000000e+000  0.0000000e+000  0.0000000e+000  0.0000000e+000  0.0000000e+000  0.0000000e+000  0.0000000e+000  0.0000000e+000  0.0000000e+000  0.0000000e+000  0.0000000e+000  0.0000000e+000  0.0000000e+000  0.0000000e+000  0.0000000e+000
  3.0000000e+000  0.0000000e+000  0.0000000e+000  0.0000000e+000  0.0000000e+000  0.0000000e+000  0.0000000e+000  0.0000000e+000  0.0000000e+000  0.0000000e+000  0.0000000e+000  0.0000000e+000  0.0000000e+000  0.0000000e+000  0.0000000e+000  0.0000000e+000  0.0000000e+000  0.0000000e+000  0.0000000e+000  0.0000000e+000  0.0000000e+000  0.0000000e+000  0.0000000e+000  0.0000000e+000  0.0000000e+000  0.0000000e+000  0.0000000e+000  0.0000000e+000  0.0000000e+000  0.0000000e+000  0.0000000e+000  0.0000000e+000  0.0000000e+000  0.0000000e+000  0.0000000e+000  0.0000000e+000  0.0000000e+000
  2.0000000e+000  0.0000000e+000  0.0000000e+000  0.0000000e+000  0.0000000e+000  0.0000000e+000  0.0000000e+000  0.0000000e+000  0.0000000e+000  0.0000000e+000  0.0000000e+000  0.0000000e+000  0.0000000e+000  0.0000000e+000  0.0000000e+000  0.0000000e+000  0.0000000e+000  0.0000000e+000  0.0000000e+000  0.0000000e+000  0.0000000e+000  0.0000000e+000  0.0000000e+000  0.0000000e+000  0.0000000e+000  0.0000000e+000  0.0000000e+000  0.0000000e+000  0.0000000e+000  0.0000000e+000  0.0000000e+000  0.0000000e+000  0.0000000e+000  0.0000000e+000  0.0000000e+000  0.0000000e+000  0.0000000e+000
  1.5000000e+000  0.0000000e+000  0.0000000e+000  0.0000000e+000  0.0000000e+000  0.0000000e+000  0.0000000e+000  0.0000000e+000  0.0000000e+000  0.0000000e+000  0.0000000e+000  0.0000000e+000  0.0000000e+000  0.0000000e+000  0.0000000e+000  0.0000000e+000  0.0000000e+000  0.0000000e+000  0.0000000e+000  0.0000000e+000  0.0000000e+000  0.0000000e+000  0.0000000e+000  0.0000000e+000  0.0000000e+000  0.0000000e+000  0.0000000e+000  0.0000000e+000  0.0000000e+000  0.0000000e+000  0.0000000e+000  0.0000000e+000  0.0000000e+000  0.0000000e+000  0.0000000e+000  0.0000000e+000  0.0000000e+000
  1.0000000e+000  0.0000000e+000  0.0000000e+000  0.0000000e+000  0.0000000e+000  0.0000000e+000  0.0000000e+000  0.0000000e+000  0.0000000e+000  0.0000000e+000  0.0000000e+000  0.0000000e+000  0.0000000e+000  0.0000000e+000  0.0000000e+000  0.0000000e+000  0.0000000e+000  0.0000000e+000  0.0000000e+000  0.0000000e+000  0.0000000e+000  0.0000000e+000  0.0000000e+000  0.0000000e+000  0.0000000e+000  0.0000000e+000  0.0000000e+000  0.0000000e+000  0.0000000e+000  0.0000000e+000  0.0000000e+000  0.0000000e+000  0.0000000e+000  0.0000000e+000  0.0000000e+000  0.0000000e+000  0.0000000e+000
  7.0000000e-001  0.0000000e+000  0.0000000e+000  0.0000000e+000  0.0000000e+000  0.0000000e+000  0.0000000e+000  0.0000000e+000  0.0000000e+000  0.0000000e+000  0.0000000e+000  0.0000000e+000  0.0000000e+000  0.0000000e+000  0.0000000e+000  0.0000000e+000  0.0000000e+000  0.0000000e+000  0.0000000e+000  0.0000000e+000  0.0000000e+000  0.0000000e+000  0.0000000e+000  0.0000000e+000  0.0000000e+000  0.0000000e+000  0.0000000e+000  0.0000000e+000  0.0000000e+000  0.0000000e+000  0.0000000e+000  0.0000000e+000  0.0000000e+000  0.0000000e+000  0.0000000e+000  0.0000000e+000  0.0000000e+000
  5.0000000e-001  0.0000000e+000  0.0000000e+000  0.0000000e+000  0.0000000e+000  0.0000000e+000  0.0000000e+000  0.0000000e+000  0.0000000e+000  0.0000000e+000  0.0000000e+000  0.0000000e+000  0.0000000e+000  0.0000000e+000  0.0000000e+000  0.0000000e+000  0.0000000e+000  0.0000000e+000  0.0000000e+000  0.0000000e+000  0.0000000e+000  0.0000000e+000  0.0000000e+000  0.0000000e+000  0.0000000e+000  0.0000000e+000  0.0000000e+000  0.0000000e+000  0.0000000e+000  0.0000000e+000  0.0000000e+000  0.0000000e+000  0.0000000e+000  0.0000000e+000  0.0000000e+000  0.0000000e+000  0.0000000e+000
  3.0000000e-001  0.0000000e+000  0.0000000e+000  0.0000000e+000  0.0000000e+000  0.0000000e+000  0.0000000e+000  0.0000000e+000  0.0000000e+000  0.0000000e+000  0.0000000e+000  0.0000000e+000  0.0000000e+000  0.0000000e+000  0.0000000e+000  0.0000000e+000  0.0000000e+000  0.0000000e+000  0.0000000e+000  0.0000000e+000  0.0000000e+000  0.0000000e+000  0.0000000e+000  0.0000000e+000  0.0000000e+000  0.0000000e+000  0.0000000e+000  0.0000000e+000  0.0000000e+000  0.0000000e+000  0.0000000e+000  0.0000000e+000  0.0000000e+000  0.0000000e+000  0.0000000e+000  0.0000000e+000  0.0000000e+000
  2.0000000e-001  0.0000000e+000  0.0000000e+000  0.0000000e+000  0.0000000e+000  0.0000000e+000  0.0000000e+000  0.0000000e+000  0.0000000e+000  0.0000000e+000  0.0000000e+000  0.0000000e+000  0.0000000e+000  0.0000000e+000  0.0000000e+000  0.0000000e+000  0.0000000e+000  0.0000000e+000  0.0000000e+000  0.0000000e+000  0.0000000e+000  0.0000000e+000  0.0000000e+000  0.0000000e+000  0.0000000e+000  0.0000000e+000  0.0000000e+000  0.0000000e+000  0.0000000e+000  0.0000000e+000  0.0000000e+000  0.0000000e+000  0.0000000e+000  0.0000000e+000  0.0000000e+000  0.0000000e+000  0.0000000e+000
  1.5000000e-001  0.0000000e+000  0.0000000e+000  0.0000000e+000  0.0000000e+000  0.0000000e+000  0.0000000e+000  0.0000000e+000  0.0000000e+000  0.0000000e+000  0.0000000e+000  0.0000000e+000  0.0000000e+000  0.0000000e+000  0.0000000e+000  0.0000000e+000  0.0000000e+000  0.0000000e+000  0.0000000e+000  0.0000000e+000  0.0000000e+000  0.0000000e+000  0.0000000e+000  0.0000000e+000  0.0000000e+000  0.0000000e+000  0.0000000e+000  0.0000000e+000  0.0000000e+000  0.0000000e+000  0.0000000e+000  0.0000000e+000  0.0000000e+000  0.0000000e+000  0.0000000e+000  0.0000000e+000  0.0000000e+000
  1.0000000e-001  0.0000000e+000  0.0000000e+000  0.0000000e+000  0.0000000e+000  0.0000000e+000  0.0000000e+000  0.0000000e+000  0.0000000e+000  0.0000000e+000  0.0000000e+000  0.0000000e+000  0.0000000e+000  0.0000000e+000  0.0000000e+000  0.0000000e+000  0.0000000e+000  0.0000000e+000  0.0000000e+000  0.0000000e+000  0.0000000e+000  0.0000000e+000  0.0000000e+000  0.0000000e+000  0.0000000e+000  0.0000000e+000  0.0000000e+000  0.0000000e+000  0.0000000e+000  0.0000000e+000  0.0000000e+000  0.0000000e+000  0.0000000e+000  0.0000000e+000  0.0000000e+000  0.0000000e+000  0.0000000e+000
