             NaN -8.7500000e+001 -8.2500000e+001 -7.7500000e+001 -7.2500000e+001 -6.7500000e+001 -6.2500000e+001 -5.7500000e+001 -5.2500000e+001 -4.7500000e+001 -4.2500000e+001 -3.7500000e+001 -3.2500000e+001 -2.7500000e+001 -2.2500000e+001 -1.7500000e+001 -1.2500000e+001 -7.5000000e+000 -2.5000000e+000  2.5000000e+000  7.5000000e+000  1.2500000e+001  1.7500000e+001  2.2500000e+001  2.7500000e+001  3.2500000e+001  3.7500000e+001  4.2500000e+001  4.7500000e+001  5.2500000e+001  5.7500000e+001  6.2500000e+001  6.7500000e+001  7.2500000e+001  7.7500000e+001  8.2500000e+001  8.7500000e+001
  1.0000000e+003             NaN             NaN             NaN             NaN             NaN             NaN             NaN             NaN             NaN             NaN             NaN             NaN             NaN             NaN             NaN             NaN             NaN             NaN             NaN             NaN             NaN             NaN             NaN             NaN             NaN             NaN             NaN             NaN             NaN             NaN             NaN             NaN             NaN             NaN             NaN             NaN
  8.5000000e+002             NaN             NaN             NaN             NaN             NaN             NaN             NaN             NaN             NaN             NaN             NaN             NaN             NaN             NaN             NaN             NaN             NaN             NaN             NaN             NaN             NaN             NaN             NaN             NaN             NaN             NaN             NaN             NaN             NaN             NaN             NaN             NaN             NaN             NaN             NaN             NaN
  7.0000000e+002             NaN             NaN             NaN             NaN             NaN             NaN             NaN             NaN             NaN             NaN             NaN             NaN             NaN             NaN             NaN             NaN             NaN             NaN             NaN             NaN             NaN             NaN             NaN             NaN             NaN             NaN             NaN             NaN             NaN             NaN             NaN             NaN             NaN             NaN             NaN             NaN
  5.0000000e+002             NaN             NaN             NaN             NaN             NaN             NaN             NaN             NaN             NaN             NaN             NaN             NaN             NaN             NaN             NaN             NaN             NaN             NaN             NaN             NaN             NaN             NaN             NaN             NaN             NaN             NaN             NaN             NaN             NaN             NaN             NaN             NaN             NaN             NaN             NaN             NaN
  4.0000000e+002             NaN             NaN             NaN             NaN             NaN             NaN             NaN             NaN             NaN             NaN             NaN  5.8000000e-011             NaN             NaN             NaN             NaN             NaN             NaN             NaN             NaN             NaN             NaN             NaN             NaN             NaN             NaN             NaN             NaN             NaN             NaN             NaN             NaN             NaN             NaN             NaN             NaN
  3.0000000e+002             NaN  2.5857441e-010  2.7466791e-010  2.7339852e-010  2.3326037e-010  2.2486939e-010  1.4701430e-010  1.0933064e-010  6.8584738e-011  5.8325013e-011  6.1620590e-011  4.1146247e-011  4.9155962e-011  4.5963545e-011             NaN  4.8290503e-011             NaN             NaN             NaN             NaN             NaN             NaN             NaN             NaN             NaN             NaN             NaN             NaN             NaN             NaN             NaN             NaN             NaN             NaN             NaN             NaN
  2.5000000e+002             NaN  4.0010613e-010  3.6418120e-010  3.5706874e-010  3.3392445e-010  2.9552459e-010  2.7967127e-010  1.9087217e-010  1.1100078e-010  4.4799918e-011  3.7690185e-011  3.3399868e-011  2.8698464e-011  3.4364090e-011             NaN             NaN             NaN             NaN             NaN             NaN             NaN             NaN             NaN             NaN             NaN             NaN  1.3544980e-010  1.2703245e-010  1.7071664e-010  1.6373164e-010  1.4726351e-010  1.5716870e-010  1.5517763e-010  1.4502111e-010  1.3218995e-010             NaN
  2.0000000e+002             NaN  5.0617873e-010  5.2171700e-010  4.7500331e-010  4.5258782e-010  4.1516027e-010  3.8486043e-010  3.1191692e-010  2.5417648e-010  9.4759995e-011  5.7420536e-011  3.7456178e-011  2.5813816e-011  2.4810471e-011             NaN             NaN             NaN             NaN             NaN             NaN             NaN             NaN             NaN             NaN             NaN  1.5745879e-010  1.7074308e-010  1.8215344e-010  2.0169890e-010  1.9227762e-010  1.7585584e-010  1.8487898e-010  1.7920102e-010  1.9095364e-010  1.2252847e-010             NaN
  1.7000000e+002             NaN             NaN  6.2842006e-010  7.3303322e-010  6.0526291e-010  5.5354841e-010  4.9040076e-010  4.2490487e-010  3.0340643e-010  2.2745524e-010  1.0968878e-010  5.8460771e-011  4.2979097e-011             NaN  7.1661314e-011             NaN             NaN             NaN             NaN             NaN             NaN             NaN             NaN             NaN             NaN  1.9206438e-010  1.9061176e-010  2.6514614e-010  2.5507787e-010  2.7659414e-010  2.6890709e-010  2.5938699e-010  2.5443473e-010  2.3613378e-010             NaN             NaN
  1.5000000e+002             NaN  1.1451307e-009  1.0282240e-009  9.4301973e-010  7.4228932e-010  6.3591017e-010  5.8481789e-010  4.4293479e-010  3.8184007e-010  2.9008991e-010  1.5423669e-010  7.1712237e-011  5.5791879e-011  2.4633720e-011             NaN             NaN             NaN             NaN             NaN             NaN             NaN             NaN             NaN             NaN             NaN  1.7872170e-010  2.4341089e-010  3.3195908e-010  3.3050850e-010  3.9321916e-010  3.5647987e-010  3.7547571e-010  3.6259137e-010  3.6886002e-010  3.6312645e-010             NaN
  1.3000000e+002             NaN  1.3994490e-009  1.2477595e-009  1.1466179e-009  9.2512018e-010  7.9859621e-010  6.1734864e-010  5.3611734e-010  4.8691964e-010  3.8806399e-010  2.5441405e-010  2.2427293e-010  1.7482268e-010  5.6862666e-011  5.9693691e-011             NaN             NaN             NaN             NaN             NaN             NaN             NaN             NaN  2.9413715e-010  2.2857503e-010  2.8794029e-010  3.4759574e-010  3.7007994e-010  4.3827010e-010  4.6910740e-010  4.6887631e-010  4.0941030e-010  4.2810938e-010  4.1723460e-010  4.8841027e-010             NaN
  1.1500000e+002             NaN  2.0400251e-009  1.2282922e-009  1.3630178e-009  1.0866850e-009  8.6092006e-010  8.4072427e-010  6.3320140e-010  5.8588070e-010  4.9116124e-010  3.8237071e-010  2.7741460e-010  1.7492397e-010  8.0267330e-011  1.1635519e-010  5.8224633e-011             NaN             NaN             NaN             NaN             NaN             NaN             NaN  3.3210864e-010  3.1542794e-010  4.0098382e-010  4.5416306e-010  4.6616877e-010  5.0366642e-010  5.6421724e-010  5.3853779e-010  5.3109680e-010  5.0781349e-010  4.6702084e-010  4.8579743e-010             NaN
  1.0000000e+002             NaN  1.6091764e-009  1.7596568e-009  1.8203722e-009  1.1245781e-009  1.0800691e-009  1.0281691e-009  8.2633972e-010  7.9425122e-010  5.8541915e-010  7.0414598e-010  5.1199706e-010  2.2013746e-010  1.2274646e-010             NaN             NaN             NaN             NaN             NaN             NaN             NaN             NaN             NaN  4.7911019e-010  5.3241398e-010  5.0966114e-010  6.5634838e-010  6.5513518e-010  6.8663040e-010  5.7637493e-010  6.7858212e-010  6.7550456e-010  6.0433537e-010  5.3929063e-010  3.4250855e-010             NaN
  9.0000000e+001             NaN  2.5186979e-009  1.1932723e-009  1.4461136e-009  1.3556210e-009  1.2963020e-009  1.0933546e-009  9.6608123e-010  8.8360613e-010  8.5259873e-010  7.6922674e-010  6.2049063e-010             NaN             NaN             NaN             NaN             NaN             NaN             NaN             NaN             NaN             NaN             NaN  5.9399613e-010  6.1146648e-010  7.5173335e-010  7.1627025e-010  7.8024361e-010  7.5087604e-010  7.2429370e-010  7.5538857e-010  6.2193211e-010  4.3069243e-010  4.3284111e-010  2.6245834e-010             NaN
  8.0000000e+001             NaN  1.8651572e-009  1.9153606e-009  1.5202530e-009  1.1869121e-009  1.1586346e-009  1.1126674e-009  1.2031751e-009  1.0814900e-009  1.1345524e-009  1.2352157e-009  8.5557581e-010  4.8223752e-010  3.0116478e-010             NaN             NaN             NaN             NaN             NaN             NaN             NaN             NaN  7.8086614e-010  7.9623835e-010  9.0197943e-010  9.0783632e-010  8.5513648e-010  8.8966527e-010  8.4671958e-010  8.5790303e-010  7.4126072e-010  7.1533325e-010  6.6699130e-010  4.6207591e-010  5.7723877e-010             NaN
  7.0000000e+001             NaN  1.8958324e-009  1.8081834e-009  1.6476174e-009  1.5401345e-009  1.4468001e-009  1.4472305e-009  1.4020504e-009  1.4248713e-009  1.2516739e-009  1.1533105e-009  9.6473845e-010  6.4487796e-010             NaN             NaN             NaN             NaN             NaN             NaN             NaN             NaN             NaN             NaN  1.0853303e-009  1.2036630e-009  1.0981043e-009  1.0813783e-009  1.0644578e-009  1.0149286e-009  1.0842691e-009  1.0320281e-009  6.8990904e-010  4.5006427e-010  5.5243787e-010  3.0459311e-010  8.1842879e-010
  5.0000000e+001             NaN  2.0916574e-009  1.8915664e-009  1.8711690e-009  1.7853312e-009  1.7813282e-009  1.7673253e-009  1.7142804e-009  1.6829928e-009  1.6384913e-009  1.5089973e-009  1.2741526e-009  1.0544703e-009             NaN             NaN             NaN             NaN             NaN             NaN             NaN             NaN             NaN  1.2247163e-009  1.1602411e-009  1.3292656e-009  1.2814800e-009  1.3549717e-009  1.2745472e-009  1.3272447e-009  1.2955189e-009  1.2783132e-009  7.0337361e-010  4.7510599e-010  4.5386088e-010  4.9448699e-010             NaN
  3.0000000e+001             NaN  2.0893545e-009  2.0681972e-009  2.0321011e-009  2.0300454e-009  1.9973752e-009  1.9762134e-009  1.9508319e-009  1.9076691e-009  1.8846312e-009  1.6117077e-009  1.5461398e-009  1.4052637e-009             NaN             NaN             NaN             NaN             NaN             NaN             NaN             NaN             NaN             NaN  1.2535978e-009  1.4285357e-009  1.5150803e-009  1.4859784e-009  1.5735018e-009  1.5714549e-009  1.5944915e-009  1.6103666e-009  1.3627840e-009  6.8060946e-010  8.1440426e-010  4.8798839e-010             NaN
  2.0000000e+001             NaN  2.3020362e-009  2.1777626e-009  2.2844829e-009  2.3183138e-009  2.2041788e-009  2.1863340e-009  2.1475850e-009  2.0304510e-009  1.8787808e-009  1.6819285e-009  1.6090137e-009  1.5454777e-009             NaN             NaN             NaN             NaN             NaN             NaN             NaN             NaN             NaN  1.8001934e-009  1.7890605e-009  1.8741100e-009  1.8931482e-009  1.8541485e-009  1.9182706e-009  2.0052171e-009  1.9800511e-009  2.0339755e-009  1.9170182e-009  1.4503392e-009  1.4613557e-009  1.4193839e-009             NaN
  1.5000000e+001             NaN             NaN  2.5619248e-009  2.5585262e-009  2.5166032e-009  2.4804186e-009  2.4480754e-009  2.3631157e-009  2.1701857e-009  2.1022734e-009  1.9633384e-009  1.8802060e-009  1.8279633e-009             NaN             NaN             NaN             NaN             NaN             NaN             NaN             NaN             NaN  2.5045655e-009  2.3507456e-009  2.3780230e-009  2.2065114e-009  2.3243122e-009  2.1928639e-009  2.2885156e-009  2.2780978e-009  2.2794989e-009  2.2398434e-009  2.1418366e-009  2.0114540e-009  1.9935586e-009             NaN
  1.0000000e+001             NaN             NaN  2.7494620e-009  2.7221031e-009  2.6909236e-009  2.6555769e-009  2.6605963e-009  2.4972820e-009  2.4309372e-009  2.3513595e-009  2.2656509e-009  2.2557640e-009  2.1532909e-009             NaN             NaN             NaN             NaN             NaN             NaN             NaN             NaN  2.6497756e-009  2.7160393e-009  2.5912298e-009  2.5166768e-009  2.5219966e-009  2.5361296e-009  2.4822569e-009  2.4807508e-009  2.5083553e-009  2.4306055e-009  2.3624825e-009  2.3009786e-009  2.3081685e-009  2.3784571e-009  2.4098132e-009
  7.0000000e+000             NaN             NaN  2.9010838e-009  2.8207650e-009  2.8042961e-009  2.8081064e-009  2.7640245e-009  2.6683097e-009  2.6143958e-009  2.5902012e-009  2.5581987e-009  2.4464709e-009             NaN             NaN             NaN             NaN             NaN             NaN             NaN             NaN             NaN             NaN  2.7754605e-009  2.7725130e-009  2.7105159e-009  2.6270371e-009  2.6363716e-009  2.6055961e-009  2.6168704e-009  2.5667101e-009  2.4958680e-009  2.4334927e-009  2.4282747e-009  2.4444211e-009  2.4755678e-009             NaN
  5.0000000e+000             NaN             NaN  2.8936115e-009  2.9071195e-009  2.9167039e-009  2.8944290e-009  2.8748338e-009  2.8097208e-009  2.7831407e-009  2.7735198e-009  2.7681844e-009  2.7650850e-009  2.6638528e-009             NaN             NaN             NaN             NaN             NaN             NaN             NaN             NaN  2.9090839e-009  2.8490157e-009  2.7996766e-009  2.7730100e-009  2.7272950e-009  2.7209396e-009  2.6502294e-009  2.6535925e-009  2.6187277e-009  2.5870661e-009  2.5396932e-009  2.5855138e-009  2.6113232e-009  2.6559711e-009             NaN
  3.0000000e+000             NaN             NaN             NaN  3.0147441e-009  2.9787539e-009  2.9850007e-009  2.9562595e-009  2.9003637e-009  2.9358090e-009  2.9191850e-009  2.9077130e-009  2.9135242e-009  2.9757469e-009             NaN             NaN             NaN             NaN             NaN             NaN             NaN             NaN  2.9798776e-009  2.8799954e-009  2.9458177e-009  2.8761523e-009  2.8679682e-009  2.8587398e-009  2.7990764e-009  2.7932018e-009  2.7701074e-009  2.7726711e-009  2.7888659e-009  2.7840884e-009  2.8758985e-009  2.9453253e-009             NaN
  2.0000000e+000             NaN             NaN             NaN  3.1574982e-009  3.0602619e-009  3.0590206e-009  3.0416906e-009  3.0176642e-009  3.0140446e-009  3.0224248e-009  2.9993337e-009  3.0596915e-009  3.0906081e-009  3.0704500e-009             NaN             NaN             NaN             NaN             NaN             NaN             NaN             NaN  3.0319687e-009  3.0348108e-009  3.0462199e-009  3.0289848e-009  2.9680214e-009  2.9189887e-009  2.9604669e-009  2.9464261e-009  2.9896877e-009  3.0050176e-009  2.9812107e-009  3.0714517e-009  2.9961248e-009             NaN
  1.5000000e+000             NaN             NaN  3.2617464e-009  3.2485460e-009  3.1923250e-009  3.1494197e-009  3.1596217e-009  3.1238346e-009  3.0985909e-009  3.1705546e-009  3.2256827e-009  3.1226481e-009  3.2494767e-009             NaN             NaN             NaN             NaN             NaN             NaN             NaN             NaN  3.1036313e-009  3.2181130e-009  3.0729648e-009  3.0757778e-009  3.1242967e-009  3.1418947e-009  3.1135635e-009  3.1186146e-009  3.1015802e-009  3.1066670e-009  3.1190280e-009  3.1798363e-009  3.1527397e-009  3.1341092e-009             NaN
  1.0000000e+000             NaN  3.5389374e-009  3.3419599e-009  3.3311657e-009  3.3746304e-009  3.3994358e-009  3.3175672e-009  3.4102047e-009  3.3587645e-009  3.4039442e-009  3.4024556e-009  3.3862657e-009  3.3780868e-009  3.3229083e-009             NaN             NaN             NaN             NaN             NaN  3.4224046e-009             NaN  3.3677423e-009  3.3903792e-009  3.3182712e-009  3.3622769e-009  3.3697348e-009  3.2674348e-009  3.3278894e-009  3.2876803e-009  3.3581121e-009  3.2110481e-009  3.2867029e-009  3.3427181e-009  3.3490210e-009  3.3516352e-009             NaN
  7.0000000e-001             NaN  3.5137196e-009  3.5390728e-009  3.5682021e-009  3.5474921e-009  3.5804038e-009  3.5503601e-009  3.5251123e-009  3.5702352e-009  3.5249217e-009  3.5147218e-009  3.4937355e-009  3.4906004e-009  3.4054718e-009             NaN             NaN             NaN             NaN             NaN             NaN             NaN  3.2574169e-009  3.5141589e-009  3.4793978e-009  3.4821187e-009  3.3983712e-009  3.4772233e-009  3.5275859e-009  3.4953948e-009  3.5425751e-009  3.4983347e-009  3.5056457e-009  3.5748969e-009  3.4858358e-009  3.5267805e-009             NaN
  5.0000000e-001             NaN             NaN  3.6468573e-009  3.6448671e-009  3.6509402e-009  3.6866871e-009  3.6695093e-009  3.6261950e-009  3.6692130e-009  3.6899251e-009  3.7136760e-009  3.6428040e-009  3.6154004e-009             NaN             NaN             NaN             NaN             NaN             NaN             NaN             NaN  3.6288580e-009  3.4807753e-009  3.6968753e-009  3.6900014e-009  3.6939278e-009  3.6342155e-009  3.6170100e-009  3.6027248e-009  3.6212050e-009  3.6862420e-009  3.6404877e-009  3.7217819e-009  3.6838203e-009  3.7351551e-009             NaN
  3.0000000e-001             NaN             NaN             NaN             NaN             NaN             NaN             NaN             NaN             NaN  3.6804839e-009             NaN             NaN             NaN             NaN             NaN             NaN             NaN             NaN             NaN             NaN             NaN  3.8998793e-009  3.5979814e-009  3.7515464e-009  3.7602311e-009  3.7818894e-009  3.6969250e-009  3.7764011e-009  3.7806471e-009  3.7110366e-009  3.7868760e-009  3.7469152e-009  3.7920846e-009  3.7067685e-009  3.7093393e-009             NaN
  2.0000000e-001             NaN             NaN             NaN             NaN             NaN             NaN             NaN             NaN             NaN             NaN             NaN             NaN             NaN             NaN             NaN             NaN             NaN             NaN             NaN             NaN             NaN             NaN             NaN             NaN  3.8802024e-009  3.6941504e-009  3.9440111e-009  3.4578338e-009  3.7436715e-009  3.9440118e-009  3.8945538e-009  3.6755491e-009  3.6385666e-009  3.8818004e-009  3.6474487e-009             NaN
  1.5000000e-001             NaN             NaN             NaN             NaN             NaN             NaN             NaN             NaN             NaN             NaN             NaN             NaN             NaN             NaN             NaN             NaN             NaN             NaN             NaN             NaN             NaN             NaN             NaN             NaN             NaN             NaN             NaN             NaN             NaN             NaN             NaN             NaN             NaN             NaN             NaN             NaN
  1.0000000e-001             NaN             NaN             NaN             NaN             NaN             NaN             NaN             NaN             NaN             NaN             NaN             NaN             NaN             NaN             NaN             NaN             NaN             NaN             NaN             NaN             NaN             NaN             NaN             NaN             NaN             NaN             NaN             NaN             NaN             NaN             NaN             NaN             NaN             NaN             NaN             NaN
             NaN -8.7500000e+001 -8.2500000e+001 -7.7500000e+001 -7.2500000e+001 -6.7500000e+001 -6.2500000e+001 -5.7500000e+001 -5.2500000e+001 -4.7500000e+001 -4.2500000e+001 -3.7500000e+001 -3.2500000e+001 -2.7500000e+001 -2.2500000e+001 -1.7500000e+001 -1.2500000e+001 -7.5000000e+000 -2.5000000e+000  2.5000000e+000  7.5000000e+000  1.2500000e+001  1.7500000e+001  2.2500000e+001  2.7500000e+001  3.2500000e+001  3.7500000e+001  4.2500000e+001  4.7500000e+001  5.2500000e+001  5.7500000e+001  6.2500000e+001  6.7500000e+001  7.2500000e+001  7.7500000e+001  8.2500000e+001  8.7500000e+001
  1.0000000e+003             NaN             NaN             NaN             NaN             NaN             NaN             NaN             NaN             NaN             NaN             NaN             NaN             NaN             NaN             NaN             NaN             NaN             NaN             NaN             NaN             NaN             NaN             NaN             NaN             NaN             NaN             NaN             NaN             NaN             NaN             NaN             NaN             NaN             NaN             NaN             NaN
  8.5000000e+002             NaN             NaN             NaN             NaN             NaN             NaN             NaN             NaN             NaN             NaN             NaN             NaN             NaN             NaN             NaN             NaN             NaN             NaN             NaN             NaN             NaN             NaN             NaN             NaN             NaN             NaN             NaN             NaN             NaN             NaN             NaN             NaN             NaN             NaN             NaN             NaN
  7.0000000e+002             NaN             NaN             NaN             NaN             NaN             NaN             NaN             NaN             NaN             NaN             NaN             NaN             NaN             NaN             NaN             NaN             NaN             NaN             NaN             NaN             NaN             NaN             NaN             NaN             NaN             NaN             NaN             NaN             NaN             NaN             NaN             NaN             NaN             NaN             NaN             NaN
  5.0000000e+002             NaN             NaN             NaN             NaN             NaN             NaN             NaN             NaN             NaN             NaN             NaN             NaN             NaN             NaN             NaN             NaN             NaN             NaN             NaN             NaN             NaN             NaN             NaN             NaN             NaN             NaN             NaN             NaN             NaN             NaN             NaN             NaN             NaN             NaN             NaN             NaN
  4.0000000e+002             NaN             NaN             NaN             NaN             NaN             NaN             NaN             NaN             NaN             NaN             NaN  0.0000000e+000             NaN             NaN             NaN             NaN             NaN             NaN             NaN             NaN             NaN             NaN             NaN             NaN             NaN             NaN             NaN             NaN             NaN             NaN             NaN             NaN             NaN             NaN             NaN             NaN
  3.0000000e+002             NaN  9.4059804e-011  1.1961074e-010  7.0987616e-011  6.7891625e-011  8.3530265e-011  3.8178421e-011  3.6270172e-011  2.2672240e-011  8.1031962e-012  1.3662609e-011  2.3858779e-011  1.7849612e-011  7.7836697e-012             NaN  6.2406518e-012             NaN             NaN             NaN             NaN             NaN             NaN             NaN             NaN             NaN             NaN             NaN             NaN             NaN             NaN             NaN             NaN             NaN             NaN             NaN             NaN
  2.5000000e+002             NaN  8.8567740e-011  8.3817279e-011  8.8563784e-011  7.6356533e-011  7.4083761e-011  8.7937520e-011  6.6855637e-011  8.8138803e-011  1.8951282e-011  2.0196512e-011  7.8070461e-012  1.0208009e-011  1.5111295e-011             NaN             NaN             NaN             NaN             NaN             NaN             NaN             NaN             NaN             NaN             NaN             NaN  7.8825704e-011  5.4406670e-011  5.5723060e-011  4.1150673e-011  4.9675391e-011  4.1083427e-011  4.5523197e-011  2.1974159e-011  3.0301940e-011             NaN
  2.0000000e+002             NaN  1.0908763e-010  1.1790988e-010  1.0509796e-010  1.1604306e-010  9.1392512e-011  1.0499314e-010  9.3862102e-011  1.3550054e-010  4.5587519e-011  2.0608968e-011  1.0204880e-011  9.0859114e-012  7.3157691e-012             NaN             NaN             NaN             NaN             NaN             NaN             NaN             NaN             NaN             NaN             NaN  5.6759260e-011  5.8800359e-011  6.6418238e-011  6.4621494e-011  5.9720475e-011  5.9281778e-011  5.8135705e-011  5.8113829e-011  4.9364642e-011  5.5670488e-011             NaN
  1.7000000e+002             NaN             NaN  1.2631254e-010  2.5506613e-010  1.5744037e-010  1.3801347e-010  1.4453286e-010  1.2289489e-010  1.1367803e-010  1.1863917e-010  5.7270801e-011  2.7135541e-011  1.3143806e-011             NaN  6.0599133e-011             NaN             NaN             NaN             NaN             NaN             NaN             NaN             NaN             NaN             NaN  1.0383678e-010  6.5541229e-011  7.8953640e-011  7.1037128e-011  7.4785511e-011  7.1437441e-011  8.3390652e-011  7.4230130e-011  6.5445574e-011             NaN             NaN
  1.5000000e+002             NaN  3.3976263e-010  2.5400795e-010  2.4935738e-010  2.4937252e-010  1.3604707e-010  1.4821767e-010  1.2718241e-010  1.0349912e-010  1.4040781e-010  9.1224868e-011  4.3901120e-011  1.8500646e-011  5.4968652e-012             NaN             NaN             NaN             NaN             NaN             NaN             NaN             NaN             NaN             NaN             NaN  5.4516456e-011  6.5736262e-011  1.0309482e-010  8.8859647e-011  1.1064300e-010  8.8509351e-011  9.6013961e-011  1.2730086e-010  1.4034160e-010  9.8818448e-011             NaN
  1.3000000e+002             NaN  2.2745692e-010  3.7865496e-010  2.7867363e-010  2.9797626e-010  1.8070368e-010  1.8376607e-010  1.1515188e-010  1.4765616e-010  1.3335050e-010  1.6669392e-010  2.0051577e-010  1.5148524e-010  2.6760804e-011  6.6093109e-012             NaN             NaN             NaN             NaN             NaN             NaN             NaN             NaN  7.6142411e-011  7.4555833e-011  1.2355953e-010  1.1855042e-010  1.0612727e-010  9.4939652e-011  1.5009876e-010  1.2898012e-010  1.3076561e-010  1.3572976e-010  1.5717598e-010  1.5344028e-010             NaN
  1.1500000e+002             NaN  2.2327607e-010  3.4147065e-010  2.4411757e-010  2.7881669e-010  2.0776328e-010  2.3743781e-010  1.9658928e-010  1.8772321e-010  1.8069567e-010  1.9324330e-010  2.0999205e-010  1.5727105e-010  5.3518882e-011  1.8029713e-011  3.5250921e-011             NaN             NaN             NaN             NaN             NaN             NaN             NaN  1.5384925e-010  1.6876433e-010  2.3504225e-010  1.7260127e-010  1.8377692e-010  1.0955290e-010  1.5394253e-010  1.8023040e-010  2.0347368e-010  1.5103435e-010  1.4624274e-010  2.3106248e-010             NaN
  1.0000000e+002             NaN  4.2031243e-010  4.9710772e-010  3.4528097e-010  3.6581248e-010  3.2222515e-010  2.4635136e-010  2.6181398e-010  2.1242827e-010  2.1885420e-010  2.3667437e-010  3.5792556e-010  8.1202387e-011  9.3776950e-011             NaN             NaN             NaN             NaN             NaN             NaN             NaN             NaN             NaN  1.5666747e-010  2.0053690e-010  1.7779972e-010  1.5998524e-010  1.5194676e-010  1.8652832e-010  1.1759491e-010  1.5514974e-010  1.6363676e-010  2.0211747e-010  2.4077140e-010  2.6769027e-011             NaN
  9.0000000e+001             NaN  3.1683336e-010  2.5533838e-010  1.6344932e-010  1.5489803e-010  2.5765982e-010  1.9737742e-010  2.2479665e-010  2.4106377e-010  2.4044711e-010  2.8521462e-010  3.0414633e-010             NaN             NaN             NaN             NaN             NaN             NaN             NaN             NaN             NaN             NaN             NaN  1.6429992e-010  1.7497475e-010  1.6294664e-010  1.6373654e-010  1.8332787e-010  1.6706033e-010  1.4991377e-010  1.2615460e-010  1.9843784e-010  2.4243324e-010  2.1669374e-010  9.7134521e-011             NaN
  8.0000000e+001             NaN  2.9311264e-010  4.2294734e-010  3.3624944e-010  2.7131575e-010  2.2545244e-010  2.5569625e-010  2.4479160e-010  2.4256933e-010  2.0963162e-010  1.7858513e-010  4.0315003e-010  1.7792967e-010  2.1721605e-010             NaN             NaN             NaN             NaN             NaN             NaN             NaN             NaN  2.6977622e-010  1.4744092e-010  1.2576864e-010  1.8234667e-010  2.1237793e-010  2.0292549e-010  1.5836721e-010  1.9048674e-010  2.4369641e-010  1.9032795e-010  2.0502956e-010  2.5689843e-010  2.8181808e-010             NaN
  7.0000000e+001             NaN  4.3775599e-010  1.9799307e-010  2.5550785e-010  1.8285656e-010  2.0118384e-010  1.8367362e-010  1.8791938e-010  1.8507264e-010  3.1175617e-010  3.4004305e-010  2.6734597e-010  2.2976665e-010             NaN             NaN             NaN             NaN             NaN             NaN             NaN             NaN             NaN             NaN  1.0366219e-010  1.0208445e-010  1.7079719e-010  1.7508375e-010  1.6818604e-010  1.6380940e-010  1.4145977e-010  2.2322547e-010  2.8695978e-010  2.8673603e-010  3.0593051e-010  2.1878508e-010  1.4436153e-010
  5.0000000e+001             NaN  1.9723844e-010  9.1384511e-011  1.6779098e-010  1.8901800e-010  1.3928920e-010  1.6068254e-010  1.7562914e-010  1.8838454e-010  1.9077855e-010  1.8955890e-010  2.1004674e-010  2.5428753e-010             NaN             NaN             NaN             NaN             NaN             NaN             NaN             NaN             NaN  5.8921353e-011  1.2964290e-010  9.6121637e-011  1.4188761e-010  1.2719985e-010  1.7703416e-010  1.2901766e-010  1.4554537e-010  2.1568126e-010  4.1706122e-010  2.9119459e-010  2.7017627e-010  3.0884703e-010             NaN
  3.0000000e+001             NaN  7.0185356e-011  1.4278835e-010  2.0018041e-010  1.0304783e-010  1.5944683e-010  1.5119336e-010  1.5563238e-010  1.7915586e-010  1.7695171e-010  8.3329556e-011  7.3245132e-011  1.2484717e-010             NaN             NaN             NaN             NaN             NaN             NaN             NaN             NaN             NaN             NaN  1.5047852e-010  1.3807223e-010  1.3036276e-010  1.5938675e-010  1.1502420e-010  1.4922088e-010  1.1670446e-010  1.9581814e-010  4.6158931e-010  5.5401575e-010  4.7241685e-010  2.3727986e-010             NaN
  2.0000000e+001             NaN  2.3147883e-010  2.1823474e-010  1.8369552e-010  1.5331381e-010  1.6039251e-010  1.7336946e-010  1.7947283e-010  1.6909404e-010  2.0302059e-010  9.0072242e-011  9.4898255e-011  7.2229177e-011             NaN             NaN             NaN             NaN             NaN             NaN             NaN             NaN             NaN  3.0981079e-010  3.1740107e-010  2.3448022e-010  1.7940198e-010  1.7818900e-010  2.0411597e-010  2.0322130e-010  1.9900709e-010  1.6829331e-010  2.3070267e-010  5.1786868e-010  4.6724552e-010  2.7079770e-010             NaN
  1.5000000e+001             NaN             NaN  1.0158960e-010  1.0816143e-010  1.3600136e-010  1.2835708e-010  1.3202862e-010  1.8517987e-010  1.5775895e-010  9.3830508e-011  1.2414119e-010  7.2220834e-011  9.8056306e-011             NaN             NaN             NaN             NaN             NaN             NaN             NaN             NaN             NaN  1.8927525e-010  1.7551952e-010  1.8978434e-010  1.9166306e-010  2.2238671e-010  2.0872679e-010  1.7360247e-010  1.5682431e-010  1.0847823e-010  1.1803391e-010  1.7327288e-010  2.2344260e-010  2.5461612e-010             NaN
  1.0000000e+001             NaN             NaN  8.1488822e-011  9.9135716e-011  1.0761521e-010  1.0453512e-010  1.2723506e-010  1.1303247e-010  1.0389204e-010  1.3329221e-010  8.4184524e-011  9.8336449e-011  1.6175159e-010             NaN             NaN             NaN             NaN             NaN             NaN             NaN             NaN  1.1264874e-010  9.1110183e-011  1.2002585e-010  1.2696490e-010  1.5232306e-010  1.5589577e-010  1.1034812e-010  1.0417151e-010  8.6095610e-011  9.1126907e-011  9.2285156e-011  1.1126467e-010  9.6286976e-011  9.7594075e-011  1.0529324e-010
  7.0000000e+000             NaN             NaN  1.1680823e-010  8.0942813e-011  8.1191178e-011  8.7028972e-011  9.2574238e-011  5.7393361e-011  7.8680320e-011  1.1619873e-010  6.0949089e-011  9.5460696e-011             NaN             NaN             NaN             NaN             NaN             NaN             NaN             NaN             NaN             NaN  1.0482324e-010  8.8806687e-011  1.1849084e-010  8.0971292e-011  1.0280298e-010  8.7977809e-011  8.3287569e-011  9.2954862e-011  8.4903372e-011  1.0822150e-010  9.0806734e-011  1.1212450e-010  1.1485634e-010             NaN
  5.0000000e+000             NaN             NaN  5.1533333e-011  9.5591465e-011  8.9211477e-011  1.1011847e-010  1.1129258e-010  1.0016352e-010  9.7160899e-011  8.9531353e-011  1.1778903e-010  6.7154504e-011  1.0548958e-010             NaN             NaN             NaN             NaN             NaN             NaN             NaN             NaN  6.0685663e-011  8.1199668e-011  1.0079017e-010  9.4134941e-011  1.1236748e-010  1.4301571e-010  1.0140967e-010  7.9342566e-011  9.4118569e-011  1.1860171e-010  1.0570091e-010  1.0405430e-010  1.0602924e-010  1.1707553e-010             NaN
  3.0000000e+000             NaN             NaN             NaN  6.0169620e-011  1.0937260e-010  7.5798056e-011  8.7427450e-011  1.1912020e-010  8.5436237e-011  9.0557290e-011  1.0446593e-010  8.2156061e-011  9.1834983e-011             NaN             NaN             NaN             NaN             NaN             NaN             NaN             NaN  6.8778149e-011  1.2906504e-010  1.1202962e-010  1.4590975e-010  1.4658164e-010  1.3029146e-010  1.1433438e-010  1.6274526e-010  1.3523422e-010  1.3155172e-010  1.2810596e-010  1.2561466e-010  1.5126902e-010  1.1868585e-010             NaN
  2.0000000e+000             NaN             NaN             NaN  6.1937113e-011  1.0545537e-010  9.3658899e-011  1.1348259e-010  9.0156035e-011  1.2094065e-010  8.0468066e-011  1.7182535e-010  7.4422520e-011  6.3813985e-011  1.3088710e-010             NaN             NaN             NaN             NaN             NaN             NaN             NaN             NaN  1.1850240e-010  1.9800342e-010  1.4678371e-010  1.4244104e-010  1.2136853e-010  1.7590665e-010  1.6362282e-010  1.5721627e-010  1.7329263e-010  1.7224359e-010  1.6598901e-010  1.3832440e-010  1.3777738e-010             NaN
  1.5000000e+000             NaN             NaN  1.6912719e-010  1.3825888e-010  1.0067822e-010  1.5721544e-010  1.3745605e-010  1.3837468e-010  1.2072757e-010  1.3044213e-010  1.0998852e-010  9.2106891e-011  1.1047256e-010             NaN             NaN             NaN             NaN             NaN             NaN             NaN             NaN  2.2874399e-010  1.4169416e-010  1.3957306e-010  1.1675891e-010  1.1803970e-010  1.5262635e-010  1.3304853e-010  1.4313788e-010  1.4681976e-010  1.2654030e-010  1.9680418e-010  1.7086500e-010  1.8956710e-010  2.1958616e-010             NaN
  1.0000000e+000             NaN  1.0702729e-010  1.9420869e-010  1.4517963e-010  1.7221638e-010  1.6883952e-010  1.1311835e-010  1.1537128e-010  1.8211390e-010  1.0690506e-010  1.8174430e-010  1.8163181e-010  8.2772465e-011  1.2066682e-010             NaN             NaN             NaN             NaN             NaN  1.1356018e-010             NaN  2.1706167e-010  1.4689539e-010  1.9058184e-010  1.3000327e-010  1.7887920e-010  1.3933180e-010  1.7066811e-010  2.1266113e-010  2.4140712e-010  1.4664854e-010  2.0515145e-010  1.9673193e-010  1.6519071e-010  1.8698896e-010             NaN
  7.0000000e-001             NaN  9.4768739e-011  1.1606056e-010  1.1210890e-010  1.0431435e-010  1.0829465e-010  8.8751398e-011  1.3840523e-010  9.0631107e-011  1.0334474e-010  2.2614116e-010  1.5225934e-010  1.3773012e-010  2.7583292e-010             NaN             NaN             NaN             NaN             NaN             NaN             NaN  3.6154234e-011  2.1596811e-010  2.0001073e-010  1.4656148e-010  1.4256163e-010  2.1625655e-010  1.4721344e-010  1.7485909e-010  1.7217501e-010  1.9687766e-010  2.9214799e-010  1.3262590e-010  2.0333635e-010  2.3138387e-010             NaN
  5.0000000e-001             NaN             NaN  1.1373365e-010  1.4303161e-010  1.6883331e-010  1.7325334e-010  1.6513365e-010  1.2949368e-010  1.5755048e-010  1.5269375e-010  1.3357366e-010  1.1135651e-010  1.2554638e-010             NaN             NaN             NaN             NaN             NaN             NaN             NaN             NaN  2.3074131e-010  1.1362162e-010  2.0191113e-010  1.8752834e-010  1.8589345e-010  1.8852748e-010  1.7862799e-010  2.2703442e-010  2.2604988e-010  2.1394789e-010  1.8919812e-010  2.8802674e-010  2.2415792e-010  3.3549858e-010             NaN
  3.0000000e-001             NaN             NaN             NaN             NaN             NaN             NaN             NaN             NaN             NaN  1.2971939e-010             NaN             NaN             NaN             NaN             NaN             NaN             NaN             NaN             NaN             NaN             NaN  3.3934477e-010  2.0405391e-010  1.8607666e-010  2.2485093e-010  2.2003691e-010  1.7756220e-010  1.9573549e-010  2.1073919e-010  2.4858716e-010  2.5455435e-010  2.5091906e-010  1.5931055e-010  2.1289812e-010  2.5659205e-010             NaN
  2.0000000e-001             NaN             NaN             NaN             NaN             NaN             NaN             NaN             NaN             NaN             NaN             NaN             NaN             NaN             NaN             NaN             NaN             NaN             NaN             NaN             NaN             NaN             NaN             NaN             NaN  2.5721415e-010  1.4812611e-010  3.1579147e-010  5.7245625e-010  4.1913351e-010  1.9078856e-010  3.0065386e-010  2.8192695e-010  4.3840577e-010  1.3427699e-010  2.3837658e-010             NaN
  1.5000000e-001             NaN             NaN             NaN             NaN             NaN             NaN             NaN             NaN             NaN             NaN             NaN             NaN             NaN             NaN             NaN             NaN             NaN             NaN             NaN             NaN             NaN             NaN             NaN             NaN             NaN             NaN             NaN             NaN             NaN             NaN             NaN             NaN             NaN             NaN             NaN             NaN
  1.0000000e-001             NaN             NaN             NaN             NaN             NaN             NaN             NaN             NaN             NaN             NaN             NaN             NaN             NaN             NaN             NaN             NaN             NaN             NaN             NaN             NaN             NaN             NaN             NaN             NaN             NaN             NaN             NaN             NaN             NaN             NaN             NaN             NaN             NaN             NaN             NaN             NaN
             NaN -8.7500000e+001 -8.2500000e+001 -7.7500000e+001 -7.2500000e+001 -6.7500000e+001 -6.2500000e+001 -5.7500000e+001 -5.2500000e+001 -4.7500000e+001 -4.2500000e+001 -3.7500000e+001 -3.2500000e+001 -2.7500000e+001 -2.2500000e+001 -1.7500000e+001 -1.2500000e+001 -7.5000000e+000 -2.5000000e+000  2.5000000e+000  7.5000000e+000  1.2500000e+001  1.7500000e+001  2.2500000e+001  2.7500000e+001  3.2500000e+001  3.7500000e+001  4.2500000e+001  4.7500000e+001  5.2500000e+001  5.7500000e+001  6.2500000e+001  6.7500000e+001  7.2500000e+001  7.7500000e+001  8.2500000e+001  8.7500000e+001
  1.0000000e+003             NaN             NaN             NaN             NaN             NaN             NaN             NaN             NaN             NaN             NaN             NaN             NaN             NaN             NaN             NaN             NaN             NaN             NaN             NaN             NaN             NaN             NaN             NaN             NaN             NaN             NaN             NaN             NaN             NaN             NaN             NaN             NaN             NaN             NaN             NaN             NaN
  8.5000000e+002             NaN             NaN             NaN             NaN             NaN             NaN             NaN             NaN             NaN             NaN             NaN             NaN             NaN             NaN             NaN             NaN             NaN             NaN             NaN             NaN             NaN             NaN             NaN             NaN             NaN             NaN             NaN             NaN             NaN             NaN             NaN             NaN             NaN             NaN             NaN             NaN
  7.0000000e+002             NaN             NaN             NaN             NaN             NaN             NaN             NaN             NaN             NaN             NaN             NaN             NaN             NaN             NaN             NaN             NaN             NaN             NaN             NaN             NaN             NaN             NaN             NaN             NaN             NaN             NaN             NaN             NaN             NaN             NaN             NaN             NaN             NaN             NaN             NaN             NaN
  5.0000000e+002             NaN             NaN             NaN             NaN             NaN             NaN             NaN             NaN             NaN             NaN             NaN             NaN             NaN             NaN             NaN             NaN             NaN             NaN             NaN             NaN             NaN             NaN             NaN             NaN             NaN             NaN             NaN             NaN             NaN             NaN             NaN             NaN             NaN             NaN             NaN             NaN
  4.0000000e+002             NaN             NaN             NaN             NaN             NaN             NaN             NaN             NaN             NaN             NaN             NaN  2.5200000e-011             NaN             NaN             NaN             NaN             NaN             NaN             NaN             NaN             NaN             NaN             NaN             NaN             NaN             NaN             NaN             NaN             NaN             NaN             NaN             NaN             NaN             NaN             NaN             NaN
  3.0000000e+002             NaN  6.5600000e-011  4.4350000e-011  6.6200000e-011  4.4500000e-011  4.8900000e-011  3.1500000e-011  3.6400000e-011  3.3700000e-011  2.7500000e-011  2.9000000e-011  1.7900000e-011  2.3050000e-011  2.4450000e-011             NaN  2.2950000e-011             NaN             NaN             NaN             NaN             NaN             NaN             NaN             NaN             NaN             NaN             NaN             NaN             NaN             NaN             NaN             NaN             NaN             NaN             NaN             NaN
  2.5000000e+002             NaN  4.4300000e-011  5.5650000e-011  3.6200000e-011  3.6700000e-011  3.4800000e-011  3.7600000e-011  2.9500000e-011  2.3050000e-011  1.5300000e-011  1.4500000e-011  1.4800000e-011  1.3350000e-011  1.4100000e-011             NaN             NaN             NaN             NaN             NaN             NaN             NaN             NaN             NaN             NaN             NaN             NaN  2.6300000e-011  2.2100000e-011  2.7900000e-011  2.8650000e-011  2.5400000e-011  2.4550000e-011  2.4000000e-011  2.2500000e-011  2.1050000e-011             NaN
  2.0000000e+002             NaN  3.1550000e-011  3.0400000e-011  2.9600000e-011  3.2250000e-011  2.7650000e-011  2.7750000e-011  2.6800000e-011  2.3300000e-011  1.9200000e-011  1.6050000e-011  1.4700000e-011  1.2900000e-011  1.5650000e-011             NaN             NaN             NaN             NaN             NaN             NaN             NaN             NaN             NaN             NaN             NaN  2.2300000e-011  1.9600000e-011  2.1800000e-011  2.3400000e-011  2.1300000e-011  2.0800000e-011  2.2750000e-011  2.0500000e-011  2.1100000e-011  1.8000000e-011             NaN
  1.7000000e+002             NaN             NaN  3.7900000e-011  3.7900000e-011  3.3100000e-011  3.1800000e-011  3.0800000e-011  2.7850000e-011  2.4400000e-011  2.3700000e-011  2.5900000e-011  1.6500000e-011  1.3700000e-011             NaN  1.3500000e-011             NaN             NaN             NaN             NaN             NaN             NaN             NaN             NaN             NaN             NaN  2.7100000e-011  2.6200000e-011  2.6400000e-011  2.2500000e-011  2.4700000e-011  2.1950000e-011  2.2800000e-011  2.1600000e-011  1.9500000e-011             NaN             NaN
  1.5000000e+002             NaN  3.6650000e-011  4.1800000e-011  4.1650000e-011  3.4500000e-011  3.1550000e-011  2.9750000e-011  2.6100000e-011  2.8500000e-011  2.8600000e-011  2.1900000e-011  2.1800000e-011  1.9350000e-011  1.3300000e-011             NaN             NaN             NaN             NaN             NaN             NaN             NaN             NaN             NaN             NaN             NaN  2.1700000e-011  2.3050000e-011  2.6700000e-011  2.5400000e-011  2.5050000e-011  2.6350000e-011  2.5300000e-011  2.6900000e-011  2.7300000e-011  2.8700000e-011             NaN
  1.3000000e+002             NaN  4.7400000e-011  4.3100000e-011  4.1500000e-011  3.6700000e-011  3.4150000e-011  3.0000000e-011  2.7400000e-011  2.8800000e-011  2.8400000e-011  2.5550000e-011  2.3300000e-011  2.4600000e-011  1.9200000e-011  1.7200000e-011             NaN             NaN             NaN             NaN             NaN             NaN             NaN             NaN  2.3900000e-011  2.3800000e-011  2.7100000e-011  2.4700000e-011  2.4600000e-011  2.8050000e-011  2.6950000e-011  2.6300000e-011  2.3000000e-011  2.1300000e-011  1.9750000e-011  2.3800000e-011             NaN
  1.1500000e+002             NaN  4.6300000e-011  2.8700000e-011  3.9500000e-011  3.6350000e-011  3.2300000e-011  3.1900000e-011  2.9600000e-011  2.9350000e-011  2.8900000e-011  2.5750000e-011  2.4900000e-011  1.8900000e-011  1.6300000e-011  2.7450000e-011  1.3400000e-011             NaN             NaN             NaN             NaN             NaN             NaN             NaN  2.5400000e-011  2.6900000e-011  2.7200000e-011  2.6750000e-011  2.8300000e-011  2.7700000e-011  2.9850000e-011  3.0300000e-011  2.6900000e-011  2.3900000e-011  1.9950000e-011  2.3300000e-011             NaN
  1.0000000e+002             NaN  3.5200000e-011  4.5600000e-011  4.1200000e-011  3.0600000e-011  2.9500000e-011  3.0600000e-011  2.9400000e-011  2.8300000e-011  2.8000000e-011  2.7900000e-011  2.9100000e-011  2.2150000e-011  2.2900000e-011             NaN             NaN             NaN             NaN             NaN             NaN             NaN             NaN             NaN  2.4700000e-011  2.5600000e-011  2.5600000e-011  2.7650000e-011  2.5600000e-011  2.6200000e-011  2.3400000e-011  2.5300000e-011  2.4450000e-011  2.2500000e-011  2.1250000e-011  1.6600000e-011             NaN
  9.0000000e+001             NaN  5.0600000e-011  3.3200000e-011  3.3850000e-011  3.5100000e-011  3.5900000e-011  3.1400000e-011  3.3050000e-011  3.0300000e-011  3.0400000e-011  2.9800000e-011  2.6800000e-011             NaN             NaN             NaN             NaN             NaN             NaN             NaN             NaN             NaN             NaN             NaN  2.8850000e-011  2.5900000e-011  2.7650000e-011  2.7450000e-011  2.8900000e-011  2.7650000e-011  2.5650000e-011  2.4900000e-011  2.1100000e-011  1.8800000e-011  1.6500000e-011  1.5150000e-011             NaN
  8.0000000e+001             NaN  3.3900000e-011  3.7200000e-011  3.4300000e-011  2.9400000e-011  3.0750000e-011  2.8100000e-011  3.1900000e-011  3.0400000e-011  3.0800000e-011  3.0550000e-011  2.9200000e-011  2.3800000e-011  2.2300000e-011             NaN             NaN             NaN             NaN             NaN             NaN             NaN             NaN  2.7500000e-011  2.8700000e-011  2.8600000e-011  2.9300000e-011  2.7950000e-011  2.9900000e-011  2.8400000e-011  2.9600000e-011  2.5500000e-011  2.3500000e-011  2.1700000e-011  1.9600000e-011  1.9450000e-011             NaN
  7.0000000e+001             NaN  3.6200000e-011  3.6500000e-011  3.5800000e-011  3.3700000e-011  3.3100000e-011  3.3500000e-011  3.2800000e-011  3.3100000e-011  3.3250000e-011  3.2600000e-011  2.9700000e-011  2.4950000e-011             NaN             NaN             NaN             NaN             NaN             NaN             NaN             NaN             NaN             NaN  2.9550000e-011  2.9400000e-011  2.8500000e-011  2.8650000e-011  2.8500000e-011  2.8400000e-011  2.8050000e-011  2.7550000e-011  2.3200000e-011  1.8600000e-011  2.1000000e-011  1.8200000e-011  2.1600000e-011
  5.0000000e+001             NaN  4.5200000e-011  3.9500000e-011  4.0600000e-011  4.0000000e-011  4.1100000e-011  3.9300000e-011  3.8400000e-011  3.8400000e-011  3.8700000e-011  3.6700000e-011  3.4950000e-011  3.0750000e-011             NaN             NaN             NaN             NaN             NaN             NaN             NaN             NaN             NaN  3.5300000e-011  3.3800000e-011  3.7800000e-011  3.4400000e-011  3.5100000e-011  3.4200000e-011  3.4350000e-011  3.2750000e-011  3.2600000e-011  2.7600000e-011  2.5200000e-011  2.2300000e-011  2.6400000e-011             NaN
  3.0000000e+001             NaN  4.8900000e-011  5.2600000e-011  5.1100000e-011  5.1500000e-011  5.2300000e-011  5.0300000e-011  5.1000000e-011  4.9950000e-011  5.0350000e-011  4.5500000e-011  4.6800000e-011  4.5300000e-011             NaN             NaN             NaN             NaN             NaN             NaN             NaN             NaN             NaN             NaN  4.4900000e-011  4.4100000e-011  4.6700000e-011  4.5450000e-011  4.6450000e-011  4.3800000e-011  4.3000000e-011  4.1600000e-011  4.0600000e-011  3.6100000e-011  3.8200000e-011  3.2200000e-011             NaN
  2.0000000e+001             NaN  6.8900000e-011  6.8300000e-011  6.6800000e-011  6.6900000e-011  6.3100000e-011  6.4600000e-011  6.2200000e-011  6.1900000e-011  6.0400000e-011  5.6300000e-011  6.0350000e-011  6.4100000e-011             NaN             NaN             NaN             NaN             NaN             NaN             NaN             NaN             NaN  6.6600000e-011  5.9650000e-011  6.4700000e-011  6.1250000e-011  5.9250000e-011  5.9800000e-011  5.9750000e-011  5.8450000e-011  5.6300000e-011  5.5400000e-011  5.1500000e-011  5.4300000e-011  4.9700000e-011             NaN
  1.5000000e+001             NaN             NaN  8.2000000e-011  8.0100000e-011  8.1250000e-011  7.9400000e-011  7.8000000e-011  7.7200000e-011  7.5300000e-011  7.7300000e-011  7.5600000e-011  7.5850000e-011  7.7850000e-011             NaN             NaN             NaN             NaN             NaN             NaN             NaN             NaN             NaN  9.0900000e-011  8.2550000e-011  8.2700000e-011  7.6800000e-011  7.7450000e-011  6.9400000e-011  7.5000000e-011  7.2100000e-011  6.9600000e-011  6.9550000e-011  6.7550000e-011  7.1100000e-011  7.0700000e-011             NaN
  1.0000000e+001             NaN             NaN  9.1700000e-011  9.6500000e-011  9.4600000e-011  9.3900000e-011  9.5800000e-011  9.0550000e-011  9.2500000e-011  8.9800000e-011  8.9900000e-011  9.4700000e-011  9.2400000e-011             NaN             NaN             NaN             NaN             NaN             NaN             NaN             NaN  1.0300000e-010  9.8400000e-011  9.5300000e-011  9.2300000e-011  9.0300000e-011  9.2100000e-011  8.7700000e-011  8.9850000e-011  9.0700000e-011  8.7300000e-011  8.3650000e-011  8.4650000e-011  8.4400000e-011  8.8150000e-011  9.0400000e-011
  7.0000000e+000             NaN             NaN  1.0750000e-010  1.0600000e-010  1.0600000e-010  1.0600000e-010  1.0900000e-010  1.0040000e-010  1.0600000e-010  1.0800000e-010  1.0850000e-010  1.0900000e-010             NaN             NaN             NaN             NaN             NaN             NaN             NaN             NaN             NaN             NaN  1.1100000e-010  1.0900000e-010  1.0500000e-010  1.0400000e-010  1.0600000e-010  1.0650000e-010  1.0700000e-010  1.0650000e-010  1.0000000e-010  9.8000000e-011  9.9850000e-011  1.0150000e-010  1.0200000e-010             NaN
  5.0000000e+000             NaN             NaN  1.1900000e-010  1.2700000e-010  1.2650000e-010  1.2900000e-010  1.2750000e-010  1.2200000e-010  1.2300000e-010  1.2300000e-010  1.2700000e-010  1.3100000e-010  1.2600000e-010             NaN             NaN             NaN             NaN             NaN             NaN             NaN             NaN  1.2600000e-010  1.2950000e-010  1.2500000e-010  1.2200000e-010  1.2250000e-010  1.2100000e-010  1.2150000e-010  1.1500000e-010  1.2100000e-010  1.1900000e-010  1.1500000e-010  1.2300000e-010  1.1400000e-010  1.2600000e-010             NaN
  3.0000000e+000             NaN             NaN             NaN  1.4350000e-010  1.4450000e-010  1.4200000e-010  1.4000000e-010  1.3700000e-010  1.4600000e-010  1.5200000e-010  1.5500000e-010  1.5300000e-010  1.6000000e-010             NaN             NaN             NaN             NaN             NaN             NaN             NaN             NaN  1.5600000e-010  1.4100000e-010  1.4900000e-010  1.4650000e-010  1.4200000e-010  1.4550000e-010  1.4600000e-010  1.4400000e-010  1.4700000e-010  1.4800000e-010  1.5100000e-010  1.4900000e-010  1.6150000e-010  1.5800000e-010             NaN
  2.0000000e+000             NaN             NaN             NaN  1.9400000e-010  1.8900000e-010  1.8900000e-010  1.8100000e-010  1.8600000e-010  1.7000000e-010  1.7050000e-010  1.8200000e-010  1.8400000e-010  1.7650000e-010  1.9200000e-010             NaN             NaN             NaN             NaN             NaN             NaN             NaN             NaN  1.7100000e-010  1.7650000e-010  1.7000000e-010  1.7350000e-010  1.7700000e-010  1.7600000e-010  1.8150000e-010  1.8200000e-010  1.7950000e-010  1.8750000e-010  1.8000000e-010  1.8900000e-010  1.8200000e-010             NaN
  1.5000000e+000             NaN             NaN  2.4450000e-010  2.5450000e-010  2.3600000e-010  2.3000000e-010  2.2700000e-010  2.3000000e-010  2.3300000e-010  2.3800000e-010  2.3300000e-010  2.2900000e-010  2.4400000e-010             NaN             NaN             NaN             NaN             NaN             NaN             NaN             NaN  2.2350000e-010  2.2450000e-010  2.0900000e-010  2.0900000e-010  2.1600000e-010  2.1950000e-010  2.1900000e-010  2.1700000e-010  2.1750000e-010  2.1800000e-010  2.2900000e-010  2.3600000e-010  2.2800000e-010  2.2950000e-010             NaN
  1.0000000e+000             NaN  2.9900000e-010  3.3000000e-010  3.3100000e-010  3.2750000e-010  3.3000000e-010  3.0800000e-010  3.1500000e-010  3.1050000e-010  3.2650000e-010  3.3200000e-010  3.1100000e-010  3.2400000e-010  3.0100000e-010             NaN             NaN             NaN             NaN             NaN  3.1550000e-010             NaN  3.2550000e-010  3.1000000e-010  3.1800000e-010  2.9550000e-010  3.2300000e-010  2.8050000e-010  2.8600000e-010  2.9000000e-010  3.1000000e-010  2.8600000e-010  2.8750000e-010  3.1500000e-010  2.9600000e-010  3.2250000e-010             NaN
  7.0000000e-001             NaN  2.4900000e-010  2.2400000e-010  2.2200000e-010  2.1600000e-010  2.3650000e-010  2.2200000e-010  2.2850000e-010  2.1800000e-010  2.5350000e-010  2.9700000e-010  3.1400000e-010  4.2000000e-010  4.2900000e-010             NaN             NaN             NaN             NaN             NaN             NaN             NaN  3.9150000e-010  4.5800000e-010  3.8600000e-010  4.0400000e-010  4.0050000e-010  3.6800000e-010  4.0450000e-010  3.8100000e-010  4.0300000e-010  3.9000000e-010  4.1550000e-010  4.1400000e-010  4.0350000e-010  3.9400000e-010             NaN
  5.0000000e-001             NaN             NaN  2.7700000e-010  2.9650000e-010  3.0600000e-010  3.1100000e-010  3.0800000e-010  3.0350000e-010  3.0250000e-010  2.9550000e-010  3.2400000e-010  2.8850000e-010  3.0600000e-010             NaN             NaN             NaN             NaN             NaN             NaN             NaN             NaN  4.1600000e-010  2.7300000e-010  3.4700000e-010  3.0800000e-010  3.3750000e-010  3.1500000e-010  3.8550000e-010  4.9600000e-010  4.6000000e-010  4.4550000e-010  5.2200000e-010  5.7350000e-010  5.6400000e-010  5.7100000e-010             NaN
  3.0000000e-001             NaN             NaN             NaN             NaN             NaN             NaN             NaN             NaN             NaN  3.9950000e-010             NaN             NaN             NaN             NaN             NaN             NaN             NaN             NaN             NaN             NaN             NaN  4.0400000e-010  3.9950000e-010  4.2700000e-010  4.0800000e-010  4.3300000e-010  4.2300000e-010  4.6100000e-010  4.4500000e-010  4.6200000e-010  4.1850000e-010  4.6500000e-010  3.7850000e-010  4.5900000e-010  4.4000000e-010             NaN
  2.0000000e-001             NaN             NaN             NaN             NaN             NaN             NaN             NaN             NaN             NaN             NaN             NaN             NaN             NaN             NaN             NaN             NaN             NaN             NaN             NaN             NaN             NaN             NaN             NaN             NaN  6.2800000e-010  6.5700000e-010  6.4700000e-010  5.9100000e-010  6.1950000e-010  6.2750000e-010  5.8200000e-010  5.9500000e-010  6.0000000e-010  5.5700000e-010  5.1800000e-010             NaN
  1.5000000e-001             NaN             NaN             NaN             NaN             NaN             NaN             NaN             NaN             NaN             NaN             NaN             NaN             NaN             NaN             NaN             NaN             NaN             NaN             NaN             NaN             NaN             NaN             NaN             NaN             NaN             NaN             NaN             NaN             NaN             NaN             NaN             NaN             NaN             NaN             NaN             NaN
  1.0000000e-001             NaN             NaN             NaN             NaN             NaN             NaN             NaN             NaN             NaN             NaN             NaN             NaN             NaN             NaN             NaN             NaN             NaN             NaN             NaN             NaN             NaN             NaN             NaN             NaN             NaN             NaN             NaN             NaN             NaN             NaN             NaN             NaN             NaN             NaN             NaN             NaN
