             NaN -8.7500000e+001 -8.2500000e+001 -7.7500000e+001 -7.2500000e+001 -6.7500000e+001 -6.2500000e+001 -5.7500000e+001 -5.2500000e+001 -4.7500000e+001 -4.2500000e+001 -3.7500000e+001 -3.2500000e+001 -2.7500000e+001 -2.2500000e+001 -1.7500000e+001 -1.2500000e+001 -7.5000000e+000 -2.5000000e+000  2.5000000e+000  7.5000000e+000  1.2500000e+001  1.7500000e+001  2.2500000e+001  2.7500000e+001  3.2500000e+001  3.7500000e+001  4.2500000e+001  4.7500000e+001  5.2500000e+001  5.7500000e+001  6.2500000e+001  6.7500000e+001  7.2500000e+001  7.7500000e+001  8.2500000e+001  8.7500000e+001
  1.0000000e+003             NaN             NaN             NaN             NaN             NaN             NaN             NaN             NaN             NaN             NaN             NaN             NaN             NaN             NaN             NaN             NaN             NaN             NaN             NaN             NaN             NaN             NaN             NaN             NaN             NaN             NaN             NaN             NaN             NaN             NaN             NaN             NaN             NaN             NaN             NaN             NaN
  8.5000000e+002             NaN             NaN             NaN             NaN             NaN             NaN             NaN             NaN             NaN             NaN             NaN             NaN             NaN             NaN             NaN             NaN             NaN             NaN             NaN             NaN             NaN             NaN             NaN             NaN             NaN             NaN             NaN             NaN             NaN             NaN             NaN             NaN             NaN             NaN             NaN             NaN
  7.0000000e+002             NaN             NaN             NaN             NaN             NaN             NaN             NaN             NaN             NaN             NaN             NaN             NaN             NaN             NaN             NaN             NaN             NaN             NaN             NaN             NaN             NaN             NaN             NaN             NaN             NaN             NaN             NaN             NaN             NaN             NaN             NaN             NaN             NaN             NaN             NaN             NaN
  5.0000000e+002             NaN             NaN             NaN             NaN  7.1877280e-008  7.7102989e-008  7.9518926e-008  8.6642153e-008  8.7005367e-008  8.7712116e-008  9.2513031e-008  1.0174669e-007  1.0774444e-007             NaN             NaN             NaN             NaN             NaN             NaN             NaN             NaN             NaN             NaN             NaN  1.0038849e-007  8.6663806e-008  1.0074962e-007  9.5674753e-008  1.0011322e-007  1.2145294e-007  1.2510442e-007  1.2319262e-007  1.1864021e-007             NaN  1.1619009e-007  1.2545431e-007
  4.0000000e+002             NaN             NaN             NaN             NaN  7.1194313e-008  7.2626983e-008  7.7969181e-008  8.1908048e-008  8.8972841e-008  8.8837521e-008  9.5078394e-008  1.0515136e-007  1.1462071e-007             NaN             NaN             NaN             NaN             NaN             NaN             NaN             NaN             NaN             NaN             NaN  9.9231968e-008  8.8145339e-008  9.5144117e-008  1.0490243e-007  1.0601450e-007  1.0716441e-007  1.0968115e-007  1.0892432e-007  1.0960729e-007             NaN  1.0876853e-007  1.0710771e-007
  3.0000000e+002             NaN             NaN             NaN             NaN  6.0403304e-008  6.3956250e-008  6.1816397e-008  6.7096195e-008  7.3222312e-008  7.9150921e-008  8.3225866e-008  9.7940561e-008  1.0807670e-007             NaN             NaN             NaN             NaN             NaN             NaN             NaN             NaN             NaN             NaN             NaN  8.3478994e-008  8.1823550e-008  8.8679419e-008  8.4820387e-008  8.4357158e-008  8.2734729e-008  7.7491167e-008  8.0150557e-008  8.0285859e-008             NaN  7.9525197e-008  7.5794003e-008
  2.5000000e+002             NaN             NaN             NaN             NaN  4.1645256e-008  4.3227872e-008  4.0148158e-008  4.6567017e-008  5.2578308e-008  5.5078518e-008  6.4800676e-008  8.2303006e-008  9.3877795e-008             NaN             NaN             NaN             NaN             NaN             NaN             NaN             NaN             NaN             NaN             NaN  7.4214313e-008  7.1270706e-008  7.4356612e-008  7.2742253e-008  6.5025098e-008  5.6564755e-008  5.1963355e-008  5.3523175e-008  5.2853662e-008             NaN  4.9995799e-008  4.7184663e-008
  2.0000000e+002             NaN             NaN             NaN             NaN  2.8886983e-008  2.9586720e-008  3.0211876e-008  3.3123777e-008  3.5131814e-008  3.9161139e-008  4.7603007e-008  6.4894998e-008  7.7990995e-008             NaN             NaN             NaN             NaN             NaN             NaN             NaN             NaN             NaN             NaN             NaN  6.9852863e-008  6.1534552e-008  6.7336133e-008  5.9092889e-008  4.8286346e-008  3.8694242e-008  3.9651482e-008  3.9012328e-008  3.6381453e-008             NaN  3.3207945e-008  3.3192283e-008
  1.7000000e+002             NaN             NaN             NaN             NaN  2.3415084e-008  2.4131767e-008  2.5065272e-008  2.7399946e-008  2.9621765e-008  3.3176533e-008  4.0928377e-008  5.1015498e-008  6.8042029e-008             NaN             NaN             NaN             NaN             NaN             NaN             NaN             NaN             NaN             NaN             NaN  6.7506715e-008  6.5315757e-008  5.4320266e-008  4.9948484e-008  4.1427165e-008  3.5948578e-008  3.2620119e-008  3.2257959e-008  3.1410194e-008             NaN  2.8438216e-008  2.8916222e-008
  1.5000000e+002             NaN             NaN             NaN             NaN  1.9684297e-008  2.1005410e-008  2.3197491e-008  2.4621563e-008  2.5432688e-008  2.8170513e-008  3.3198223e-008  4.4282198e-008  6.2944540e-008             NaN             NaN             NaN             NaN             NaN             NaN             NaN             NaN             NaN             NaN             NaN  6.8909372e-008  5.9188386e-008  5.2053550e-008  4.0129172e-008  3.3942806e-008  2.9459336e-008  3.0080913e-008  2.9280086e-008  2.6065480e-008             NaN  2.4887442e-008  2.6057585e-008
  1.3000000e+002             NaN             NaN             NaN             NaN  1.7846478e-008  1.8099981e-008  1.8686356e-008  2.1130132e-008  2.2624380e-008  2.5243818e-008  3.1016659e-008  4.1136715e-008  4.7014481e-008             NaN             NaN             NaN             NaN             NaN             NaN             NaN             NaN             NaN             NaN             NaN  5.4111296e-008  5.2703703e-008  4.2464448e-008  3.7094961e-008  3.0716040e-008  2.6553991e-008  2.4110483e-008  2.3701924e-008  2.3208084e-008             NaN  2.1255204e-008  2.1349964e-008
  1.1500000e+002             NaN             NaN             NaN             NaN  1.5851686e-008  1.6724150e-008  1.7849271e-008  1.9034350e-008  2.0725353e-008  2.1550194e-008  2.4108015e-008  3.0950342e-008  3.8776618e-008             NaN             NaN             NaN             NaN             NaN             NaN             NaN             NaN             NaN             NaN             NaN  4.2054515e-008  3.9454137e-008  3.3008879e-008  3.1479173e-008  2.5365063e-008  2.1551497e-008  2.1951568e-008  2.0319708e-008  1.9137257e-008             NaN  1.8154987e-008  1.8592328e-008
  1.0000000e+002             NaN             NaN             NaN             NaN  1.5910648e-008  1.6308561e-008  1.6644785e-008  1.6807845e-008  1.7748914e-008  1.8728219e-008  2.1085547e-008  2.6158994e-008  3.1912806e-008             NaN             NaN             NaN             NaN             NaN             NaN             NaN             NaN             NaN             NaN             NaN  3.5268905e-008  3.1896207e-008  3.1190297e-008  2.5615546e-008  2.1440059e-008  1.9246333e-008  1.7599713e-008  1.7747578e-008  1.7409331e-008             NaN  1.6758199e-008  1.7145393e-008
  9.0000000e+001             NaN             NaN             NaN             NaN  1.5962241e-008  1.5730639e-008  1.4074998e-008  1.6189291e-008  1.6336751e-008  1.6212971e-008  1.8977287e-008  2.3140701e-008  2.7549022e-008             NaN             NaN             NaN             NaN             NaN             NaN             NaN             NaN             NaN             NaN             NaN  2.8573438e-008  2.7065918e-008  2.3546969e-008  2.1642683e-008  1.9131378e-008  1.6402765e-008  1.6572495e-008  1.6055605e-008  1.6216886e-008             NaN  1.5838139e-008  1.5859046e-008
  8.0000000e+001             NaN             NaN             NaN             NaN  1.4900031e-008  1.4651496e-008  1.4224658e-008  1.4225168e-008  1.4629909e-008  1.5031134e-008  1.5713887e-008  1.8491064e-008  2.1992041e-008             NaN             NaN             NaN             NaN             NaN             NaN             NaN             NaN             NaN             NaN             NaN  2.6392670e-008  2.1464134e-008  1.9733869e-008  1.9001365e-008  1.7989982e-008  1.5500784e-008  1.5499237e-008  1.5199488e-008  1.5248574e-008             NaN  1.5061687e-008  1.5089133e-008
  7.0000000e+001             NaN             NaN             NaN             NaN  1.4424081e-008  1.4117265e-008  1.3801699e-008  1.3526349e-008  1.3704520e-008  1.3759126e-008  1.4184243e-008  1.5410606e-008  1.6538083e-008             NaN             NaN             NaN             NaN             NaN             NaN             NaN             NaN             NaN             NaN             NaN  1.7809215e-008  1.8202270e-008  1.7101869e-008  1.6688941e-008  1.5746288e-008  1.4674029e-008  1.4527156e-008  1.4871557e-008  1.4749300e-008             NaN  1.4748794e-008  1.4940159e-008
  5.0000000e+001             NaN             NaN             NaN             NaN  1.5958137e-008  1.4890850e-008  1.4374856e-008  1.3993647e-008  1.3786129e-008  1.3728171e-008  1.3369631e-008  1.3455826e-008  1.3697431e-008             NaN             NaN             NaN             NaN             NaN             NaN             NaN             NaN             NaN             NaN             NaN  1.4130081e-008  1.4898210e-008  1.5090254e-008  1.5310332e-008  1.5643299e-008  1.4888930e-008  1.4931632e-008  1.5415061e-008  1.5695986e-008             NaN  1.6102668e-008  1.6409814e-008
  3.0000000e+001             NaN             NaN             NaN             NaN  1.7578396e-008  1.6560796e-008  1.5693897e-008  1.5510996e-008  1.5139278e-008  1.4987787e-008  1.4724347e-008  1.4466753e-008  1.4190125e-008             NaN             NaN             NaN             NaN             NaN             NaN             NaN             NaN             NaN             NaN             NaN  1.3798102e-008  1.4315803e-008  1.4728899e-008  1.5429418e-008  1.5567464e-008  1.5246436e-008  1.5096222e-008  1.5470038e-008  1.6250909e-008             NaN  1.7031861e-008  1.7058833e-008
  2.0000000e+001             NaN             NaN             NaN             NaN  1.8733666e-008  1.7983159e-008  1.7619951e-008  1.7247044e-008  1.7098142e-008  1.6706114e-008  1.6435100e-008  1.5995284e-008  1.6169067e-008             NaN             NaN             NaN             NaN             NaN             NaN             NaN             NaN             NaN             NaN             NaN  1.5151265e-008  1.4993554e-008  1.5011597e-008  1.5483115e-008  1.5588059e-008  1.5197337e-008  1.4853829e-008  1.4930199e-008  1.5016369e-008             NaN  1.5497877e-008  1.5751158e-008
  1.5000000e+001             NaN             NaN             NaN             NaN  2.1576036e-008  2.2056172e-008  1.9632866e-008  1.9485968e-008  1.9006780e-008  1.8739977e-008  1.8774157e-008  1.8774796e-008  1.7995041e-008             NaN             NaN             NaN             NaN             NaN             NaN             NaN             NaN             NaN             NaN             NaN  1.7310200e-008  1.7292741e-008  1.7190387e-008  1.6567290e-008  1.6123622e-008  1.4906430e-008  1.4429413e-008  1.4226816e-008  1.4213498e-008             NaN  1.4649277e-008  1.5151605e-008
  1.0000000e+001             NaN             NaN             NaN             NaN  2.5275506e-008  2.2380648e-008  2.0657316e-008  2.0570723e-008  1.9713583e-008  1.9193811e-008  1.9461008e-008  1.9643587e-008  1.9234464e-008             NaN             NaN             NaN             NaN             NaN             NaN             NaN             NaN             NaN             NaN             NaN  1.8760228e-008  1.8326213e-008  1.6764255e-008  1.5104694e-008  1.5075915e-008  1.5105765e-008  1.3339960e-008  1.2876573e-008  1.2660455e-008             NaN  1.2597108e-008  1.3231947e-008
  7.0000000e+000             NaN             NaN             NaN             NaN  2.3165573e-008  2.5556935e-008  2.0557984e-008  2.0002550e-008  1.9684909e-008  1.9502048e-008  1.9817875e-008  2.0108078e-008  2.0547714e-008             NaN             NaN             NaN             NaN             NaN             NaN             NaN             NaN             NaN             NaN             NaN  1.7886702e-008  1.7031017e-008  1.6469770e-008  1.4513350e-008  1.4169992e-008  1.3402343e-008  1.2982439e-008  1.1768629e-008  1.1324789e-008             NaN  1.0797723e-008  1.1894120e-008
  5.0000000e+000             NaN             NaN             NaN             NaN  2.2514944e-008  2.1112080e-008  2.1324230e-008  2.0849176e-008  2.0049493e-008  1.9240692e-008  2.0109851e-008  2.0093994e-008  2.0453842e-008             NaN             NaN             NaN             NaN             NaN             NaN             NaN             NaN             NaN             NaN             NaN  1.7977274e-008  1.7513507e-008  1.5986902e-008  1.4687159e-008  1.4128972e-008  1.3956813e-008  1.2049203e-008  1.1242769e-008  1.0080999e-008             NaN  9.3554595e-009  9.9486179e-009
  3.0000000e+000             NaN             NaN             NaN             NaN  2.1430095e-008  2.1964569e-008  2.0921625e-008  2.0563389e-008  2.0551327e-008  2.0413262e-008  1.9749826e-008  2.0879222e-008  2.1234357e-008             NaN             NaN             NaN             NaN             NaN             NaN             NaN             NaN             NaN             NaN             NaN  1.8819446e-008  1.7492757e-008  1.6914761e-008  1.5366932e-008  1.4542177e-008  1.3452847e-008  1.2879925e-008  1.2009949e-008  1.0421795e-008             NaN  8.2370740e-009  8.0216158e-009
  2.0000000e+000             NaN             NaN             NaN             NaN  2.1184101e-008  2.1892188e-008  2.0865137e-008  2.1487766e-008  2.2065375e-008  2.0284447e-008  2.0158706e-008  2.1333379e-008  2.1408428e-008             NaN             NaN             NaN             NaN             NaN             NaN             NaN             NaN             NaN             NaN             NaN  2.2029525e-008  1.8651877e-008  1.8704144e-008  1.6895031e-008  1.4872634e-008  2.0362229e-008  1.6078164e-008  1.2556260e-008  1.0537563e-008             NaN  6.9040592e-009  6.6311190e-009
  1.5000000e+000             NaN             NaN             NaN             NaN  2.2134612e-008  2.1770564e-008  2.2037944e-008  2.2031864e-008  2.1939640e-008  2.1565803e-008  2.1428655e-008  2.1841651e-008  2.3589787e-008             NaN             NaN             NaN             NaN             NaN             NaN             NaN             NaN             NaN             NaN             NaN  2.5103608e-008  2.4134806e-008  1.9928019e-008  1.7729942e-008  1.5274785e-008  1.9168855e-008  2.8388248e-008  1.5151380e-008  1.1625739e-008             NaN  7.7756781e-009  7.9264980e-009
  1.0000000e+000             NaN             NaN             NaN             NaN  2.4039495e-008  2.4359126e-008  2.6492588e-008  2.6491624e-008  2.4507142e-008  2.4846631e-008  2.4293422e-008  2.6116523e-008  2.5532498e-008             NaN             NaN             NaN             NaN             NaN             NaN             NaN             NaN             NaN             NaN             NaN  2.8568105e-008  2.4394367e-008  2.5062631e-008  2.0631690e-008  1.8178920e-008  3.5414803e-008  4.3593164e-008  2.1616962e-008  1.6123131e-008             NaN  1.2554092e-008  1.3475936e-008
  7.0000000e-001             NaN             NaN             NaN             NaN  2.7897473e-008  3.1328308e-008  2.8133276e-008  3.0724844e-008  3.0979959e-008  2.9553802e-008  2.8340605e-008  2.9849399e-008  3.0045215e-008             NaN             NaN             NaN             NaN             NaN             NaN             NaN             NaN             NaN             NaN             NaN  2.9112311e-008  3.1165861e-008  2.9755791e-008  2.6050846e-008  2.4413169e-008  4.4185577e-008  8.2736469e-008  5.4246177e-008  2.2871278e-008             NaN  2.1197872e-008  2.3994550e-008
  5.0000000e-001             NaN             NaN             NaN             NaN  3.4279613e-008  3.5695390e-008  4.1908017e-008  3.9610265e-008  4.5036383e-008  3.8199957e-008  3.8890437e-008  3.5557185e-008  3.6783066e-008             NaN             NaN             NaN             NaN             NaN             NaN             NaN             NaN             NaN             NaN             NaN  3.8140010e-008  3.2931332e-008  3.2984343e-008  3.2122715e-008  3.2792670e-008  9.5216575e-008  1.2528207e-007  8.9716353e-008  4.0492534e-008             NaN  3.6204954e-008  4.0066160e-008
  3.0000000e-001             NaN             NaN             NaN             NaN  4.4060763e-008  5.3788212e-008  5.1465037e-008  5.3086118e-008  5.1615304e-008  5.7055363e-008  5.4492306e-008  5.2320516e-008  5.2394146e-008             NaN             NaN             NaN             NaN             NaN             NaN             NaN             NaN             NaN             NaN             NaN  4.2444896e-008  4.0141133e-008  3.6710194e-008  3.7744511e-008  4.0823791e-008  1.0032974e-007  2.0731318e-007  1.8540117e-007  7.6817620e-008             NaN  6.2907292e-008  6.8086381e-008
  2.0000000e-001             NaN             NaN             NaN             NaN  5.9173667e-008  6.6980185e-008  8.6134856e-008  1.0798220e-007  8.6816088e-008  8.5061490e-008  8.9928607e-008  7.5500583e-008  6.3533839e-008             NaN             NaN             NaN             NaN             NaN             NaN             NaN             NaN             NaN             NaN             NaN  4.9557133e-008  4.4932279e-008  4.0102324e-008  4.6732097e-008  5.1566552e-008  1.8520568e-007  2.8510774e-007  2.8736513e-007  1.6613672e-007             NaN  1.1445563e-007  1.1385397e-007
  1.5000000e-001             NaN             NaN             NaN             NaN  7.6339033e-008  1.0359320e-007  1.0694728e-007  1.1125521e-007  1.4101332e-007  1.3413758e-007  1.3949838e-007  1.0999982e-007  1.1298732e-007             NaN             NaN             NaN             NaN             NaN             NaN             NaN             NaN             NaN             NaN             NaN  6.2241017e-008  5.7348750e-008  5.2513817e-008  5.5712801e-008  6.9008013e-008  1.9070479e-007  4.4466544e-007  4.2735172e-007  1.9842059e-007             NaN  1.6533310e-007  1.5438666e-007
  1.0000000e-001             NaN             NaN             NaN             NaN  9.9909371e-008  1.2183149e-007  1.9222489e-007  2.4564822e-007  2.4025788e-007  2.7142739e-007  2.4721477e-007  2.1366648e-007  2.0602674e-007             NaN             NaN             NaN             NaN             NaN             NaN             NaN             NaN             NaN             NaN             NaN  1.1840815e-007  1.1673313e-007  7.2164140e-008  8.1258265e-008  1.0168521e-007  3.4655517e-007  5.8479336e-007  6.6691176e-007  3.5036258e-007             NaN  2.7218835e-007  2.5610740e-007
             NaN -8.7500000e+001 -8.2500000e+001 -7.7500000e+001 -7.2500000e+001 -6.7500000e+001 -6.2500000e+001 -5.7500000e+001 -5.2500000e+001 -4.7500000e+001 -4.2500000e+001 -3.7500000e+001 -3.2500000e+001 -2.7500000e+001 -2.2500000e+001 -1.7500000e+001 -1.2500000e+001 -7.5000000e+000 -2.5000000e+000  2.5000000e+000  7.5000000e+000  1.2500000e+001  1.7500000e+001  2.2500000e+001  2.7500000e+001  3.2500000e+001  3.7500000e+001  4.2500000e+001  4.7500000e+001  5.2500000e+001  5.7500000e+001  6.2500000e+001  6.7500000e+001  7.2500000e+001  7.7500000e+001  8.2500000e+001  8.7500000e+001
  1.0000000e+003             NaN             NaN             NaN             NaN             NaN             NaN             NaN             NaN             NaN             NaN             NaN             NaN             NaN             NaN             NaN             NaN             NaN             NaN             NaN             NaN             NaN             NaN             NaN             NaN             NaN             NaN             NaN             NaN             NaN             NaN             NaN             NaN             NaN             NaN             NaN             NaN
  8.5000000e+002             NaN             NaN             NaN             NaN             NaN             NaN             NaN             NaN             NaN             NaN             NaN             NaN             NaN             NaN             NaN             NaN             NaN             NaN             NaN             NaN             NaN             NaN             NaN             NaN             NaN             NaN             NaN             NaN             NaN             NaN             NaN             NaN             NaN             NaN             NaN             NaN
  7.0000000e+002             NaN             NaN             NaN             NaN             NaN             NaN             NaN             NaN             NaN             NaN             NaN             NaN             NaN             NaN             NaN             NaN             NaN             NaN             NaN             NaN             NaN             NaN             NaN             NaN             NaN             NaN             NaN             NaN             NaN             NaN             NaN             NaN             NaN             NaN             NaN             NaN
  5.0000000e+002             NaN             NaN             NaN             NaN  1.3285443e-008  1.0417510e-008  9.8258007e-009  1.1758222e-008  1.3224601e-008  1.1245901e-008  2.0992869e-008  2.6510659e-008  2.5773162e-008             NaN             NaN             NaN             NaN             NaN             NaN             NaN             NaN             NaN             NaN             NaN  1.5609631e-008  1.4045596e-008  1.7065665e-008  2.3483037e-008  2.4067199e-008  2.2133788e-008  2.0815678e-008  2.0005438e-008  1.9986318e-008             NaN  1.6394230e-008  1.8579534e-008
  4.0000000e+002             NaN             NaN             NaN             NaN  9.1140010e-009  9.6564124e-009  1.0737330e-008  1.2642133e-008  1.5121388e-008  1.4241555e-008  1.8801106e-008  2.9633050e-008  3.1081077e-008             NaN             NaN             NaN             NaN             NaN             NaN             NaN             NaN             NaN             NaN             NaN  1.6121351e-008  1.0804540e-008  1.8735819e-008  1.5831951e-008  1.8570610e-008  1.8545686e-008  1.8316698e-008  1.6582392e-008  1.4948998e-008             NaN  1.4361674e-008  1.1978550e-008
  3.0000000e+002             NaN             NaN             NaN             NaN  1.1904144e-008  1.2888012e-008  1.3660885e-008  1.7606906e-008  1.6513940e-008  1.5825246e-008  1.7585528e-008  2.8992489e-008  2.8315242e-008             NaN             NaN             NaN             NaN             NaN             NaN             NaN             NaN             NaN             NaN             NaN  1.6056884e-008  1.1643313e-008  1.0466231e-008  1.5262129e-008  1.7260585e-008  1.9625734e-008  1.6995601e-008  1.9445969e-008  1.6755534e-008             NaN  1.5816711e-008  1.3727229e-008
  2.5000000e+002             NaN             NaN             NaN             NaN  1.1528242e-008  1.2766663e-008  1.1182174e-008  1.4711283e-008  1.7607784e-008  1.8300464e-008  2.0131033e-008  2.4154441e-008  2.5893216e-008             NaN             NaN             NaN             NaN             NaN             NaN             NaN             NaN             NaN             NaN             NaN  9.3965580e-009  1.5259145e-008  8.7616689e-009  1.3999885e-008  1.5851270e-008  1.4746579e-008  1.2501340e-008  1.2900401e-008  1.2929083e-008             NaN  1.1138539e-008  9.8193341e-009
  2.0000000e+002             NaN             NaN             NaN             NaN  6.9667717e-009  6.5840716e-009  6.5952715e-009  9.2838640e-009  9.8841707e-009  1.1965062e-008  1.4006327e-008  1.8752924e-008  2.1661724e-008             NaN             NaN             NaN             NaN             NaN             NaN             NaN             NaN             NaN             NaN             NaN  1.0597846e-008  1.1316147e-008  7.5883084e-009  1.7740462e-008  1.3256749e-008  7.3239057e-009  8.4437087e-009  6.9839023e-009  5.9948924e-009             NaN  4.5614382e-009  3.3846598e-009
  1.7000000e+002             NaN             NaN             NaN             NaN  4.1256364e-009  4.3137780e-009  4.3466324e-009  5.0035331e-009  6.9110820e-009  9.3025509e-009  1.2156626e-008  1.3877766e-008  1.8789222e-008             NaN             NaN             NaN             NaN             NaN             NaN             NaN             NaN             NaN             NaN             NaN  4.5088999e-009  1.2611985e-008  1.0348393e-008  1.2330631e-008  8.6388713e-009  8.5931944e-009  5.6834848e-009  6.0507293e-009  4.6111687e-009             NaN  3.2614748e-009  2.7950805e-009
  1.5000000e+002             NaN             NaN             NaN             NaN  2.8287313e-009  3.8747312e-009  3.9345174e-009  5.3319375e-009  3.6507758e-009  5.6504539e-009  7.7168113e-009  1.5175086e-008  1.5307120e-008             NaN             NaN             NaN             NaN             NaN             NaN             NaN             NaN             NaN             NaN             NaN  1.2601450e-008  1.3380910e-008  7.1029484e-009  1.1070199e-008  8.3270643e-009  6.5976062e-009  6.1957080e-009  5.5831243e-009  4.0681259e-009             NaN  2.7085775e-009  3.1507521e-009
  1.3000000e+002             NaN             NaN             NaN             NaN  2.7347609e-009  2.6487374e-009  3.1015145e-009  4.3670029e-009  4.2617390e-009  5.1436465e-009  6.3732826e-009  1.2836269e-008  1.3135337e-008             NaN             NaN             NaN             NaN             NaN             NaN             NaN             NaN             NaN             NaN             NaN  7.0147689e-009  1.4308465e-008  1.0439602e-008  7.2810552e-009  6.8222855e-009  6.7803956e-009  5.1391651e-009  4.3399396e-009  3.8265751e-009             NaN  2.5696011e-009  2.4860945e-009
  1.1500000e+002             NaN             NaN             NaN             NaN  1.6834287e-009  2.5757270e-009  2.1791512e-009  2.4758752e-009  2.6174331e-009  2.5569127e-009  3.5733272e-009  6.1370892e-009  6.7461629e-009             NaN             NaN             NaN             NaN             NaN             NaN             NaN             NaN             NaN             NaN             NaN  6.5560392e-009  5.3093962e-009  5.1994785e-009  5.1925559e-009  4.2114172e-009  4.2258249e-009  3.8945745e-009  3.1362042e-009  2.6917414e-009             NaN  1.4976025e-009  1.4903842e-009
  1.0000000e+002             NaN             NaN             NaN             NaN  1.5921496e-009  1.5482391e-009  2.0846941e-009  2.0162276e-009  2.3588291e-009  1.8768929e-009  2.3169955e-009  4.3662047e-009  6.1103514e-009             NaN             NaN             NaN             NaN             NaN             NaN             NaN             NaN             NaN             NaN             NaN  6.1261902e-009  8.9074507e-009  7.9296369e-009  4.0987887e-009  2.7969726e-009  3.0694277e-009  2.2941683e-009  2.1706684e-009  1.6081403e-009             NaN  1.1272994e-009  1.0103006e-009
  9.0000000e+001             NaN             NaN             NaN             NaN  1.4595625e-009  1.8314511e-009  8.6627512e-010  1.7416707e-009  1.2898316e-009  1.7611705e-009  2.4719515e-009  3.2452312e-009  5.2105788e-009             NaN             NaN             NaN             NaN             NaN             NaN             NaN             NaN             NaN             NaN             NaN  2.6672660e-009  3.0100347e-009  2.5562203e-009  2.3590831e-009  2.4343816e-009  1.8224209e-009  1.5871055e-009  1.3529246e-009  1.2777559e-009             NaN  8.7712797e-010  9.6497775e-010
  8.0000000e+001             NaN             NaN             NaN             NaN  1.5529657e-009  1.6275578e-009  8.6944900e-010  8.6682160e-010  1.1889927e-009  1.3925668e-009  1.3121788e-009  2.0184048e-009  2.2642489e-009             NaN             NaN             NaN             NaN             NaN             NaN             NaN             NaN             NaN             NaN             NaN  7.3279828e-009  2.4692148e-009  1.5849216e-009  1.4953317e-009  1.6947902e-009  1.6609178e-009  1.0166299e-009  8.6320238e-010  8.8968522e-010             NaN  6.2640393e-010  6.6049040e-010
  7.0000000e+001             NaN             NaN             NaN             NaN  1.6612107e-009  1.1289087e-009  8.5728335e-010  6.9839430e-010  6.4596467e-010  7.6698750e-010  9.8270087e-010  1.4329103e-009  2.1154554e-009             NaN             NaN             NaN             NaN             NaN             NaN             NaN             NaN             NaN             NaN             NaN  1.8654026e-009  2.8466472e-009  1.3390978e-009  1.2142701e-009  1.1257163e-009  8.6168490e-010  6.9318144e-010  6.2990124e-010  7.5029896e-010             NaN  6.4129746e-010  5.4580077e-010
  5.0000000e+001             NaN             NaN             NaN             NaN  2.7000431e-009  1.9007357e-009  1.0387566e-009  8.0463385e-010  7.9268185e-010  7.1335818e-010  6.8682881e-010  6.9780179e-010  1.0360394e-009             NaN             NaN             NaN             NaN             NaN             NaN             NaN             NaN             NaN             NaN             NaN  7.8495856e-010  1.0613397e-009  8.1342940e-010  8.2689136e-010  8.4563327e-010  9.9996310e-010  9.6469200e-010  9.3869944e-010  1.0849664e-009             NaN  1.0723303e-009  9.1530541e-010
  3.0000000e+001             NaN             NaN             NaN             NaN  4.7880702e-009  4.3307801e-009  1.3921717e-009  1.2142665e-009  1.1075196e-009  8.0775214e-010  7.2619019e-010  6.5442552e-010  6.1608429e-010             NaN             NaN             NaN             NaN             NaN             NaN             NaN             NaN             NaN             NaN             NaN  1.0613323e-009  7.3031718e-010  6.2152098e-010  7.7500154e-010  6.0472520e-010  8.5388812e-010  8.4369080e-010  9.4580363e-010  1.0216719e-009             NaN  8.9095130e-010  8.8465075e-010
  2.0000000e+001             NaN             NaN             NaN             NaN  3.2038621e-009  3.2916463e-009  2.1459376e-009  1.7866247e-009  1.4108761e-009  1.2537719e-009  1.3482208e-009  1.2484683e-009  1.2231263e-009             NaN             NaN             NaN             NaN             NaN             NaN             NaN             NaN             NaN             NaN             NaN  1.2088932e-009  8.0495306e-010  6.7340330e-010  8.6935935e-010  8.2824961e-010  1.0683269e-009  1.0467679e-009  1.0818503e-009  1.1794619e-009             NaN  8.7803288e-010  8.9228861e-010
  1.5000000e+001             NaN             NaN             NaN             NaN  1.1347670e-008  1.3323754e-008  2.8586208e-009  1.5127109e-009  1.1739000e-009  9.0992333e-010  1.3689394e-009  1.4167593e-009  9.9546023e-010             NaN             NaN             NaN             NaN             NaN             NaN             NaN             NaN             NaN             NaN             NaN  1.3426735e-009  1.0371419e-009  7.5439122e-010  1.3739350e-009  1.1331676e-009  1.8189326e-009  2.0308239e-009  1.7709941e-009  1.6931849e-009             NaN  1.0965989e-009  1.3410173e-009
  1.0000000e+001             NaN             NaN             NaN             NaN  2.5292954e-008  1.2468109e-008  4.4579159e-009  3.8310700e-009  1.7736083e-009  1.0217164e-009  1.3236030e-009  1.0907030e-009  1.0489705e-009             NaN             NaN             NaN             NaN             NaN             NaN             NaN             NaN             NaN             NaN             NaN  2.0206826e-009  1.4309194e-009  1.7471576e-009  1.3584655e-009  1.4404816e-009  3.0265169e-009  2.5686938e-009  2.4671391e-009  1.9372300e-009             NaN  1.0301158e-009  1.3806323e-009
  7.0000000e+000             NaN             NaN             NaN             NaN  1.5376326e-008  1.7955803e-008  3.7569689e-009  2.2625064e-009  1.9224726e-009  1.4619569e-009  1.8820070e-009  2.1359454e-009  1.6165426e-009             NaN             NaN             NaN             NaN             NaN             NaN             NaN             NaN             NaN             NaN             NaN  2.1791040e-009  2.1667755e-009  2.5569451e-009  1.6274264e-009  1.5283301e-009  2.5065316e-009  2.8694783e-009  3.1277730e-009  2.0971276e-009             NaN  1.0203923e-009  9.2819448e-010
  5.0000000e+000             NaN             NaN             NaN             NaN  1.0955952e-008  6.7820157e-009  4.1481139e-009  3.8392011e-009  2.7397913e-009  2.3067722e-009  2.0719428e-009  2.5079012e-009  2.5537817e-009             NaN             NaN             NaN             NaN             NaN             NaN             NaN             NaN             NaN             NaN             NaN  3.6556205e-009  2.3692664e-009  2.2151063e-009  1.4851989e-009  1.4437222e-009  4.0691811e-009  4.6038483e-009  4.0979539e-009  3.1393560e-009             NaN  1.0697706e-009  9.9398480e-010
  3.0000000e+000             NaN             NaN             NaN             NaN  5.3879381e-009  6.4755367e-009  4.2863313e-009  3.3734343e-009  3.3403798e-009  2.6891439e-009  2.0965117e-009  2.4460627e-009  2.1845024e-009             NaN             NaN             NaN             NaN             NaN             NaN             NaN             NaN             NaN             NaN             NaN  3.7925827e-009  1.9325218e-009  2.3397523e-009  1.9731314e-009  2.0375991e-009  4.8021433e-009  4.3593506e-009  4.3969852e-009  3.1465905e-009             NaN  1.2110076e-009  1.1003269e-009
  2.0000000e+000             NaN             NaN             NaN             NaN  5.2585284e-009  4.8427421e-009  5.9093353e-009  4.0779896e-009  5.4914398e-009  2.6795076e-009  2.6285223e-009  2.6223115e-009  2.4876996e-009             NaN             NaN             NaN             NaN             NaN             NaN             NaN             NaN             NaN             NaN             NaN  5.2868501e-009  2.1484621e-009  2.6454589e-009  1.7750561e-009  2.9195903e-009  2.8074484e-008  1.6710069e-008  6.5953137e-009  4.2482961e-009             NaN  1.4553645e-009  1.1357607e-009
  1.5000000e+000             NaN             NaN             NaN             NaN  5.2509507e-009  6.2266309e-009  5.0457444e-009  4.9057286e-009  3.2255724e-009  4.1269750e-009  2.5304249e-009  2.7215917e-009  3.6905726e-009             NaN             NaN             NaN             NaN             NaN             NaN             NaN             NaN             NaN             NaN             NaN  5.0881099e-009  5.0924505e-009  2.1131489e-009  2.5930620e-009  5.1801653e-009  3.1128559e-008  5.2727532e-008  9.2765640e-009  5.8041140e-009             NaN  2.1082769e-009  1.9823738e-009
  1.0000000e+000             NaN             NaN             NaN             NaN  7.3902750e-009  6.4835934e-009  1.0671598e-008  1.0097153e-008  4.2529840e-009  5.4036849e-009  4.3371380e-009  4.0996619e-009  4.2525297e-009             NaN             NaN             NaN             NaN             NaN             NaN             NaN             NaN             NaN             NaN             NaN  6.1965881e-009  3.4070138e-009  3.9575485e-009  3.9187375e-009  1.2128620e-008  7.8319133e-008  9.4055566e-008  2.6765975e-008  1.1901134e-008             NaN  6.2515157e-009  3.7051638e-009
  7.0000000e-001             NaN             NaN             NaN             NaN  1.0048530e-008  1.6937597e-008  6.6874741e-009  1.2206508e-008  7.0986299e-009  5.7456815e-009  7.7157930e-009  5.7926751e-009  4.5642361e-009             NaN             NaN             NaN             NaN             NaN             NaN             NaN             NaN             NaN             NaN             NaN  4.1791712e-009  3.0289476e-009  4.9537878e-009  6.6542931e-009  1.8416113e-008  1.0950188e-007  1.8764447e-007  1.0657775e-007  1.7154564e-008             NaN  9.4004873e-009  7.0869378e-009
  5.0000000e-001             NaN             NaN             NaN             NaN  1.8841974e-008  1.8657646e-008  3.1371958e-008  2.4579784e-008  2.0638241e-008  1.2999981e-008  1.3868539e-008  9.9286772e-009  8.6740685e-009             NaN             NaN             NaN             NaN             NaN             NaN             NaN             NaN             NaN             NaN             NaN  6.0312813e-009  5.4474655e-009  3.4886762e-009  6.5912832e-009  5.7864313e-008  2.2171057e-007  2.7226463e-007  1.7644811e-007  4.6415639e-008             NaN  1.8029179e-008  1.1436325e-008
  3.0000000e-001             NaN             NaN             NaN             NaN  3.2838094e-008  4.8901923e-008  3.8390065e-008  3.4868070e-008  2.5105220e-008  3.2279897e-008  2.2441909e-008  1.8221973e-008  1.7196329e-008             NaN             NaN             NaN             NaN             NaN             NaN             NaN             NaN             NaN             NaN             NaN  1.0526958e-008  5.1201430e-009  8.5597479e-009  1.1777082e-008  8.9944277e-008  2.4634952e-007  4.2243536e-007  3.6584456e-007  1.3327066e-007             NaN  4.0171755e-008  2.1336197e-008
  2.0000000e-001             NaN             NaN             NaN             NaN  5.6337101e-008  6.4994807e-008  8.8529289e-008  9.7102000e-008  3.5345244e-008  5.8487305e-008  4.8458348e-008  2.3232314e-008  1.9251380e-008             NaN             NaN             NaN             NaN             NaN             NaN             NaN             NaN             NaN             NaN             NaN  1.1649045e-008  6.7188965e-009  7.7921926e-009  1.7360474e-008  9.5707891e-008  4.0606730e-007  5.5565718e-007  5.4550101e-007  2.9860137e-007             NaN  8.3870454e-008  3.2885784e-008
  1.5000000e-001             NaN             NaN             NaN             NaN  8.2206470e-008  1.3062976e-007  9.8359769e-008  7.2104997e-008  1.0262034e-007  9.3530085e-008  7.0158697e-008  5.6634351e-008  4.8136067e-008             NaN             NaN             NaN             NaN             NaN             NaN             NaN             NaN             NaN             NaN             NaN  2.9180654e-008  1.8587795e-008  1.7074895e-008  4.3283767e-008  1.9113501e-007  4.2743871e-007  7.7399279e-007  7.3001044e-007  3.8446672e-007             NaN  1.3562268e-007  5.5188510e-008
  1.0000000e-001             NaN             NaN             NaN             NaN  1.2529212e-007  1.1108163e-007  2.1682794e-007  1.9190881e-007  1.5232911e-007  2.0381061e-007  1.5624172e-007  1.0324680e-007  8.6211674e-008             NaN             NaN             NaN             NaN             NaN             NaN             NaN             NaN             NaN             NaN             NaN  5.8556763e-008  7.6877178e-008  4.1810015e-008  1.0582273e-007  2.9924534e-007  7.0543857e-007  9.3756175e-007  9.8157974e-007  5.9786497e-007             NaN  2.5229084e-007  9.2795090e-008
             NaN -8.7500000e+001 -8.2500000e+001 -7.7500000e+001 -7.2500000e+001 -6.7500000e+001 -6.2500000e+001 -5.7500000e+001 -5.2500000e+001 -4.7500000e+001 -4.2500000e+001 -3.7500000e+001 -3.2500000e+001 -2.7500000e+001 -2.2500000e+001 -1.7500000e+001 -1.2500000e+001 -7.5000000e+000 -2.5000000e+000  2.5000000e+000  7.5000000e+000  1.2500000e+001  1.7500000e+001  2.2500000e+001  2.7500000e+001  3.2500000e+001  3.7500000e+001  4.2500000e+001  4.7500000e+001  5.2500000e+001  5.7500000e+001  6.2500000e+001  6.7500000e+001  7.2500000e+001  7.7500000e+001  8.2500000e+001  8.7500000e+001
  1.0000000e+003             NaN             NaN             NaN             NaN             NaN             NaN             NaN             NaN             NaN             NaN             NaN             NaN             NaN             NaN             NaN             NaN             NaN             NaN             NaN             NaN             NaN             NaN             NaN             NaN             NaN             NaN             NaN             NaN             NaN             NaN             NaN             NaN             NaN             NaN             NaN             NaN
  8.5000000e+002             NaN             NaN             NaN             NaN             NaN             NaN             NaN             NaN             NaN             NaN             NaN             NaN             NaN             NaN             NaN             NaN             NaN             NaN             NaN             NaN             NaN             NaN             NaN             NaN             NaN             NaN             NaN             NaN             NaN             NaN             NaN             NaN             NaN             NaN             NaN             NaN
  7.0000000e+002             NaN             NaN             NaN             NaN             NaN             NaN             NaN             NaN             NaN             NaN             NaN             NaN             NaN             NaN             NaN             NaN             NaN             NaN             NaN             NaN             NaN             NaN             NaN             NaN             NaN             NaN             NaN             NaN             NaN             NaN             NaN             NaN             NaN             NaN             NaN             NaN
  5.0000000e+002             NaN             NaN             NaN             NaN  6.7600000e-009  8.0350000e-009  7.4100000e-009  8.6200000e-009  8.4350000e-009  8.1950000e-009  8.2400000e-009  1.1300000e-008  1.1000000e-008             NaN             NaN             NaN             NaN             NaN             NaN             NaN             NaN             NaN             NaN             NaN  1.2550000e-008  9.9750000e-009  1.0320000e-008  1.1200000e-008  1.4400000e-008  1.1100000e-008  1.0350000e-008  1.1400000e-008  1.0400000e-008             NaN  8.9400000e-009  1.0800000e-008
  4.0000000e+002             NaN             NaN             NaN             NaN  4.4950000e-009  4.7300000e-009  4.3000000e-009  5.3000000e-009  4.7550000e-009  6.9350000e-009  6.5000000e-009  7.1600000e-009  7.2000000e-009             NaN             NaN             NaN             NaN             NaN             NaN             NaN             NaN             NaN             NaN             NaN  5.7000000e-009  6.2500000e-009  7.2500000e-009  5.6400000e-009  6.9700000e-009  6.2900000e-009  6.0350000e-009  6.5900000e-009  5.3000000e-009             NaN  5.7700000e-009  5.3600000e-009
  3.0000000e+002             NaN             NaN             NaN             NaN  2.4400000e-009  3.1100000e-009  2.5900000e-009  3.2200000e-009  2.7550000e-009  3.5700000e-009  3.8100000e-009  4.7100000e-009  4.7800000e-009             NaN             NaN             NaN             NaN             NaN             NaN             NaN             NaN             NaN             NaN             NaN  4.4900000e-009  3.7000000e-009  3.6300000e-009  4.1200000e-009  3.7300000e-009  4.0000000e-009  3.4200000e-009  3.9000000e-009  3.2000000e-009             NaN  3.1850000e-009  3.1500000e-009
  2.5000000e+002             NaN             NaN             NaN             NaN  1.6900000e-009  1.9200000e-009  1.7500000e-009  1.8400000e-009  1.9000000e-009  1.9950000e-009  2.4500000e-009  3.3100000e-009  3.3800000e-009             NaN             NaN             NaN             NaN             NaN             NaN             NaN             NaN             NaN             NaN             NaN  2.7100000e-009  3.4300000e-009  2.3400000e-009  2.4800000e-009  2.2050000e-009  2.3700000e-009  1.9150000e-009  2.3100000e-009  2.2200000e-009             NaN  2.2550000e-009  2.0400000e-009
  2.0000000e+002             NaN             NaN             NaN             NaN  1.3700000e-009  1.4000000e-009  1.3650000e-009  1.5050000e-009  1.4700000e-009  1.5850000e-009  1.9500000e-009  2.4400000e-009  2.7700000e-009             NaN             NaN             NaN             NaN             NaN             NaN             NaN             NaN             NaN             NaN             NaN  2.5800000e-009  2.2050000e-009  2.1800000e-009  1.8700000e-009  2.1000000e-009  1.6750000e-009  1.5200000e-009  1.6100000e-009  1.8050000e-009             NaN  1.9400000e-009  1.5100000e-009
  1.7000000e+002             NaN             NaN             NaN             NaN  1.3100000e-009  1.3800000e-009  1.2600000e-009  1.2000000e-009  1.3800000e-009  1.5200000e-009  1.9700000e-009  1.8950000e-009  2.4400000e-009             NaN             NaN             NaN             NaN             NaN             NaN             NaN             NaN             NaN             NaN             NaN  2.2900000e-009  2.4950000e-009  1.8650000e-009  1.5000000e-009  1.4600000e-009  1.6050000e-009  1.4000000e-009  1.4300000e-009  1.7200000e-009             NaN  1.6600000e-009  1.5700000e-009
  1.5000000e+002             NaN             NaN             NaN             NaN  1.2300000e-009  1.1800000e-009  1.1800000e-009  1.2050000e-009  1.0800000e-009  1.1300000e-009  1.2800000e-009  1.4100000e-009  1.8000000e-009             NaN             NaN             NaN             NaN             NaN             NaN             NaN             NaN             NaN             NaN             NaN  1.8700000e-009  2.1300000e-009  1.5500000e-009  1.4300000e-009  1.1950000e-009  1.2400000e-009  1.1400000e-009  1.2100000e-009  1.5500000e-009             NaN  1.5200000e-009  1.4000000e-009
  1.3000000e+002             NaN             NaN             NaN             NaN  1.0500000e-009  1.1100000e-009  1.0200000e-009  1.0005000e-009  1.1050000e-009  1.1500000e-009  1.2300000e-009  1.4300000e-009  1.3150000e-009             NaN             NaN             NaN             NaN             NaN             NaN             NaN             NaN             NaN             NaN             NaN  1.6500000e-009  1.7600000e-009  1.3750000e-009  1.0600000e-009  1.1200000e-009  1.1500000e-009  1.0800000e-009  1.0800000e-009  1.1800000e-009             NaN  1.1800000e-009  1.0800000e-009
  1.1500000e+002             NaN             NaN             NaN             NaN  1.0100000e-009  1.0350000e-009  8.8500000e-010  7.9400000e-010  2.5900000e-010  2.5800000e-010  2.9100000e-010  3.1100000e-010  3.2350000e-010             NaN             NaN             NaN             NaN             NaN             NaN             NaN             NaN             NaN             NaN             NaN  6.1600000e-010  5.5300000e-010  3.6700000e-010  3.1650000e-010  2.3850000e-010  4.3900000e-010  9.0900000e-010  9.9200000e-010  1.1150000e-009             NaN  1.0750000e-009  1.0200000e-009
  1.0000000e+002             NaN             NaN             NaN             NaN  2.3950000e-010  2.3050000e-010  2.2350000e-010  2.0600000e-010  1.8800000e-010  2.5700000e-010  2.4000000e-010  2.7900000e-010  2.8300000e-010             NaN             NaN             NaN             NaN             NaN             NaN             NaN             NaN             NaN             NaN             NaN  4.1800000e-010  4.2400000e-010  2.9000000e-010  2.4100000e-010  2.4700000e-010  2.1200000e-010  1.9550000e-010  1.8800000e-010  2.4200000e-010             NaN  3.0700000e-010  2.0650000e-010
  9.0000000e+001             NaN             NaN             NaN             NaN  2.0100000e-010  2.2700000e-010  2.1000000e-010  1.9650000e-010  1.8400000e-010  1.7900000e-010  1.9800000e-010  2.0100000e-010  2.4250000e-010             NaN             NaN             NaN             NaN             NaN             NaN             NaN             NaN             NaN             NaN             NaN  3.8300000e-010  2.8100000e-010  1.9000000e-010  2.0000000e-010  1.9500000e-010  2.0200000e-010  2.3250000e-010  2.3700000e-010  2.0950000e-010             NaN  2.6600000e-010  2.0450000e-010
  8.0000000e+001             NaN             NaN             NaN             NaN  2.0900000e-010  2.1300000e-010  1.8100000e-010  1.7350000e-010  2.0500000e-010  1.7500000e-010  2.2100000e-010  1.8600000e-010  1.9300000e-010             NaN             NaN             NaN             NaN             NaN             NaN             NaN             NaN             NaN             NaN             NaN  3.8800000e-010  2.8700000e-010  2.6100000e-010  1.9000000e-010  1.7250000e-010  1.7600000e-010  1.8200000e-010  2.1050000e-010  2.1700000e-010             NaN  2.5800000e-010  1.9250000e-010
  7.0000000e+001             NaN             NaN             NaN             NaN  2.2000000e-010  2.0900000e-010  1.8550000e-010  1.8500000e-010  1.7300000e-010  1.9400000e-010  1.8000000e-010  1.9400000e-010  1.9500000e-010             NaN             NaN             NaN             NaN             NaN             NaN             NaN             NaN             NaN             NaN             NaN  3.7000000e-010  2.7600000e-010  1.9400000e-010  1.8600000e-010  1.8100000e-010  1.8850000e-010  1.7900000e-010  1.7600000e-010  2.2000000e-010             NaN  2.6800000e-010  2.0300000e-010
  5.0000000e+001             NaN             NaN             NaN             NaN  2.4950000e-010  2.5200000e-010  2.3800000e-010  2.2600000e-010  2.2400000e-010  2.4300000e-010  2.3850000e-010  2.5550000e-010  2.5700000e-010             NaN             NaN             NaN             NaN             NaN             NaN             NaN             NaN             NaN             NaN             NaN  4.2000000e-010  3.0200000e-010  2.3700000e-010  2.2500000e-010  2.2200000e-010  2.2400000e-010  2.1300000e-010  2.2600000e-010  2.6500000e-010             NaN  3.1400000e-010  2.4550000e-010
  3.0000000e+001             NaN             NaN             NaN             NaN  3.2000000e-010  3.1400000e-010  2.9300000e-010  2.7850000e-010  2.7600000e-010  2.8550000e-010  2.9500000e-010  2.9800000e-010  3.0400000e-010             NaN             NaN             NaN             NaN             NaN             NaN             NaN             NaN             NaN             NaN             NaN  5.3800000e-010  3.5400000e-010  2.8350000e-010  2.6300000e-010  2.4300000e-010  2.5600000e-010  2.5900000e-010  2.6100000e-010  2.8600000e-010             NaN  3.3400000e-010  2.7550000e-010
  2.0000000e+001             NaN             NaN             NaN             NaN  2.9100000e-010  2.9200000e-010  2.7800000e-010  2.6750000e-010  2.7350000e-010  2.5050000e-010  2.6300000e-010  2.6100000e-010  2.7900000e-010             NaN             NaN             NaN             NaN             NaN             NaN             NaN             NaN             NaN             NaN             NaN  5.0800000e-010  3.1350000e-010  2.5600000e-010  2.2700000e-010  2.0750000e-010  2.3900000e-010  2.3500000e-010  2.2900000e-010  2.4300000e-010             NaN  2.6800000e-010  2.1450000e-010
  1.5000000e+001             NaN             NaN             NaN             NaN  2.7200000e-010  2.9300000e-010  2.6400000e-010  2.6400000e-010  2.5400000e-010  2.7250000e-010  2.8400000e-010  2.8550000e-010  2.9400000e-010             NaN             NaN             NaN             NaN             NaN             NaN             NaN             NaN             NaN             NaN             NaN  5.9600000e-010  3.2400000e-010  2.5150000e-010  2.3600000e-010  2.2700000e-010  2.5000000e-010  2.4900000e-010  2.4800000e-010  2.5000000e-010             NaN  2.5300000e-010  2.1900000e-010
  1.0000000e+001             NaN             NaN             NaN             NaN  3.2500000e-010  3.2500000e-010  3.4350000e-010  3.2200000e-010  3.2000000e-010  3.2200000e-010  3.4100000e-010  3.6300000e-010  3.5400000e-010             NaN             NaN             NaN             NaN             NaN             NaN             NaN             NaN             NaN             NaN             NaN  6.6150000e-010  3.6300000e-010  3.1400000e-010  2.5550000e-010  2.4950000e-010  3.2400000e-010  3.5550000e-010  3.2800000e-010  3.0100000e-010             NaN  2.8700000e-010  2.4400000e-010
  7.0000000e+000             NaN             NaN             NaN             NaN  4.0700000e-010  4.6350000e-010  4.1750000e-010  4.3150000e-010  4.6500000e-010  4.5700000e-010  4.7350000e-010  4.8700000e-010  5.1850000e-010             NaN             NaN             NaN             NaN             NaN             NaN             NaN             NaN             NaN             NaN             NaN  8.0700000e-010  5.0450000e-010  4.1600000e-010  3.6700000e-010  3.3200000e-010  4.9200000e-010  5.9000000e-010  5.3000000e-010  4.5100000e-010             NaN  3.9300000e-010  3.2900000e-010
  5.0000000e+000             NaN             NaN             NaN             NaN  4.8900000e-010  5.2800000e-010  5.7600000e-010  5.5850000e-010  5.4200000e-010  5.9450000e-010  6.3000000e-010  6.4800000e-010  6.8200000e-010             NaN             NaN             NaN             NaN             NaN             NaN             NaN             NaN             NaN             NaN             NaN  1.1400000e-009  5.8700000e-010  4.8900000e-010  4.6500000e-010  4.2100000e-010  8.2800000e-010  1.0400000e-009  9.6850000e-010  8.1000000e-010             NaN  6.2550000e-010  4.9600000e-010
  3.0000000e+000             NaN             NaN             NaN             NaN  5.9900000e-010  6.7900000e-010  7.0300000e-010  7.4800000e-010  7.8100000e-010  8.8350000e-010  8.6750000e-010  9.8250000e-010  1.0100000e-009             NaN             NaN             NaN             NaN             NaN             NaN             NaN             NaN             NaN             NaN             NaN  1.8400000e-009  8.0300000e-010  7.0100000e-010  6.0600000e-010  5.4100000e-010  1.4800000e-009  1.9700000e-009  1.6900000e-009  1.4350000e-009             NaN  9.7400000e-010  8.3500000e-010
  2.0000000e+000             NaN             NaN             NaN             NaN  7.1550000e-010  7.8800000e-010  9.3800000e-010  1.0600000e-009  1.4450000e-009  1.0900000e-009  1.2600000e-009  1.2600000e-009  1.2750000e-009             NaN             NaN             NaN             NaN             NaN             NaN             NaN             NaN             NaN             NaN             NaN  2.4100000e-009  1.0800000e-009  9.5900000e-010  7.8900000e-010  7.2850000e-010  3.8700000e-009  3.7400000e-009  3.0900000e-009  2.3100000e-009             NaN  1.7500000e-009  1.2400000e-009
  1.5000000e+000             NaN             NaN             NaN             NaN  8.0250000e-010  9.6000000e-010  1.0600000e-009  1.1900000e-009  1.2600000e-009  1.4700000e-009  1.9500000e-009  1.5700000e-009  1.7000000e-009             NaN             NaN             NaN             NaN             NaN             NaN             NaN             NaN             NaN             NaN             NaN  2.8400000e-009  1.3200000e-009  1.0800000e-009  1.0010000e-009  8.9550000e-010  1.0750000e-009  7.4100000e-009  4.8200000e-009  3.2000000e-009             NaN  2.0450000e-009  1.9350000e-009
  1.0000000e+000             NaN             NaN             NaN             NaN  1.0400000e-009  1.2000000e-009  2.6200000e-009  2.2850000e-009  2.1400000e-009  2.0200000e-009  2.0200000e-009  2.3500000e-009  2.3700000e-009             NaN             NaN             NaN             NaN             NaN             NaN             NaN             NaN             NaN             NaN             NaN  3.7400000e-009  1.6350000e-009  1.5150000e-009  1.3500000e-009  1.1950000e-009  1.0450000e-008  1.2000000e-008  7.8200000e-009  5.4500000e-009             NaN  4.6650000e-009  3.0600000e-009
  7.0000000e-001             NaN             NaN             NaN             NaN  1.2400000e-009  1.5900000e-009  1.8250000e-009  2.0800000e-009  2.4200000e-009  2.6700000e-009  3.2100000e-009  3.1200000e-009  3.1950000e-009             NaN             NaN             NaN             NaN             NaN             NaN             NaN             NaN             NaN             NaN             NaN  5.1800000e-009  2.1550000e-009  1.9550000e-009  1.7200000e-009  1.6000000e-009  1.3400000e-008  2.2600000e-008  1.6100000e-008  7.4300000e-009             NaN  5.9200000e-009  4.4300000e-009
  5.0000000e-001             NaN             NaN             NaN             NaN  1.6750000e-009  2.2000000e-009  4.2750000e-009  3.8200000e-009  4.1450000e-009  4.1250000e-009  4.4250000e-009  4.2300000e-009  4.7000000e-009             NaN             NaN             NaN             NaN             NaN             NaN             NaN             NaN             NaN             NaN             NaN  7.6000000e-009  3.1000000e-009  2.5050000e-009  2.3400000e-009  2.3000000e-009  2.3350000e-008  2.8000000e-008  2.2800000e-008  1.2650000e-008             NaN  1.0550000e-008  6.1150000e-009
  3.0000000e-001             NaN             NaN             NaN             NaN  2.2400000e-009  3.2200000e-009  3.8900000e-009  4.4100000e-009  5.7000000e-009  6.5300000e-009  6.6000000e-009  6.6300000e-009  7.5600000e-009             NaN             NaN             NaN             NaN             NaN             NaN             NaN             NaN             NaN             NaN             NaN  1.0950000e-008  4.2150000e-009  3.7450000e-009  3.6600000e-009  3.1100000e-009  2.8200000e-008  4.7800000e-008  3.7600000e-008  2.0900000e-008             NaN  1.5000000e-008  9.5250000e-009
  2.0000000e-001             NaN             NaN             NaN             NaN  3.2900000e-009  4.5700000e-009  7.5100000e-009  1.5650000e-008  9.0700000e-009  9.4050000e-009  9.9400000e-009  1.0850000e-008  1.0900000e-008             NaN             NaN             NaN             NaN             NaN             NaN             NaN             NaN             NaN             NaN             NaN  1.6950000e-008  6.2900000e-009  4.9300000e-009  5.3100000e-009  4.8100000e-009  4.8000000e-008  5.6150000e-008  5.2650000e-008  3.9000000e-008             NaN  2.5450000e-008  1.5300000e-008
  1.5000000e-001             NaN             NaN             NaN             NaN  4.3700000e-009  6.9350000e-009  8.7200000e-009  9.8300000e-009  1.4600000e-008  1.4450000e-008  1.6250000e-008  1.9050000e-008  1.7400000e-008             NaN             NaN             NaN             NaN             NaN             NaN             NaN             NaN             NaN             NaN             NaN  2.5000000e-008  8.9200000e-009  7.8400000e-009  7.9000000e-009  6.8800000e-009  4.3900000e-008  7.8800000e-008  7.2650000e-008  4.6150000e-008             NaN  3.5400000e-008  2.0800000e-008
  1.0000000e-001             NaN             NaN             NaN             NaN  6.5200000e-009  8.4900000e-009  2.5100000e-008  3.1600000e-008  2.3800000e-008  2.1700000e-008  2.1600000e-008  2.3300000e-008  2.6300000e-008             NaN             NaN             NaN             NaN             NaN             NaN             NaN             NaN             NaN             NaN             NaN  4.1400000e-008  1.5500000e-008  1.2900000e-008  1.2000000e-008  1.0800000e-008  9.5800000e-008  9.3400000e-008  9.4600000e-008  6.7550000e-008             NaN  5.3700000e-008  3.2900000e-008
