             NaN -8.7500000e+001 -8.2500000e+001 -7.7500000e+001 -7.2500000e+001 -6.7500000e+001 -6.2500000e+001 -5.7500000e+001 -5.2500000e+001 -4.7500000e+001 -4.2500000e+001 -3.7500000e+001 -3.2500000e+001 -2.7500000e+001 -2.2500000e+001 -1.7500000e+001 -1.2500000e+001 -7.5000000e+000 -2.5000000e+000  2.5000000e+000  7.5000000e+000  1.2500000e+001  1.7500000e+001  2.2500000e+001  2.7500000e+001  3.2500000e+001  3.7500000e+001  4.2500000e+001  4.7500000e+001  5.2500000e+001  5.7500000e+001  6.2500000e+001  6.7500000e+001  7.2500000e+001  7.7500000e+001  8.2500000e+001  8.7500000e+001
  1.0000000e+003             NaN             NaN             NaN             NaN             NaN             NaN             NaN             NaN             NaN             NaN             NaN             NaN             NaN             NaN             NaN             NaN             NaN             NaN             NaN             NaN             NaN             NaN             NaN             NaN             NaN             NaN             NaN             NaN             NaN             NaN             NaN             NaN             NaN             NaN             NaN             NaN
  8.5000000e+002             NaN             NaN             NaN             NaN             NaN             NaN             NaN             NaN             NaN             NaN             NaN             NaN             NaN             NaN             NaN             NaN             NaN             NaN             NaN             NaN             NaN             NaN             NaN             NaN             NaN             NaN             NaN             NaN             NaN             NaN             NaN             NaN             NaN             NaN             NaN             NaN
  7.0000000e+002             NaN             NaN             NaN             NaN             NaN             NaN             NaN             NaN             NaN             NaN             NaN             NaN             NaN             NaN             NaN             NaN             NaN             NaN             NaN             NaN             NaN             NaN             NaN             NaN             NaN             NaN             NaN             NaN             NaN             NaN             NaN             NaN             NaN             NaN             NaN             NaN
  5.0000000e+002             NaN             NaN             NaN             NaN             NaN             NaN             NaN             NaN             NaN             NaN             NaN             NaN             NaN             NaN             NaN             NaN             NaN             NaN             NaN             NaN             NaN             NaN             NaN             NaN             NaN             NaN             NaN             NaN             NaN             NaN             NaN             NaN             NaN             NaN             NaN             NaN
  4.0000000e+002             NaN             NaN             NaN             NaN             NaN             NaN             NaN             NaN             NaN             NaN             NaN             NaN             NaN             NaN             NaN             NaN             NaN             NaN             NaN             NaN             NaN             NaN             NaN             NaN             NaN             NaN             NaN             NaN             NaN             NaN             NaN             NaN             NaN             NaN             NaN             NaN
  3.0000000e+002             NaN             NaN             NaN             NaN             NaN             NaN             NaN             NaN             NaN             NaN             NaN             NaN             NaN             NaN             NaN             NaN             NaN             NaN             NaN             NaN             NaN             NaN             NaN             NaN             NaN             NaN             NaN             NaN             NaN             NaN             NaN             NaN             NaN             NaN             NaN             NaN
  2.5000000e+002             NaN             NaN  9.3794108e-011  7.8314899e-011  8.4621480e-011  8.1798057e-011  7.4616803e-011  4.9675528e-011  2.3802050e-011  7.9483756e-013             NaN -2.6378009e-012 -2.4076998e-012 -8.8754340e-012             NaN             NaN             NaN             NaN             NaN             NaN             NaN             NaN             NaN             NaN             NaN  4.0830511e-011  3.7536869e-011  6.8023230e-011  6.6321293e-011  8.4365798e-011  7.0526660e-011  8.7945176e-011  8.9581144e-011  6.8635144e-011  8.7805828e-011             NaN
  2.0000000e+002             NaN  8.0120552e-011  1.0960866e-010  9.8205505e-011  9.9717724e-011  9.4476050e-011  7.7420353e-011  6.7264948e-011  5.8322220e-011  1.8823905e-011  3.4907170e-011  9.4002017e-012  5.4336510e-012             NaN             NaN             NaN             NaN             NaN             NaN             NaN             NaN             NaN             NaN             NaN  3.7628938e-011  6.6572258e-011  5.2942612e-011  8.2344804e-011  1.0334887e-010  1.0283219e-010  7.2653846e-011  1.0205448e-010  1.0262672e-010  4.0764981e-011  8.5588959e-011             NaN
  1.7000000e+002             NaN  1.4708337e-010  1.2516964e-010  1.1981252e-010  1.1418872e-010  1.0962117e-010  9.4786786e-011  7.7681106e-011  6.4885148e-011  4.9514286e-011  3.9108132e-011  1.1932192e-011  1.3579713e-011  5.7566070e-012             NaN             NaN             NaN             NaN             NaN             NaN             NaN             NaN             NaN             NaN  5.1924695e-011  9.2291903e-011  1.2010194e-010  1.3746809e-010  1.2372332e-010  1.1186084e-010  1.0706964e-010  1.9594080e-010  1.1153988e-010  1.1730085e-010  8.4177666e-011             NaN
  1.5000000e+002  1.8262873e-010  1.5611557e-010  1.7000262e-010  1.4531749e-010  1.4107214e-010  1.2266909e-010  1.0316478e-010  1.0582753e-010  8.1093155e-011  6.5670318e-011  3.9980428e-011  2.8029959e-011  2.5086723e-011             NaN             NaN             NaN             NaN             NaN             NaN             NaN             NaN             NaN             NaN  3.1032978e-011  4.3973792e-011  7.4391984e-011  1.4115343e-010  1.4809511e-010  1.8761592e-010  1.9752648e-010  2.1694141e-010  2.2475608e-010  2.3026632e-010  2.2715935e-010  2.4760624e-010             NaN
  1.3000000e+002  1.9896585e-010  2.1961019e-010  2.1363807e-010  1.7157686e-010  1.5599297e-010  1.3230508e-010  1.3052058e-010  1.3179356e-010  8.8995230e-011  8.3366232e-011  7.7222999e-011  1.1182479e-010  1.7807019e-011  9.2300102e-012             NaN             NaN             NaN             NaN             NaN             NaN             NaN             NaN             NaN  4.0981918e-011  1.0037060e-010  1.1374190e-010  1.6703644e-010  1.8830108e-010  1.9701286e-010  2.4078680e-010  2.6805333e-010  2.8271975e-010  2.9718194e-010  3.1437085e-010  3.6631245e-010  2.8561550e-010
  1.1500000e+002  2.6047963e-010  2.8727521e-010  2.3388164e-010  2.6233101e-010  2.1313294e-010  1.6964854e-010  1.9436278e-010  1.4375354e-010  1.5892397e-010  1.1199704e-010  7.1407926e-011  4.8238196e-011  2.4216405e-011  2.2104646e-011             NaN             NaN             NaN             NaN             NaN             NaN             NaN             NaN  4.8308979e-011  1.0220850e-010  1.1375422e-010  1.5898385e-010  1.6825606e-010  1.8974848e-010  2.6546429e-010  2.7041756e-010  3.4346221e-010  3.5680052e-010  4.0263812e-010  4.1212974e-010  4.5484976e-010  5.1421237e-010
  1.0000000e+002  3.7992917e-010  3.5021954e-010  3.3759653e-010  3.3897884e-010  3.1259633e-010  2.6607282e-010  2.6416384e-010  2.1860239e-010  1.7898722e-010  1.2919137e-010  1.8820730e-010  1.8295822e-010  6.9670736e-011             NaN             NaN             NaN             NaN             NaN             NaN             NaN             NaN             NaN  1.4955210e-010  1.8069275e-010  1.7290944e-010  2.0436708e-010  2.2437624e-010  2.4158440e-010  3.0223434e-010  3.9688238e-010  3.7870971e-010  4.6020323e-010  4.9160428e-010  4.8349219e-010  5.3946396e-010  5.8823289e-010
  9.0000000e+001  4.8508273e-010  4.4944927e-010  4.3678320e-010  4.2477432e-010  3.8707297e-010  3.3620560e-010  2.8564576e-010  2.6358755e-010  2.2339776e-010  1.9718402e-010  1.7205741e-010  1.4122264e-010             NaN             NaN             NaN             NaN             NaN             NaN             NaN             NaN             NaN             NaN  2.8655841e-010  1.9649982e-010  2.4370054e-010  2.6610033e-010  3.1479037e-010  3.0332237e-010  3.2801240e-010  4.0298987e-010  4.5871832e-010  5.1443274e-010  5.7156582e-010  6.0134590e-010  6.6027139e-010             NaN
  8.0000000e+001  5.0298070e-010  5.3405610e-010  4.8844287e-010  4.7957416e-010  4.5801107e-010  4.2402894e-010  3.4157288e-010  3.5332947e-010  2.7340341e-010  2.3313372e-010  2.4361907e-010  1.0537414e-010             NaN             NaN             NaN             NaN             NaN             NaN             NaN             NaN             NaN             NaN  2.6647542e-010  2.5784245e-010  2.8737245e-010  3.1122853e-010  3.0646620e-010  3.2662489e-010  3.8185350e-010  4.5895407e-010  5.3618334e-010  6.1158842e-010  6.9740585e-010  6.9881183e-010  7.5292277e-010  7.2123677e-010
  7.0000000e+001  7.1819380e-010  6.6995767e-010  6.5548498e-010  5.6493709e-010  5.4386561e-010  5.4079524e-010  4.8115259e-010  4.9177715e-010  4.6195934e-010  3.7461852e-010  3.2025745e-010  2.7372701e-010             NaN             NaN             NaN             NaN             NaN             NaN             NaN             NaN             NaN             NaN  3.6778137e-010  4.0690336e-010  3.9248667e-010  3.9611732e-010  3.9523014e-010  4.5276652e-010  4.4128888e-010  5.1421081e-010  5.8278511e-010  6.3395067e-010  8.3645251e-010  9.1525994e-010  9.2607720e-010  9.8178172e-010
  5.0000000e+001  8.5839804e-010  8.4969979e-010  8.2817883e-010  7.6313017e-010  7.5822174e-010  7.1437525e-010  6.7008442e-010  6.6240586e-010  5.8342858e-010  6.3310919e-010  4.9768396e-010  4.3691274e-010             NaN             NaN             NaN             NaN             NaN             NaN             NaN             NaN             NaN             NaN  4.6975128e-010  4.6498664e-010  4.7163220e-010  5.3814430e-010  5.5654154e-010  5.6630034e-010  5.9580326e-010  6.3680281e-010  7.1445055e-010  8.5451710e-010  1.0389284e-009  1.1802688e-009  1.2934617e-009  1.2856051e-009
  3.0000000e+001  1.0316403e-009  1.0251292e-009  9.8258015e-010  9.5907557e-010  9.1053941e-010  8.7588684e-010  8.6430836e-010  8.4032149e-010  8.0328713e-010  8.1868980e-010  7.2061246e-010  6.1998309e-010             NaN             NaN             NaN             NaN             NaN             NaN             NaN             NaN             NaN             NaN             NaN  6.4468569e-010  6.8200897e-010  6.9061904e-010  7.4111719e-010  7.4487466e-010  7.9970579e-010  8.0862554e-010  8.6355363e-010  1.0808055e-009  1.1119622e-009  1.4258125e-009  1.6510779e-009  1.7428467e-009
  2.0000000e+001  1.1288791e-009  1.1434750e-009  1.1178443e-009  1.0588845e-009  1.0318136e-009  1.0100058e-009  9.9435235e-010  9.7954750e-010  9.6341641e-010  9.3001828e-010  8.3275384e-010  7.9817206e-010             NaN             NaN             NaN             NaN             NaN             NaN             NaN             NaN             NaN             NaN             NaN  6.8271098e-010  8.7432598e-010  9.0833332e-010  9.4734093e-010  9.2929601e-010  9.9171614e-010  1.0238403e-009  1.1417649e-009  1.2801724e-009  1.3110386e-009  1.5530475e-009  1.6397891e-009  1.6712395e-009
  1.5000000e+001  1.3372746e-009  1.2870324e-009  1.2652882e-009  1.2559116e-009  1.2342595e-009  1.2010911e-009  1.1559802e-009  1.1766404e-009  1.0961870e-009  1.0334750e-009  9.4968195e-010             NaN             NaN             NaN             NaN             NaN             NaN             NaN             NaN             NaN             NaN             NaN             NaN  7.3324664e-010  1.0203251e-009  1.1459186e-009  1.1387615e-009  1.1751343e-009  1.2213952e-009  1.2334160e-009  1.3085524e-009  1.4038076e-009  1.5036649e-009  1.5743455e-009  1.6682736e-009  1.7809967e-009
  1.0000000e+001  1.4518740e-009  1.4363143e-009  1.3929541e-009  1.3581607e-009  1.3043185e-009  1.3186639e-009  1.2690294e-009  1.2333190e-009  1.2074572e-009  1.1039179e-009  9.8869931e-010  1.0234679e-009             NaN             NaN             NaN             NaN             NaN             NaN             NaN             NaN             NaN             NaN             NaN  9.1123652e-010  1.1422328e-009  1.2684938e-009  1.3049702e-009  1.3076636e-009  1.3477877e-009  1.4138955e-009  1.4783064e-009  1.5200288e-009  1.5365762e-009  1.6052384e-009  1.6296093e-009  1.7423477e-009
  7.0000000e+000  1.6057919e-009  1.6041125e-009  1.5566284e-009  1.5325166e-009  1.4808612e-009  1.4756791e-009  1.4320108e-009  1.3937382e-009  1.3273928e-009  1.2453924e-009  1.1566062e-009             NaN             NaN             NaN             NaN             NaN             NaN             NaN             NaN             NaN             NaN             NaN             NaN  1.1081910e-009  1.3468070e-009  1.3253662e-009  1.3740251e-009  1.3913904e-009  1.4515248e-009  1.4492110e-009  1.5118277e-009  1.5610759e-009  1.5777675e-009  1.5850474e-009  1.6237874e-009  1.6903201e-009
  5.0000000e+000  1.7554395e-009  1.7056445e-009  1.7023838e-009  1.6709466e-009  1.6810309e-009  1.6411728e-009  1.5868524e-009  1.5278095e-009  1.4692424e-009  1.3740793e-009  1.2631605e-009  1.2111556e-009             NaN             NaN             NaN             NaN             NaN             NaN             NaN             NaN             NaN             NaN             NaN  1.2482703e-009  1.3519090e-009  1.4402912e-009  1.3860945e-009  1.4440216e-009  1.4908126e-009  1.5318483e-009  1.5930304e-009  1.5970070e-009  1.6361061e-009  1.6577735e-009  1.6439889e-009  1.7190733e-009
  3.0000000e+000  1.8309369e-009  1.8712363e-009  1.8715330e-009  1.8294272e-009  1.8013218e-009  1.8041997e-009  1.7587610e-009  1.6978473e-009  1.6944924e-009  1.5812145e-009  1.5520620e-009  1.2619673e-009             NaN             NaN             NaN             NaN             NaN             NaN             NaN             NaN             NaN             NaN  1.2342588e-009  1.3020661e-009  1.4626758e-009  1.5257816e-009  1.5307139e-009  1.5599748e-009  1.5880066e-009  1.5863527e-009  1.6371747e-009  1.6341909e-009  1.6828955e-009  1.6709222e-009  1.6605020e-009  1.7837989e-009
  2.0000000e+000  1.9302230e-009  1.9007960e-009  1.9343962e-009  1.8738047e-009  1.9035318e-009  1.8738997e-009  1.8854913e-009  1.8462653e-009  1.7969932e-009  1.6336529e-009  1.5654207e-009             NaN             NaN             NaN             NaN             NaN             NaN             NaN             NaN             NaN             NaN             NaN             NaN  1.4737826e-009  1.4508761e-009  1.4857907e-009  1.5837635e-009  1.5988600e-009  1.6264362e-009  1.7044592e-009  1.7287239e-009  1.7159191e-009  1.7394167e-009  1.7377855e-009  1.7129044e-009             NaN
  1.5000000e+000  2.0569556e-009  2.0520176e-009  1.9420872e-009  1.9487206e-009  1.8991961e-009  1.8773314e-009  1.9005371e-009  1.8366299e-009  1.7665467e-009  1.7427948e-009  1.7118193e-009  1.5908758e-009             NaN             NaN             NaN             NaN             NaN             NaN             NaN             NaN             NaN             NaN             NaN  1.5593810e-009  1.6254126e-009  1.6821663e-009  1.7018544e-009  1.6962673e-009  1.7161847e-009  1.7552029e-009  1.7564142e-009  1.7957499e-009  1.8206808e-009  1.8592578e-009  1.7531800e-009  1.8122180e-009
  1.0000000e+000  2.0573771e-009  2.0617131e-009  2.0264776e-009  2.0112200e-009  2.0380060e-009  2.0110009e-009  1.9754049e-009  1.9196643e-009  1.8833201e-009  1.8785144e-009  1.7667037e-009             NaN             NaN             NaN             NaN             NaN             NaN             NaN             NaN             NaN             NaN             NaN  1.6630231e-009             NaN  1.7503139e-009  1.8431596e-009  1.8002421e-009  1.8059841e-009  1.8275836e-009  1.8349165e-009  1.8319395e-009  1.8103622e-009  1.7600248e-009  1.7889318e-009  1.8365183e-009  1.7646526e-009
  7.0000000e-001  2.1127846e-009  2.0948042e-009  2.1918255e-009  2.0976759e-009  2.0778451e-009  2.2066880e-009  2.2685035e-009             NaN             NaN             NaN             NaN             NaN             NaN             NaN             NaN             NaN             NaN             NaN             NaN             NaN             NaN             NaN             NaN             NaN  1.9644138e-009  1.9327109e-009  1.9903167e-009  1.9227840e-009  1.8826819e-009  1.9050231e-009  1.8717840e-009  1.8154095e-009  1.8438292e-009  1.7329248e-009  1.7329675e-009  1.5869846e-009
  5.0000000e-001             NaN  2.3385163e-009             NaN             NaN             NaN             NaN             NaN             NaN             NaN             NaN             NaN             NaN             NaN             NaN             NaN             NaN             NaN             NaN             NaN             NaN             NaN             NaN             NaN             NaN             NaN             NaN             NaN             NaN             NaN             NaN  1.5183124e-009  1.7682234e-009  1.7722971e-009  1.6433757e-009  1.7306104e-009  1.5167926e-009
  3.0000000e-001             NaN             NaN             NaN             NaN             NaN             NaN             NaN             NaN             NaN             NaN             NaN             NaN             NaN             NaN             NaN             NaN             NaN             NaN             NaN             NaN             NaN             NaN             NaN             NaN             NaN             NaN             NaN             NaN             NaN             NaN             NaN             NaN             NaN             NaN             NaN             NaN
  2.0000000e-001             NaN             NaN             NaN             NaN             NaN             NaN             NaN             NaN             NaN             NaN             NaN             NaN             NaN             NaN             NaN             NaN             NaN             NaN             NaN             NaN             NaN             NaN             NaN             NaN             NaN             NaN             NaN             NaN             NaN             NaN             NaN             NaN             NaN             NaN             NaN             NaN
  1.5000000e-001             NaN             NaN             NaN             NaN             NaN             NaN             NaN             NaN             NaN             NaN             NaN             NaN             NaN             NaN             NaN             NaN             NaN             NaN             NaN             NaN             NaN             NaN             NaN             NaN             NaN             NaN             NaN             NaN             NaN             NaN             NaN             NaN             NaN             NaN             NaN             NaN
  1.0000000e-001             NaN             NaN             NaN             NaN             NaN             NaN             NaN             NaN             NaN             NaN             NaN             NaN             NaN             NaN             NaN             NaN             NaN             NaN             NaN             NaN             NaN             NaN             NaN             NaN             NaN             NaN             NaN             NaN             NaN             NaN             NaN             NaN             NaN             NaN             NaN             NaN
             NaN -8.7500000e+001 -8.2500000e+001 -7.7500000e+001 -7.2500000e+001 -6.7500000e+001 -6.2500000e+001 -5.7500000e+001 -5.2500000e+001 -4.7500000e+001 -4.2500000e+001 -3.7500000e+001 -3.2500000e+001 -2.7500000e+001 -2.2500000e+001 -1.7500000e+001 -1.2500000e+001 -7.5000000e+000 -2.5000000e+000  2.5000000e+000  7.5000000e+000  1.2500000e+001  1.7500000e+001  2.2500000e+001  2.7500000e+001  3.2500000e+001  3.7500000e+001  4.2500000e+001  4.7500000e+001  5.2500000e+001  5.7500000e+001  6.2500000e+001  6.7500000e+001  7.2500000e+001  7.7500000e+001  8.2500000e+001  8.7500000e+001
  1.0000000e+003             NaN             NaN             NaN             NaN             NaN             NaN             NaN             NaN             NaN             NaN             NaN             NaN             NaN             NaN             NaN             NaN             NaN             NaN             NaN             NaN             NaN             NaN             NaN             NaN             NaN             NaN             NaN             NaN             NaN             NaN             NaN             NaN             NaN             NaN             NaN             NaN
  8.5000000e+002             NaN             NaN             NaN             NaN             NaN             NaN             NaN             NaN             NaN             NaN             NaN             NaN             NaN             NaN             NaN             NaN             NaN             NaN             NaN             NaN             NaN             NaN             NaN             NaN             NaN             NaN             NaN             NaN             NaN             NaN             NaN             NaN             NaN             NaN             NaN             NaN
  7.0000000e+002             NaN             NaN             NaN             NaN             NaN             NaN             NaN             NaN             NaN             NaN             NaN             NaN             NaN             NaN             NaN             NaN             NaN             NaN             NaN             NaN             NaN             NaN             NaN             NaN             NaN             NaN             NaN             NaN             NaN             NaN             NaN             NaN             NaN             NaN             NaN             NaN
  5.0000000e+002             NaN             NaN             NaN             NaN             NaN             NaN             NaN             NaN             NaN             NaN             NaN             NaN             NaN             NaN             NaN             NaN             NaN             NaN             NaN             NaN             NaN             NaN             NaN             NaN             NaN             NaN             NaN             NaN             NaN             NaN             NaN             NaN             NaN             NaN             NaN             NaN
  4.0000000e+002             NaN             NaN             NaN             NaN             NaN             NaN             NaN             NaN             NaN             NaN             NaN             NaN             NaN             NaN             NaN             NaN             NaN             NaN             NaN             NaN             NaN             NaN             NaN             NaN             NaN             NaN             NaN             NaN             NaN             NaN             NaN             NaN             NaN             NaN             NaN             NaN
  3.0000000e+002             NaN             NaN             NaN             NaN             NaN             NaN             NaN             NaN             NaN             NaN             NaN             NaN             NaN             NaN             NaN             NaN             NaN             NaN             NaN             NaN             NaN             NaN             NaN             NaN             NaN             NaN             NaN             NaN             NaN             NaN             NaN             NaN             NaN             NaN             NaN             NaN
  2.5000000e+002             NaN             NaN  1.5006919e-011  2.4317224e-011  2.3079841e-011  3.7748909e-011  2.3537466e-011  2.5508382e-011  3.5963678e-011  9.3318234e-012             NaN  1.1843391e-011  8.9259520e-012  6.5333353e-012             NaN             NaN             NaN             NaN             NaN             NaN             NaN             NaN             NaN             NaN             NaN  3.2261549e-011  4.8360811e-011  4.6497384e-011  3.9371850e-011  7.3342226e-011  3.7355096e-011  5.0079576e-011  4.3810748e-011  3.0238122e-011  3.8750544e-011             NaN
  2.0000000e+002             NaN  3.6669431e-011  2.8908819e-011  2.5915335e-011  2.9504095e-011  2.5679667e-011  2.9789737e-011  2.9002775e-011  3.5674944e-011  1.7213427e-011  3.6867097e-011  8.1790114e-012  9.9952714e-012             NaN             NaN             NaN             NaN             NaN             NaN             NaN             NaN             NaN             NaN             NaN  2.5680788e-011  5.8412421e-011  6.2417184e-011  7.7782715e-011  7.4202454e-011  6.8748365e-011  1.0942499e-010  1.0056845e-010  7.8744717e-011  1.2732684e-010  9.3710141e-011             NaN
  1.7000000e+002             NaN  4.2784607e-011  2.6534451e-011  3.3825302e-011  2.7812214e-011  3.2383933e-011  1.7635989e-011  2.7396931e-011  2.9490045e-011  3.0501209e-011  3.3633820e-011  1.8317346e-011  5.7991481e-012  7.5210155e-012             NaN             NaN             NaN             NaN             NaN             NaN             NaN             NaN             NaN             NaN  2.8520571e-011  4.2545618e-011  4.4742371e-011  3.7860364e-011  8.5991094e-011  1.0571753e-010  1.1256486e-010  6.9558606e-011  1.3195150e-010  1.2370333e-010  1.5654396e-010             NaN
  1.5000000e+002  4.9330635e-011  3.4669400e-011  3.6603581e-011  3.0116240e-011  3.3595765e-011  3.0893484e-011  3.7563863e-011  2.7252922e-011  3.1724329e-011  2.8174478e-011  1.9312802e-011  2.3942337e-011  1.7429243e-011             NaN             NaN             NaN             NaN             NaN             NaN             NaN             NaN             NaN             NaN  1.2255559e-011  1.9487148e-011  2.4691899e-011  4.6686092e-011  4.7572069e-011  4.7342189e-011  4.7332037e-011  5.7703366e-011  6.6100912e-011  1.0863315e-010  1.0086429e-010  8.3036491e-011             NaN
  1.3000000e+002  4.2199247e-011  3.7467792e-011  4.3301124e-011  3.8970391e-011  3.4399020e-011  3.0832680e-011  2.9262957e-011  3.5593477e-011  3.9096676e-011  4.3838237e-011  3.7581924e-011  3.4348653e-011  2.1442065e-011  1.9669249e-011             NaN             NaN             NaN             NaN             NaN             NaN             NaN             NaN             NaN  2.5587037e-011  7.6105390e-011  5.2951477e-011  3.8750159e-011  5.5349240e-011  4.7140272e-011  6.7115790e-011  5.8669297e-011  7.2089569e-011  7.2368650e-011  7.9635508e-011  6.6309442e-011  4.9153043e-011
  1.1500000e+002  6.7032232e-011  4.0562571e-011  5.3858042e-011  5.9315311e-011  6.0961756e-011  5.0440690e-011  3.8510052e-011  4.0517328e-011  4.5210858e-011  6.0449330e-011  4.1151177e-011  2.8153530e-011  2.3345009e-011  3.2058260e-011             NaN             NaN             NaN             NaN             NaN             NaN             NaN             NaN  1.6854683e-011  4.4317718e-011  4.9426922e-011  5.9619304e-011  6.3703658e-011  6.2321884e-011  6.8054002e-011  6.3692322e-011  7.4520612e-011  7.3315370e-011  8.8078539e-011  6.9339525e-011  7.7441547e-011  2.7919074e-011
  1.0000000e+002  4.5656571e-011  5.3633905e-011  9.1272400e-011  6.9577921e-011  7.2029195e-011  6.0072183e-011  6.7546305e-011  8.8363255e-011  5.3485034e-011  4.4432858e-011  1.1187040e-010  3.7783683e-011  3.7941485e-011             NaN             NaN             NaN             NaN             NaN             NaN             NaN             NaN             NaN  1.4377403e-011  8.4914728e-011  7.7575557e-011  9.4103876e-011  7.7026750e-011  8.6520777e-011  1.0387337e-010  9.2323029e-011  7.2142186e-011  9.8802834e-011  1.2442295e-010  1.0126134e-010  8.3996013e-011  8.4346639e-011
  9.0000000e+001  3.7740673e-011  4.7710619e-011  5.6377648e-011  7.1973742e-011  4.5285243e-011  6.5114242e-011  6.3245644e-011  6.3450008e-011  1.0579414e-010  7.0520634e-011  7.9663106e-011  6.5507783e-011             NaN             NaN             NaN             NaN             NaN             NaN             NaN             NaN             NaN             NaN  2.5693597e-011  4.8248277e-011  9.4249015e-011  8.2996146e-011  8.6951519e-011  8.6938242e-011  1.3897362e-010  6.9433635e-011  7.9885691e-011  1.6424497e-010  1.0276677e-010  7.6972607e-011  9.0934022e-011             NaN
  8.0000000e+001  4.5613601e-011  8.4146878e-011  9.0405090e-011  7.6719306e-011  9.4004437e-011  8.1007329e-011  1.0148214e-010  6.7942565e-011  7.3602795e-011  8.5052326e-011  6.8282629e-011  3.9116318e-011             NaN             NaN             NaN             NaN             NaN             NaN             NaN             NaN             NaN             NaN  8.6864136e-011  9.0686448e-011  6.2262048e-011  6.3929142e-011  8.6414557e-011  6.7021651e-011  1.3395156e-010  1.3013261e-010  8.4215070e-011  9.5982808e-011  1.1234790e-010  1.0951846e-010  8.9693653e-011  6.8244569e-011
  7.0000000e+001  4.8274329e-011  8.2017646e-011  7.3472349e-011  8.3368935e-011  1.1506136e-010  9.0695832e-011  9.8824822e-011  1.3845209e-010  1.1521711e-010  8.2766091e-011  9.7268873e-011  7.8326470e-011             NaN             NaN             NaN             NaN             NaN             NaN             NaN             NaN             NaN             NaN  9.4628187e-011  1.0404412e-010  1.0668375e-010  9.8235271e-011  8.5754680e-011  9.9273411e-011  9.8690143e-011  9.4937224e-011  1.3190764e-010  1.1307234e-010  1.8550882e-010  1.2921089e-010  1.2349552e-010  9.6970562e-011
  5.0000000e+001  5.5949456e-011  9.5683475e-011  8.7283231e-011  8.6191059e-011  9.3282270e-011  1.2158667e-010  1.1183418e-010  1.2063818e-010  1.0463691e-010  7.9055795e-011  1.1459868e-010  1.0238617e-010             NaN             NaN             NaN             NaN             NaN             NaN             NaN             NaN             NaN             NaN  5.4218430e-011  8.6458929e-011  1.0380158e-010  9.6189506e-011  8.4971708e-011  8.5549533e-011  9.8998492e-011  9.8563986e-011  1.2787693e-010  2.0896537e-010  2.8336733e-010  2.6399408e-010  2.6634325e-010  1.8008972e-010
  3.0000000e+001  8.3433826e-011  8.2318070e-011  7.4716252e-011  8.7299455e-011  8.1891370e-011  7.4179883e-011  7.7374394e-011  6.9855470e-011  8.3460115e-011  8.2332979e-011  6.2745981e-011  1.1991128e-010             NaN             NaN             NaN             NaN             NaN             NaN             NaN             NaN             NaN             NaN             NaN  4.7039833e-011  7.3511087e-011  1.0796658e-010  9.9780498e-011  1.1979035e-010  1.0742413e-010  7.0148547e-011  1.5028234e-010  3.0616911e-010  3.0690230e-010  3.4850645e-010  2.2902955e-010  1.2116951e-010
  2.0000000e+001  1.0847505e-010  1.0802935e-010  6.9051846e-011  9.9403599e-011  1.0069611e-010  1.0732320e-010  1.3702850e-010  8.4331088e-011  9.6841381e-011  7.7735263e-011  8.6391600e-011  6.2176704e-011             NaN             NaN             NaN             NaN             NaN             NaN             NaN             NaN             NaN             NaN             NaN  9.3298595e-011  1.5943973e-010  1.4981878e-010  1.5205919e-010  1.3778753e-010  1.4853597e-010  1.2691000e-010  1.4074343e-010  2.7097257e-010  2.7776238e-010  2.7768891e-010  2.1380565e-010  1.2628824e-010
  1.5000000e+001  1.0232094e-010  1.0718575e-010  9.0442617e-011  8.0409285e-011  1.0967967e-010  1.0020452e-010  1.1601104e-010  1.1871189e-010  1.2141792e-010  1.1784114e-010  4.5927955e-011             NaN             NaN             NaN             NaN             NaN             NaN             NaN             NaN             NaN             NaN             NaN             NaN  7.0769678e-011  1.6775494e-010  1.7910909e-010  1.6466307e-010  1.5478261e-010  1.4911059e-010  1.1844706e-010  1.3710591e-010  1.8779617e-010  2.0755134e-010  1.7525921e-010  1.3540451e-010  1.0869764e-010
  1.0000000e+001  1.0608956e-010  9.3008481e-011  1.0090089e-010  7.5411503e-011  8.7570324e-011  7.9649580e-011  7.5667672e-011  1.0155676e-010  8.6205123e-011  9.4232517e-011  1.5080444e-010  1.7772839e-010             NaN             NaN             NaN             NaN             NaN             NaN             NaN             NaN             NaN             NaN             NaN  1.9173622e-010  1.5615921e-010  1.3107278e-010  1.0920432e-010  1.1076471e-010  1.1664315e-010  8.2874246e-011  1.0745407e-010  1.3689871e-010  1.2103183e-010  1.2161657e-010  1.2229569e-010  3.4706830e-011
  7.0000000e+000  8.2723560e-011  1.1670280e-010  9.7514839e-011  9.4324489e-011  8.9576142e-011  1.0281576e-010  8.5131324e-011  7.8400630e-011  8.8657487e-011  1.6375182e-010  9.7085831e-011             NaN             NaN             NaN             NaN             NaN             NaN             NaN             NaN             NaN             NaN             NaN             NaN  2.0895503e-010  9.5499036e-011  1.3759741e-010  7.9059079e-011  9.7838634e-011  7.8355238e-011  1.1088155e-010  6.5016216e-011  1.0543941e-010  9.5908127e-011  9.4735785e-011  1.1271061e-010  4.6007404e-011
  5.0000000e+000  1.1433747e-010  9.8545589e-011  1.0409620e-010  1.0101084e-010  1.0171735e-010  8.1750909e-011  9.2382366e-011  1.0790269e-010  9.5000304e-011  9.9726040e-011  1.3960592e-010  1.3193801e-010             NaN             NaN             NaN             NaN             NaN             NaN             NaN             NaN             NaN             NaN             NaN  1.5353235e-010  9.8393099e-011  1.3409048e-010  1.0788401e-010  1.0972567e-010  1.0100487e-010  9.9612408e-011  1.0518915e-010  1.0034864e-010  9.2846876e-011  1.0440817e-010  1.0206931e-010  9.4815477e-011
  3.0000000e+000  8.8471341e-011  1.1601271e-010  1.2071523e-010  9.7289996e-011  8.6350046e-011  1.0292613e-010  1.1708990e-010  1.1818545e-010  1.4156579e-010  1.0926224e-010  1.2203913e-010  1.1697973e-010             NaN             NaN             NaN             NaN             NaN             NaN             NaN             NaN             NaN             NaN  8.3399224e-011  1.0589018e-010  1.1694992e-010  1.1707325e-010  1.1942335e-010  1.1532153e-010  1.2504369e-010  1.2132634e-010  1.1462378e-010  8.7351261e-011  1.0091439e-010  7.7282403e-011  1.0346746e-010  7.5682631e-011
  2.0000000e+000  1.4236849e-010  1.3177531e-010  1.1725720e-010  9.6425094e-011  1.3624340e-010  1.1618865e-010  9.4146082e-011  1.0191907e-010  1.4428668e-010  1.4722037e-010  1.2829990e-010             NaN             NaN             NaN             NaN             NaN             NaN             NaN             NaN             NaN             NaN             NaN             NaN  9.9496431e-011  1.5756937e-010  1.3199130e-010  1.4579344e-010  1.5976464e-010  1.6534432e-010  1.2502245e-010  1.5762509e-010  1.2698036e-010  1.4272160e-010  1.3375785e-010  1.2035585e-010             NaN
  1.5000000e+000  1.5604561e-010  1.6609866e-010  1.2748834e-010  1.1061428e-010  1.0145280e-010  8.0843742e-011  9.5969240e-011  8.7000708e-011  1.6107211e-010  7.7660629e-011  1.1275817e-010  8.0036506e-011             NaN             NaN             NaN             NaN             NaN             NaN             NaN             NaN             NaN             NaN             NaN  9.1458875e-011  1.4904734e-010  1.5046229e-010  1.3528085e-010  1.0084292e-010  1.3831581e-010  1.0895270e-010  1.3804438e-010  1.6162006e-010  1.3048101e-010  1.7281208e-010  1.2325093e-010  2.6808758e-010
  1.0000000e+000  7.7739730e-011  1.1176275e-010  1.3301397e-010  1.0594481e-010  1.3397153e-010  1.4210942e-010  1.3778766e-010  1.4205612e-010  1.5070451e-010  1.2057593e-010  1.2681711e-010             NaN             NaN             NaN             NaN             NaN             NaN             NaN             NaN             NaN             NaN             NaN  4.5700503e-011             NaN  1.1137785e-010  1.4229298e-010  1.1118673e-010  1.1902793e-010  1.1681790e-010  1.2374813e-010  1.2273809e-010  1.1393987e-010  1.4749364e-010  1.4802691e-010  1.3183983e-010  2.2356819e-010
  7.0000000e-001  1.1761692e-010  1.6682545e-010  1.6394121e-010  1.8071489e-010  1.5515845e-010  1.6994247e-010  1.3513955e-010             NaN             NaN             NaN             NaN             NaN             NaN             NaN             NaN             NaN             NaN             NaN             NaN             NaN             NaN             NaN             NaN             NaN  4.4894370e-011  2.8754815e-010  8.8318816e-011  9.4842806e-011  1.3664178e-010  1.6232003e-010  1.6182350e-010  2.1116604e-010  1.9246737e-010  2.0176725e-010  2.1759780e-010  2.4966456e-010
  5.0000000e-001             NaN  1.5695101e-010             NaN             NaN             NaN             NaN             NaN             NaN             NaN             NaN             NaN             NaN             NaN             NaN             NaN             NaN             NaN             NaN             NaN             NaN             NaN             NaN             NaN             NaN             NaN             NaN             NaN             NaN             NaN             NaN  4.4911476e-010  1.1749885e-010  2.5432671e-010  2.3080798e-010  3.0994392e-010  4.7465882e-010
  3.0000000e-001             NaN             NaN             NaN             NaN             NaN             NaN             NaN             NaN             NaN             NaN             NaN             NaN             NaN             NaN             NaN             NaN             NaN             NaN             NaN             NaN             NaN             NaN             NaN             NaN             NaN             NaN             NaN             NaN             NaN             NaN             NaN             NaN             NaN             NaN             NaN             NaN
  2.0000000e-001             NaN             NaN             NaN             NaN             NaN             NaN             NaN             NaN             NaN             NaN             NaN             NaN             NaN             NaN             NaN             NaN             NaN             NaN             NaN             NaN             NaN             NaN             NaN             NaN             NaN             NaN             NaN             NaN             NaN             NaN             NaN             NaN             NaN             NaN             NaN             NaN
  1.5000000e-001             NaN             NaN             NaN             NaN             NaN             NaN             NaN             NaN             NaN             NaN             NaN             NaN             NaN             NaN             NaN             NaN             NaN             NaN             NaN             NaN             NaN             NaN             NaN             NaN             NaN             NaN             NaN             NaN             NaN             NaN             NaN             NaN             NaN             NaN             NaN             NaN
  1.0000000e-001             NaN             NaN             NaN             NaN             NaN             NaN             NaN             NaN             NaN             NaN             NaN             NaN             NaN             NaN             NaN             NaN             NaN             NaN             NaN             NaN             NaN             NaN             NaN             NaN             NaN             NaN             NaN             NaN             NaN             NaN             NaN             NaN             NaN             NaN             NaN             NaN
             NaN -8.7500000e+001 -8.2500000e+001 -7.7500000e+001 -7.2500000e+001 -6.7500000e+001 -6.2500000e+001 -5.7500000e+001 -5.2500000e+001 -4.7500000e+001 -4.2500000e+001 -3.7500000e+001 -3.2500000e+001 -2.7500000e+001 -2.2500000e+001 -1.7500000e+001 -1.2500000e+001 -7.5000000e+000 -2.5000000e+000  2.5000000e+000  7.5000000e+000  1.2500000e+001  1.7500000e+001  2.2500000e+001  2.7500000e+001  3.2500000e+001  3.7500000e+001  4.2500000e+001  4.7500000e+001  5.2500000e+001  5.7500000e+001  6.2500000e+001  6.7500000e+001  7.2500000e+001  7.7500000e+001  8.2500000e+001  8.7500000e+001
  1.0000000e+003             NaN             NaN             NaN             NaN             NaN             NaN             NaN             NaN             NaN             NaN             NaN             NaN             NaN             NaN             NaN             NaN             NaN             NaN             NaN             NaN             NaN             NaN             NaN             NaN             NaN             NaN             NaN             NaN             NaN             NaN             NaN             NaN             NaN             NaN             NaN             NaN
  8.5000000e+002             NaN             NaN             NaN             NaN             NaN             NaN             NaN             NaN             NaN             NaN             NaN             NaN             NaN             NaN             NaN             NaN             NaN             NaN             NaN             NaN             NaN             NaN             NaN             NaN             NaN             NaN             NaN             NaN             NaN             NaN             NaN             NaN             NaN             NaN             NaN             NaN
  7.0000000e+002             NaN             NaN             NaN             NaN             NaN             NaN             NaN             NaN             NaN             NaN             NaN             NaN             NaN             NaN             NaN             NaN             NaN             NaN             NaN             NaN             NaN             NaN             NaN             NaN             NaN             NaN             NaN             NaN             NaN             NaN             NaN             NaN             NaN             NaN             NaN             NaN
  5.0000000e+002             NaN             NaN             NaN             NaN             NaN             NaN             NaN             NaN             NaN             NaN             NaN             NaN             NaN             NaN             NaN             NaN             NaN             NaN             NaN             NaN             NaN             NaN             NaN             NaN             NaN             NaN             NaN             NaN             NaN             NaN             NaN             NaN             NaN             NaN             NaN             NaN
  4.0000000e+002             NaN             NaN             NaN             NaN             NaN             NaN             NaN             NaN             NaN             NaN             NaN             NaN             NaN             NaN             NaN             NaN             NaN             NaN             NaN             NaN             NaN             NaN             NaN             NaN             NaN             NaN             NaN             NaN             NaN             NaN             NaN             NaN             NaN             NaN             NaN             NaN
  3.0000000e+002             NaN             NaN             NaN             NaN             NaN             NaN             NaN             NaN             NaN             NaN             NaN             NaN             NaN             NaN             NaN             NaN             NaN             NaN             NaN             NaN             NaN             NaN             NaN             NaN             NaN             NaN             NaN             NaN             NaN             NaN             NaN             NaN             NaN             NaN             NaN             NaN
  2.5000000e+002             NaN             NaN  9.8100000e-012  9.8500000e-012  8.5700000e-012  9.0300000e-012  8.6700000e-012  8.3800000e-012  6.8650000e-012  5.5400000e-012             NaN  5.4000000e-012  5.9600000e-012  5.9150000e-012             NaN             NaN             NaN             NaN             NaN             NaN             NaN             NaN             NaN             NaN             NaN  7.0900000e-012  9.2750000e-012  1.0250000e-011  9.8300000e-012  1.0600000e-011  1.0100000e-011  1.0200000e-011  1.1500000e-011  1.1500000e-011  8.7800000e-012             NaN
  2.0000000e+002             NaN  1.0800000e-011  9.7750000e-012  9.2600000e-012  8.7750000e-012  9.0600000e-012  8.8450000e-012  8.7150000e-012  8.3500000e-012  5.2900000e-012  7.4950000e-012  3.8600000e-012  4.5800000e-012             NaN             NaN             NaN             NaN             NaN             NaN             NaN             NaN             NaN             NaN             NaN  4.9150000e-012  8.0200000e-012  8.1200000e-012  1.0250000e-011  9.7000000e-012  9.8000000e-012  1.0350000e-011  1.0750000e-011  1.0500000e-011  1.2100000e-011  1.1550000e-011             NaN
  1.7000000e+002             NaN  8.2900000e-012  8.2400000e-012  6.8600000e-012  6.9500000e-012  6.8900000e-012  6.1100000e-012  5.8350000e-012  5.9050000e-012  5.5350000e-012  5.3300000e-012  4.5600000e-012  4.0600000e-012  3.5800000e-012             NaN             NaN             NaN             NaN             NaN             NaN             NaN             NaN             NaN             NaN  1.0800000e-011  5.5750000e-012  6.1200000e-012  6.9700000e-012  6.8800000e-012  7.5900000e-012  7.6400000e-012  8.2750000e-012  8.8600000e-012  8.9200000e-012  8.6500000e-012             NaN
  1.5000000e+002  8.6400000e-012  8.1150000e-012  8.2900000e-012  8.0150000e-012  7.2900000e-012  7.0800000e-012  6.5700000e-012  7.1550000e-012  6.7350000e-012  6.6000000e-012  6.0950000e-012  5.8600000e-012  5.8800000e-012             NaN             NaN             NaN             NaN             NaN             NaN             NaN             NaN             NaN             NaN  5.2600000e-012  5.9900000e-012  7.0100000e-012  7.2400000e-012  7.1250000e-012  7.3050000e-012  8.2200000e-012  8.5000000e-012  9.3350000e-012  9.2400000e-012  9.8750000e-012  1.0500000e-011             NaN
  1.3000000e+002  9.0700000e-012  9.2700000e-012  9.4100000e-012  8.3800000e-012  8.1100000e-012  8.4450000e-012  7.6900000e-012  7.5600000e-012  7.4900000e-012  7.4150000e-012  7.0650000e-012  7.1300000e-012  5.7700000e-012  5.5050000e-012             NaN             NaN             NaN             NaN             NaN             NaN             NaN             NaN             NaN  6.9300000e-012  6.9300000e-012  7.4800000e-012  6.9500000e-012  7.5400000e-012  8.2550000e-012  8.8700000e-012  9.3500000e-012  1.0400000e-011  1.0500000e-011  1.2000000e-011  1.2400000e-011  1.2700000e-011
  1.1500000e+002  1.1050000e-011  1.0600000e-011  9.8600000e-012  9.8750000e-012  9.8050000e-012  8.9000000e-012  8.6500000e-012  8.3200000e-012  8.3950000e-012  8.1650000e-012  7.2800000e-012  7.6750000e-012  7.3950000e-012  7.1100000e-012             NaN             NaN             NaN             NaN             NaN             NaN             NaN             NaN  8.0900000e-012  7.6800000e-012  7.6450000e-012  8.1700000e-012  8.0600000e-012  8.7100000e-012  9.6600000e-012  9.6700000e-012  1.0350000e-011  1.1400000e-011  1.2300000e-011  1.3350000e-011  1.3700000e-011  1.2900000e-011
  1.0000000e+002  1.2400000e-011  1.2100000e-011  1.1800000e-011  1.1400000e-011  1.0700000e-011  1.0450000e-011  1.0150000e-011  9.4150000e-012  9.3600000e-012  9.1900000e-012  1.0600000e-011  9.0100000e-012  8.7450000e-012             NaN             NaN             NaN             NaN             NaN             NaN             NaN             NaN             NaN  8.7900000e-012  8.8050000e-012  8.8000000e-012  8.5150000e-012  9.2500000e-012  9.8200000e-012  9.8300000e-012  1.0950000e-011  1.1500000e-011  1.3000000e-011  1.4000000e-011  1.5300000e-011  1.6000000e-011  1.7100000e-011
  9.0000000e+001  1.2500000e-011  1.3300000e-011  1.2800000e-011  1.3200000e-011  1.2500000e-011  1.1600000e-011  1.0900000e-011  1.0800000e-011  1.0750000e-011  1.0700000e-011  1.0200000e-011  9.9550000e-012             NaN             NaN             NaN             NaN             NaN             NaN             NaN             NaN             NaN             NaN  1.0600000e-011  1.0100000e-011  1.0350000e-011  1.0200000e-011  1.0400000e-011  1.0850000e-011  1.1000000e-011  1.2100000e-011  1.2050000e-011  1.4900000e-011  1.6500000e-011  1.6700000e-011  1.7700000e-011             NaN
  8.0000000e+001  1.5350000e-011  1.4400000e-011  1.4450000e-011  1.4150000e-011  1.3400000e-011  1.3250000e-011  1.2600000e-011  1.2300000e-011  1.2100000e-011  1.1800000e-011  1.1700000e-011  1.0450000e-011             NaN             NaN             NaN             NaN             NaN             NaN             NaN             NaN             NaN             NaN  1.1100000e-011  1.1400000e-011  1.1300000e-011  1.1700000e-011  1.1700000e-011  1.1100000e-011  1.2200000e-011  1.3150000e-011  1.4300000e-011  1.6000000e-011  1.7900000e-011  1.7900000e-011  1.9150000e-011  2.2700000e-011
  7.0000000e+001  1.7100000e-011  1.7050000e-011  1.6800000e-011  1.5750000e-011  1.5300000e-011  1.5100000e-011  1.4800000e-011  1.5100000e-011  1.3900000e-011  1.4500000e-011  1.3500000e-011  1.3800000e-011             NaN             NaN             NaN             NaN             NaN             NaN             NaN             NaN             NaN             NaN  1.2000000e-011  1.3500000e-011  1.3200000e-011  1.3650000e-011  1.3400000e-011  1.3600000e-011  1.3850000e-011  1.4700000e-011  1.5700000e-011  1.6900000e-011  2.0450000e-011  2.1600000e-011  2.1700000e-011  2.3400000e-011
  5.0000000e+001  2.3000000e-011  2.2850000e-011  2.1850000e-011  2.0700000e-011  2.1100000e-011  2.0800000e-011  1.9900000e-011  2.0300000e-011  1.9200000e-011  1.9550000e-011  1.8700000e-011  1.6500000e-011             NaN             NaN             NaN             NaN             NaN             NaN             NaN             NaN             NaN             NaN  1.6700000e-011  1.7500000e-011  1.7500000e-011  1.8700000e-011  1.8550000e-011  1.7800000e-011  1.8500000e-011  1.9800000e-011  2.0400000e-011  2.2250000e-011  2.4000000e-011  2.7100000e-011  2.9200000e-011  2.7400000e-011
  3.0000000e+001  3.2200000e-011  3.0800000e-011  2.9900000e-011  2.9350000e-011  2.7900000e-011  2.6800000e-011  2.8200000e-011  2.7700000e-011  2.7250000e-011  2.9200000e-011  2.7150000e-011  2.5500000e-011             NaN             NaN             NaN             NaN             NaN             NaN             NaN             NaN             NaN             NaN             NaN  2.4500000e-011  2.6000000e-011  2.5850000e-011  2.7200000e-011  2.6450000e-011  2.7050000e-011  2.6600000e-011  2.6950000e-011  3.1200000e-011  3.1300000e-011  3.6200000e-011  3.9900000e-011  3.8000000e-011
  2.0000000e+001  4.0400000e-011  3.8550000e-011  3.8000000e-011  3.6100000e-011  3.5300000e-011  3.4700000e-011  3.5300000e-011  3.4250000e-011  3.4850000e-011  3.6600000e-011  3.4450000e-011  3.3800000e-011             NaN             NaN             NaN             NaN             NaN             NaN             NaN             NaN             NaN             NaN             NaN  2.9400000e-011  3.4200000e-011  3.3200000e-011  3.4600000e-011  3.4800000e-011  3.5700000e-011  3.6400000e-011  3.7850000e-011  4.1100000e-011  4.0350000e-011  4.5400000e-011  4.6650000e-011  4.6000000e-011
  1.5000000e+001  5.2800000e-011  4.6100000e-011  4.5100000e-011  4.3500000e-011  4.2400000e-011  4.2450000e-011  4.2000000e-011  4.3150000e-011  4.2200000e-011  4.1600000e-011  3.9400000e-011             NaN             NaN             NaN             NaN             NaN             NaN             NaN             NaN             NaN             NaN             NaN             NaN  3.2900000e-011  3.8000000e-011  3.9600000e-011  4.1100000e-011  4.0550000e-011  4.2400000e-011  4.2700000e-011  4.4150000e-011  4.5500000e-011  4.7600000e-011  4.8800000e-011  5.1300000e-011  5.4600000e-011
  1.0000000e+001  5.3800000e-011  5.3500000e-011  5.0450000e-011  4.8200000e-011  4.7400000e-011  4.8400000e-011  4.7100000e-011  4.6000000e-011  4.6300000e-011  4.5200000e-011  3.9500000e-011  4.6100000e-011             NaN             NaN             NaN             NaN             NaN             NaN             NaN             NaN             NaN             NaN             NaN  3.3700000e-011  4.2000000e-011  4.5600000e-011  4.3500000e-011  4.6400000e-011  4.6800000e-011  4.8600000e-011  4.9900000e-011  5.1900000e-011  5.1900000e-011  5.2400000e-011  5.3050000e-011  5.8050000e-011
  7.0000000e+000  6.1000000e-011  5.6900000e-011  5.6500000e-011  5.4850000e-011  5.3900000e-011  5.2900000e-011  5.2600000e-011  5.2600000e-011  5.2300000e-011  4.9500000e-011  4.9950000e-011             NaN             NaN             NaN             NaN             NaN             NaN             NaN             NaN             NaN             NaN             NaN             NaN  4.3450000e-011  4.5050000e-011  4.7000000e-011  4.8550000e-011  4.9550000e-011  5.1400000e-011  5.1000000e-011  5.1900000e-011  5.3200000e-011  5.4100000e-011  5.4300000e-011  5.4750000e-011  5.5800000e-011
  5.0000000e+000  6.2900000e-011  6.1900000e-011  6.1400000e-011  5.9050000e-011  5.9000000e-011  5.8600000e-011  5.7500000e-011  5.7450000e-011  5.8250000e-011  5.6300000e-011  5.5800000e-011  5.6850000e-011             NaN             NaN             NaN             NaN             NaN             NaN             NaN             NaN             NaN             NaN             NaN  4.9100000e-011  5.2100000e-011  5.2950000e-011  5.3450000e-011  5.4300000e-011  5.4950000e-011  5.5000000e-011  5.6450000e-011  5.6000000e-011  5.8000000e-011  5.8200000e-011  5.7500000e-011  5.8800000e-011
  3.0000000e+000  7.3800000e-011  7.2900000e-011  7.1300000e-011  7.0000000e-011  6.7200000e-011  7.0850000e-011  6.9250000e-011  7.0200000e-011  7.1600000e-011  7.0700000e-011  7.4250000e-011  7.2100000e-011             NaN             NaN             NaN             NaN             NaN             NaN             NaN             NaN             NaN             NaN  6.3500000e-011  5.9350000e-011  6.0400000e-011  6.2850000e-011  6.3800000e-011  6.2900000e-011  6.4300000e-011  6.4800000e-011  6.3900000e-011  6.2700000e-011  6.3200000e-011  6.3500000e-011  6.2900000e-011  6.4800000e-011
  2.0000000e+000  8.7600000e-011  8.1800000e-011  8.3600000e-011  8.1000000e-011  8.2000000e-011  8.3850000e-011  8.6100000e-011  8.6300000e-011  8.4700000e-011  8.6900000e-011  8.9300000e-011             NaN             NaN             NaN             NaN             NaN             NaN             NaN             NaN             NaN             NaN             NaN             NaN  8.0650000e-011  7.5200000e-011  7.9450000e-011  8.3600000e-011  8.3300000e-011  8.0500000e-011  8.0500000e-011  7.8950000e-011  7.9550000e-011  7.7200000e-011  7.3500000e-011  7.4400000e-011             NaN
  1.5000000e+000  1.0600000e-010  9.9200000e-011  1.0150000e-010  7.0450000e-011  6.0900000e-011  5.9500000e-011  5.4450000e-011  6.0300000e-011  6.6300000e-011  6.6900000e-011  7.6500000e-011  9.2800000e-011             NaN             NaN             NaN             NaN             NaN             NaN             NaN             NaN             NaN             NaN             NaN  5.2650000e-011  7.1800000e-011  9.0200000e-011  5.9800000e-011  6.2000000e-011  9.1850000e-011  7.7500000e-011  9.3000000e-011  9.5600000e-011  9.1450000e-011  9.2000000e-011  9.0000000e-011  9.0650000e-011
  1.0000000e+000  6.2300000e-011  7.6600000e-011  7.8000000e-011  7.3600000e-011  7.8900000e-011  7.8250000e-011  7.7000000e-011  8.0900000e-011  7.5100000e-011  8.0600000e-011  6.7500000e-011             NaN             NaN             NaN             NaN             NaN             NaN             NaN             NaN             NaN             NaN             NaN  6.6850000e-011             NaN  7.0600000e-011  7.2300000e-011  7.6250000e-011  7.1600000e-011  7.4050000e-011  7.3650000e-011  7.2500000e-011  7.2400000e-011  6.9500000e-011  8.5200000e-011  8.0700000e-011  1.1200000e-010
  7.0000000e-001  1.0100000e-010  9.4500000e-011  1.0450000e-010  1.0400000e-010  1.0500000e-010  1.1300000e-010  1.1800000e-010             NaN             NaN             NaN             NaN             NaN             NaN             NaN             NaN             NaN             NaN             NaN             NaN             NaN             NaN             NaN             NaN             NaN  1.1900000e-010  1.1600000e-010  9.5500000e-011  1.0600000e-010  1.0300000e-010  1.0200000e-010  1.0600000e-010  9.9600000e-011  1.0400000e-010  9.4100000e-011  9.5100000e-011  9.1500000e-011
  5.0000000e-001             NaN  1.5100000e-010             NaN             NaN             NaN             NaN             NaN             NaN             NaN             NaN             NaN             NaN             NaN             NaN             NaN             NaN             NaN             NaN             NaN             NaN             NaN             NaN             NaN             NaN             NaN             NaN             NaN             NaN             NaN             NaN  1.4650000e-010  1.4600000e-010  1.3300000e-010  1.2100000e-010  1.3300000e-010  1.2100000e-010
  3.0000000e-001             NaN             NaN             NaN             NaN             NaN             NaN             NaN             NaN             NaN             NaN             NaN             NaN             NaN             NaN             NaN             NaN             NaN             NaN             NaN             NaN             NaN             NaN             NaN             NaN             NaN             NaN             NaN             NaN             NaN             NaN             NaN             NaN             NaN             NaN             NaN             NaN
  2.0000000e-001             NaN             NaN             NaN             NaN             NaN             NaN             NaN             NaN             NaN             NaN             NaN             NaN             NaN             NaN             NaN             NaN             NaN             NaN             NaN             NaN             NaN             NaN             NaN             NaN             NaN             NaN             NaN             NaN             NaN             NaN             NaN             NaN             NaN             NaN             NaN             NaN
  1.5000000e-001             NaN             NaN             NaN             NaN             NaN             NaN             NaN             NaN             NaN             NaN             NaN             NaN             NaN             NaN             NaN             NaN             NaN             NaN             NaN             NaN             NaN             NaN             NaN             NaN             NaN             NaN             NaN             NaN             NaN             NaN             NaN             NaN             NaN             NaN             NaN             NaN
  1.0000000e-001             NaN             NaN             NaN             NaN             NaN             NaN             NaN             NaN             NaN             NaN             NaN             NaN             NaN             NaN             NaN             NaN             NaN             NaN             NaN             NaN             NaN             NaN             NaN             NaN             NaN             NaN             NaN             NaN             NaN             NaN             NaN             NaN             NaN             NaN             NaN             NaN
