             NaN -8.7500000e+001 -8.2500000e+001 -7.7500000e+001 -7.2500000e+001 -6.7500000e+001 -6.2500000e+001 -5.7500000e+001 -5.2500000e+001 -4.7500000e+001 -4.2500000e+001 -3.7500000e+001 -3.2500000e+001 -2.7500000e+001 -2.2500000e+001 -1.7500000e+001 -1.2500000e+001 -7.5000000e+000 -2.5000000e+000  2.5000000e+000  7.5000000e+000  1.2500000e+001  1.7500000e+001  2.2500000e+001  2.7500000e+001  3.2500000e+001  3.7500000e+001  4.2500000e+001  4.7500000e+001  5.2500000e+001  5.7500000e+001  6.2500000e+001  6.7500000e+001  7.2500000e+001  7.7500000e+001  8.2500000e+001  8.7500000e+001
  1.0000000e+003             NaN             NaN             NaN             NaN             NaN             NaN             NaN             NaN             NaN             NaN             NaN             NaN             NaN             NaN             NaN             NaN             NaN             NaN             NaN             NaN             NaN             NaN             NaN             NaN             NaN             NaN             NaN             NaN             NaN             NaN             NaN             NaN             NaN             NaN             NaN             NaN
  8.5000000e+002             NaN             NaN             NaN             NaN             NaN             NaN             NaN             NaN             NaN             NaN             NaN             NaN             NaN             NaN             NaN             NaN             NaN             NaN             NaN             NaN             NaN             NaN             NaN             NaN             NaN             NaN             NaN             NaN             NaN             NaN             NaN             NaN             NaN             NaN             NaN             NaN
  7.0000000e+002             NaN             NaN             NaN             NaN             NaN             NaN             NaN             NaN             NaN             NaN             NaN             NaN             NaN             NaN             NaN             NaN             NaN             NaN             NaN             NaN             NaN             NaN             NaN             NaN             NaN             NaN             NaN             NaN             NaN             NaN             NaN             NaN             NaN             NaN             NaN             NaN
  5.0000000e+002             NaN             NaN             NaN             NaN  1.7996208e-006  1.8145887e-006  1.7783696e-006  1.7784951e-006  1.7348386e-006  1.7637573e-006  1.7117596e-006  1.7149809e-006  1.7148659e-006             NaN             NaN             NaN             NaN             NaN             NaN             NaN             NaN             NaN             NaN             NaN  1.6182929e-006  1.6911757e-006  1.7761141e-006  1.7167006e-006             NaN  1.7740648e-006  1.8231669e-006  1.8259096e-006  1.7984304e-006             NaN  1.8352776e-006  1.8926494e-006
  4.0000000e+002             NaN             NaN             NaN             NaN  1.7089879e-006  1.7115966e-006  1.7202221e-006  1.7095154e-006  1.7069082e-006  1.7107413e-006  1.7047851e-006  1.7220672e-006  1.7160256e-006             NaN             NaN             NaN             NaN             NaN             NaN             NaN             NaN             NaN             NaN             NaN  1.7000695e-006  1.7155455e-006  1.7649901e-006  1.7724424e-006  1.7857252e-006  1.7800386e-006  1.7865866e-006  1.7865107e-006  1.7891118e-006             NaN  1.7857523e-006  1.7868595e-006
  3.0000000e+002             NaN             NaN             NaN             NaN  1.6983350e-006  1.7013048e-006  1.6888130e-006  1.6861307e-006  1.6987995e-006  1.6959721e-006  1.6930071e-006  1.6868591e-006  1.7091362e-006             NaN             NaN             NaN             NaN             NaN             NaN             NaN             NaN             NaN             NaN             NaN  1.7106887e-006  1.7215245e-006  1.7413470e-006  1.7178686e-006  1.7574453e-006  1.7572800e-006  1.7614027e-006  1.7664341e-006  1.7717676e-006             NaN  1.7671408e-006  1.7578979e-006
  2.5000000e+002             NaN             NaN             NaN             NaN  1.6427231e-006  1.6470159e-006  1.6509061e-006  1.6565558e-006  1.6640425e-006  1.6787354e-006  1.6903388e-006  1.7116777e-006  1.7157280e-006             NaN             NaN             NaN             NaN             NaN             NaN             NaN             NaN             NaN             NaN             NaN  1.7673839e-006  1.7419148e-006  1.7824337e-006  1.7507630e-006  1.7273173e-006  1.7191997e-006  1.7106808e-006  1.7139057e-006  1.7106759e-006             NaN  1.7035638e-006  1.6862247e-006
  2.0000000e+002             NaN             NaN             NaN             NaN  1.6130979e-006  1.6179612e-006  1.6281356e-006  1.6478794e-006  1.6612770e-006  1.6759189e-006  1.7010390e-006  1.7326289e-006  1.7367973e-006             NaN             NaN             NaN             NaN             NaN             NaN             NaN             NaN             NaN             NaN             NaN  1.7875956e-006  1.7679892e-006  1.7620943e-006  1.7339048e-006  1.7198404e-006  1.6949576e-006  1.6946995e-006  1.6897218e-006  1.6725578e-006             NaN  1.6683327e-006  1.6520953e-006
  1.7000000e+002             NaN             NaN             NaN             NaN  1.5869213e-006  1.6071870e-006  1.6084227e-006  1.6315022e-006  1.6200398e-006  1.6627349e-006  1.6920421e-006  1.6912387e-006  1.7017941e-006             NaN             NaN             NaN             NaN             NaN             NaN             NaN             NaN             NaN             NaN             NaN  1.7307445e-006  1.7324438e-006  1.7044209e-006  1.7152003e-006  1.7305836e-006  1.6950325e-006  1.6946716e-006  1.6884124e-006  1.6814735e-006             NaN  1.6768336e-006  1.6693702e-006
  1.5000000e+002             NaN             NaN             NaN             NaN  1.5241867e-006  1.5412532e-006  1.6021777e-006  1.6188414e-006  1.6345269e-006  1.6419207e-006  1.6455609e-006  1.6623913e-006  1.6907156e-006             NaN             NaN             NaN             NaN             NaN             NaN             NaN             NaN             NaN             NaN             NaN  1.7153757e-006  1.7137074e-006  1.7330958e-006  1.6806755e-006  1.6802364e-006  1.6542271e-006  1.6697360e-006  1.6663135e-006  1.6554828e-006             NaN  1.6543256e-006  1.6531676e-006
  1.3000000e+002             NaN             NaN             NaN             NaN  1.4720210e-006  1.4788190e-006  1.5730430e-006  1.5942109e-006  1.6185010e-006  1.6421077e-006  1.6533192e-006  1.6757959e-006  1.7048374e-006             NaN             NaN             NaN             NaN             NaN             NaN             NaN             NaN             NaN             NaN             NaN  1.7028346e-006  1.7337333e-006  1.7060148e-006  1.7057095e-006  1.6682944e-006  1.6401200e-006  1.6245474e-006  1.6191287e-006  1.6246821e-006             NaN  1.6208987e-006  1.6188423e-006
  1.1500000e+002             NaN             NaN             NaN             NaN  1.3769012e-006  1.4278242e-006  1.5393472e-006  1.5802243e-006  1.6370076e-006  1.6453317e-006  1.6820967e-006  1.7047677e-006  1.7393855e-006             NaN             NaN             NaN             NaN             NaN             NaN             NaN             NaN             NaN             NaN             NaN  1.7529892e-006  1.7611178e-006  1.7259534e-006  1.7197196e-006  1.6556324e-006  1.6135247e-006  1.6097025e-006  1.5904844e-006  1.5820611e-006             NaN  1.5891066e-006  1.5962113e-006
  1.0000000e+002             NaN             NaN             NaN             NaN  1.3011737e-006  1.4079729e-006  1.5020913e-006  1.5499951e-006  1.5758957e-006  1.6151276e-006  1.6421816e-006  1.6969176e-006  1.7309973e-006             NaN             NaN             NaN             NaN             NaN             NaN             NaN             NaN             NaN             NaN             NaN  1.7431175e-006  1.7570698e-006  1.7045547e-006  1.6765038e-006  1.6315977e-006  1.6052544e-006  1.5686281e-006  1.5704980e-006  1.5718595e-006             NaN  1.5465284e-006  1.5617795e-006
  9.0000000e+001             NaN             NaN             NaN             NaN  1.2631572e-006  1.3173343e-006  1.4488057e-006  1.5202483e-006  1.5599723e-006  1.5496704e-006  1.6136469e-006  1.6619794e-006  1.7061643e-006             NaN             NaN             NaN             NaN             NaN             NaN             NaN             NaN             NaN             NaN             NaN  1.7134800e-006  1.6760191e-006  1.6515403e-006  1.6333303e-006  1.5909782e-006  1.5326132e-006  1.5292699e-006  1.4926130e-006  1.5146182e-006             NaN  1.5129138e-006  1.4988466e-006
  8.0000000e+001             NaN             NaN             NaN             NaN  1.2399693e-006  1.2844636e-006  1.4174197e-006  1.4470175e-006  1.5029082e-006  1.5204764e-006  1.5424274e-006  1.5963496e-006  1.6311295e-006             NaN             NaN             NaN             NaN             NaN             NaN             NaN             NaN             NaN             NaN             NaN  1.7268418e-006  1.6360279e-006  1.5952360e-006  1.5849585e-006  1.5693110e-006  1.4804935e-006  1.4590644e-006  1.4404157e-006  1.4468035e-006             NaN  1.4483217e-006  1.4416389e-006
  7.0000000e+001             NaN             NaN             NaN             NaN  1.0934541e-006  1.2117389e-006  1.3466263e-006  1.4024152e-006  1.4328669e-006  1.4533620e-006  1.4772839e-006  1.5168376e-006  1.5449876e-006             NaN             NaN             NaN             NaN             NaN             NaN             NaN             NaN             NaN             NaN             NaN  1.5814592e-006  1.5695216e-006  1.5468353e-006  1.5146012e-006  1.4772766e-006  1.4233346e-006  1.3877725e-006  1.3609421e-006  1.3555548e-006             NaN  1.3437196e-006  1.3377346e-006
  5.0000000e+001             NaN             NaN             NaN             NaN  9.9590920e-007  1.1376410e-006  1.3000097e-006  1.3261872e-006  1.3482227e-006  1.3560757e-006  1.3833755e-006  1.4123388e-006  1.4220899e-006             NaN             NaN             NaN             NaN             NaN             NaN             NaN             NaN             NaN             NaN             NaN  1.4481483e-006  1.4308476e-006  1.3704073e-006  1.3694181e-006  1.3188715e-006  1.3110947e-006  1.2828658e-006  1.2471090e-006  1.2521654e-006             NaN  1.2353159e-006  1.2262091e-006
  3.0000000e+001             NaN             NaN             NaN             NaN  9.3342100e-007  9.7236387e-007  1.1809529e-006  1.2025548e-006  1.2048041e-006  1.2191683e-006  1.2547525e-006  1.2650829e-006  1.2693849e-006             NaN             NaN             NaN             NaN             NaN             NaN             NaN             NaN             NaN             NaN             NaN  1.2756371e-006  1.2372326e-006  1.2131191e-006  1.2010598e-006  1.1385459e-006  1.1376305e-006  1.1194323e-006  1.0651944e-006  1.0587372e-006             NaN  1.0467435e-006  1.0266417e-006
  2.0000000e+001             NaN             NaN             NaN             NaN  9.0693173e-007  9.2611614e-007  1.0813594e-006  1.1294601e-006  1.1511618e-006  1.1412866e-006  1.1536366e-006  1.1677614e-006  1.1802414e-006             NaN             NaN             NaN             NaN             NaN             NaN             NaN             NaN             NaN             NaN             NaN  1.2186513e-006  1.1029517e-006  1.0867652e-006  1.0634817e-006  1.0321923e-006  1.0050741e-006  9.5393148e-007  8.9831981e-007  8.4446110e-007             NaN  8.1564733e-007  8.3264150e-007
  1.5000000e+001             NaN             NaN             NaN             NaN  8.5324665e-007  7.9135983e-007  9.5452112e-007  1.0419371e-006  1.0725121e-006  1.1127042e-006  1.1140227e-006  1.1077474e-006  1.1322245e-006             NaN             NaN             NaN             NaN             NaN             NaN             NaN             NaN             NaN             NaN             NaN  1.1913876e-006  1.0810759e-006  1.0436504e-006  9.3146539e-007  8.6617378e-007  8.1376273e-007  7.6949167e-007  7.1887801e-007  6.8719139e-007             NaN  6.6941454e-007  6.8848375e-007
  1.0000000e+001             NaN             NaN             NaN             NaN  7.6351202e-007  7.8630813e-007  9.4411314e-007  9.1419952e-007  9.9702150e-007  9.9664642e-007  9.9956098e-007  1.0244596e-006  1.0154032e-006             NaN             NaN             NaN             NaN             NaN             NaN             NaN             NaN             NaN             NaN             NaN  1.0840206e-006  9.7642003e-007  8.5016057e-007  7.6599644e-007  6.9302109e-007  7.0101953e-007  5.9970127e-007  5.5407872e-007  5.4456749e-007             NaN  5.0499445e-007  5.2200864e-007
  7.0000000e+000             NaN             NaN             NaN             NaN  7.1437832e-007  6.5723485e-007  7.4437860e-007  8.2375399e-007  8.4561335e-007  8.7548140e-007  8.9697158e-007  9.4088714e-007  9.3677262e-007             NaN             NaN             NaN             NaN             NaN             NaN             NaN             NaN             NaN             NaN             NaN  9.3790493e-007  8.1836069e-007  7.4618472e-007  6.2779265e-007  5.9702328e-007  5.1288255e-007  4.5555226e-007  4.4762244e-007  4.2288736e-007             NaN  4.0528640e-007  4.3565784e-007
  5.0000000e+000             NaN             NaN             NaN             NaN  5.8952442e-007  6.1029875e-007  6.8054808e-007  6.7994140e-007  7.3471348e-007  7.0224416e-007  7.6460194e-007  7.6230799e-007  7.7875834e-007             NaN             NaN             NaN             NaN             NaN             NaN             NaN             NaN             NaN             NaN             NaN  7.5788002e-007  6.9873446e-007  6.1032079e-007  5.3675670e-007  4.8915361e-007  3.9698001e-007  3.1393745e-007  2.7760391e-007  2.9652204e-007             NaN  2.8820001e-007  3.0049530e-007
  3.0000000e+000             NaN             NaN             NaN             NaN  4.7500962e-007  4.5253476e-007  5.1841970e-007  5.4357137e-007  6.0974234e-007  5.8427212e-007  6.0757422e-007  6.0558341e-007  6.3283818e-007             NaN             NaN             NaN             NaN             NaN             NaN             NaN             NaN             NaN             NaN             NaN  6.3106853e-007  5.5383364e-007  5.2442789e-007  4.5742297e-007  4.0283794e-007  3.3708054e-007  2.5648464e-007  2.1753484e-007  1.9271470e-007             NaN  1.6640130e-007  1.5278534e-007
  2.0000000e+000             NaN             NaN             NaN             NaN  3.3487230e-007  3.7643449e-007  3.4769333e-007  4.1082485e-007  4.2489189e-007  4.2658996e-007  4.5769597e-007  4.6749463e-007  4.9695000e-007             NaN             NaN             NaN             NaN             NaN             NaN             NaN             NaN             NaN             NaN             NaN  5.0701935e-007  4.4234189e-007  4.3699163e-007  3.6367731e-007  2.8945661e-007  2.4961105e-007  2.1013657e-007  1.6233441e-007  1.3932366e-007             NaN  9.4561462e-008  9.0858455e-008
  1.5000000e+000             NaN             NaN             NaN             NaN  2.8035676e-007  2.8229524e-007  3.1213753e-007  3.2359693e-007  3.4025282e-007  3.4039415e-007  3.4573907e-007  3.7833040e-007  3.9770210e-007             NaN             NaN             NaN             NaN             NaN             NaN             NaN             NaN             NaN             NaN             NaN  4.6034539e-007  4.6522436e-007  3.8296371e-007  2.6569371e-007  2.1914216e-007  2.0835174e-007  2.0840282e-007  1.7503091e-007  1.2602452e-007             NaN  7.7176387e-008  7.3688772e-008
  1.0000000e+000             NaN             NaN             NaN             NaN  2.2794594e-007  2.5573710e-007  2.6904053e-007  2.8323128e-007  2.8760035e-007  2.9632072e-007  3.0754943e-007  3.1954506e-007  3.2069918e-007             NaN             NaN             NaN             NaN             NaN             NaN             NaN             NaN             NaN             NaN             NaN  4.0263206e-007  3.5386989e-007  3.6092323e-007  2.5107627e-007  1.8278903e-007  1.9714787e-007  1.8239280e-007  1.7113985e-007  1.2928855e-007             NaN  9.1271491e-008  1.0278798e-007
  7.0000000e-001             NaN             NaN             NaN             NaN  2.1773927e-007  2.2891841e-007  2.4537237e-007  2.5589601e-007  2.6962399e-007  2.7417735e-007  2.7418612e-007  2.9219441e-007  2.9643991e-007             NaN             NaN             NaN             NaN             NaN             NaN             NaN             NaN             NaN             NaN             NaN  3.6886332e-007  3.7822041e-007  3.5425689e-007  2.4606099e-007  2.0454555e-007  1.6602427e-007  1.8521477e-007  1.8186765e-007  1.6418237e-007             NaN  1.2492645e-007  1.3816596e-007
  5.0000000e-001             NaN             NaN             NaN             NaN  2.0162735e-007  2.1840549e-007  2.3841136e-007  2.4224701e-007  2.4577671e-007  2.5282491e-007  2.5603175e-007  2.6899173e-007  2.7897501e-007             NaN             NaN             NaN             NaN             NaN             NaN             NaN             NaN             NaN             NaN             NaN  3.5294334e-007  3.3179125e-007  3.1765195e-007  2.6508799e-007  1.8486971e-007  1.8462205e-007  1.8244316e-007  1.8509746e-007  1.8452813e-007             NaN  1.5304114e-007  1.7582846e-007
  3.0000000e-001             NaN             NaN             NaN             NaN  1.9883895e-007  2.1850769e-007  2.2105696e-007  2.2759671e-007  2.4017319e-007  2.2996196e-007  2.4270634e-007  2.5031186e-007  2.5900172e-007             NaN             NaN             NaN             NaN             NaN             NaN             NaN             NaN             NaN             NaN             NaN  2.9696718e-007  3.1202302e-007  2.9498132e-007  2.7964251e-007  2.1817776e-007  1.8480749e-007  1.7163735e-007  1.6323113e-007  1.8808449e-007             NaN  1.6983996e-007  1.9876710e-007
  2.0000000e-001             NaN             NaN             NaN             NaN  1.8925144e-007  1.9808146e-007  2.0624299e-007  2.0841404e-007  2.2510045e-007  2.2603737e-007  2.2929809e-007  2.3361563e-007  2.4583659e-007             NaN             NaN             NaN             NaN             NaN             NaN             NaN             NaN             NaN             NaN             NaN  2.7979578e-007  2.7330078e-007  2.8292714e-007  2.6047247e-007  2.4644108e-007  1.8610751e-007  1.6145160e-007  1.4874344e-007  1.7076570e-007             NaN  1.6911490e-007  1.9452996e-007
  1.5000000e-001             NaN             NaN             NaN             NaN  2.0500094e-007  2.0591906e-007  1.9556067e-007  2.0508336e-007  2.0347698e-007  2.0304736e-007  2.1073593e-007  2.2596311e-007  2.2734141e-007             NaN             NaN             NaN             NaN             NaN             NaN             NaN             NaN             NaN             NaN             NaN  2.5007364e-007  2.4719903e-007  2.5035739e-007  2.3127595e-007  2.1410757e-007  1.7417347e-007  1.4887816e-007  1.3173506e-007  1.5303799e-007             NaN  1.5999351e-007  1.8840640e-007
  1.0000000e-001             NaN             NaN             NaN             NaN  1.9782798e-007  1.8657910e-007  1.7145288e-007  1.6265798e-007  1.7083749e-007  1.7479378e-007  1.7204112e-007  1.8284508e-007  1.9355870e-007             NaN             NaN             NaN             NaN             NaN             NaN             NaN             NaN             NaN             NaN             NaN  2.1112698e-007  2.0517370e-007  2.1720244e-007  2.1289218e-007  2.2108659e-007  1.6518089e-007  1.4349478e-007  1.2443419e-007  1.4573038e-007             NaN  1.4131951e-007  1.6240402e-007
             NaN -8.7500000e+001 -8.2500000e+001 -7.7500000e+001 -7.2500000e+001 -6.7500000e+001 -6.2500000e+001 -5.7500000e+001 -5.2500000e+001 -4.7500000e+001 -4.2500000e+001 -3.7500000e+001 -3.2500000e+001 -2.7500000e+001 -2.2500000e+001 -1.7500000e+001 -1.2500000e+001 -7.5000000e+000 -2.5000000e+000  2.5000000e+000  7.5000000e+000  1.2500000e+001  1.7500000e+001  2.2500000e+001  2.7500000e+001  3.2500000e+001  3.7500000e+001  4.2500000e+001  4.7500000e+001  5.2500000e+001  5.7500000e+001  6.2500000e+001  6.7500000e+001  7.2500000e+001  7.7500000e+001  8.2500000e+001  8.7500000e+001
  1.0000000e+003             NaN             NaN             NaN             NaN             NaN             NaN             NaN             NaN             NaN             NaN             NaN             NaN             NaN             NaN             NaN             NaN             NaN             NaN             NaN             NaN             NaN             NaN             NaN             NaN             NaN             NaN             NaN             NaN             NaN             NaN             NaN             NaN             NaN             NaN             NaN             NaN
  8.5000000e+002             NaN             NaN             NaN             NaN             NaN             NaN             NaN             NaN             NaN             NaN             NaN             NaN             NaN             NaN             NaN             NaN             NaN             NaN             NaN             NaN             NaN             NaN             NaN             NaN             NaN             NaN             NaN             NaN             NaN             NaN             NaN             NaN             NaN             NaN             NaN             NaN
  7.0000000e+002             NaN             NaN             NaN             NaN             NaN             NaN             NaN             NaN             NaN             NaN             NaN             NaN             NaN             NaN             NaN             NaN             NaN             NaN             NaN             NaN             NaN             NaN             NaN             NaN             NaN             NaN             NaN             NaN             NaN             NaN             NaN             NaN             NaN             NaN             NaN             NaN
  5.0000000e+002             NaN             NaN             NaN             NaN  1.0472600e-007  8.6148707e-008  9.3294225e-008  5.8614414e-008  6.7940993e-008  8.9032004e-008  5.1575392e-008  6.6426463e-008  6.8128883e-008             NaN             NaN             NaN             NaN             NaN             NaN             NaN             NaN             NaN             NaN             NaN  1.5086497e-007  4.9683204e-008  4.7476618e-008  2.3232997e-008             NaN  3.0076310e-008  7.7618627e-008  8.9403616e-008  4.4650004e-008             NaN  4.3355206e-008  7.7639835e-008
  4.0000000e+002             NaN             NaN             NaN             NaN  2.7525308e-008  2.5812848e-008  3.1986826e-008  3.3278791e-008  3.2819367e-008  2.7954529e-008  3.8148543e-008  3.9962712e-008  4.5662992e-008             NaN             NaN             NaN             NaN             NaN             NaN             NaN             NaN             NaN             NaN             NaN  6.4989052e-008  4.8036245e-008  3.9343802e-008  3.9299543e-008  3.5071266e-008  3.6803751e-008  3.0228552e-008  3.1978882e-008  3.6258297e-008             NaN  3.0648551e-008  4.1232497e-008
  3.0000000e+002             NaN             NaN             NaN             NaN  4.0383499e-008  3.7636840e-008  4.0389559e-008  3.0045313e-008  3.0673900e-008  2.4385842e-008  2.8095154e-008  3.6612243e-008  3.9582019e-008             NaN             NaN             NaN             NaN             NaN             NaN             NaN             NaN             NaN             NaN             NaN  4.3922067e-008  7.0174466e-008  3.2111447e-008  4.9930162e-008  4.0590652e-008  3.8674682e-008  3.4767302e-008  3.7652863e-008  3.3449511e-008             NaN  3.2974059e-008  2.8579307e-008
  2.5000000e+002             NaN             NaN             NaN             NaN  3.9603045e-008  4.3954252e-008  3.9216102e-008  3.9376425e-008  3.8751451e-008  3.4656232e-008  4.0881981e-008  5.1862943e-008  5.0530548e-008             NaN             NaN             NaN             NaN             NaN             NaN             NaN             NaN             NaN             NaN             NaN  5.6232711e-008  4.7635893e-008  3.9558598e-008  5.6538886e-008  5.1735853e-008  4.0553716e-008  3.5053601e-008  4.0280873e-008  3.7569295e-008             NaN  3.9102322e-008  3.5227964e-008
  2.0000000e+002             NaN             NaN             NaN             NaN  4.0840272e-008  4.0456445e-008  4.1543215e-008  3.6745683e-008  4.1526545e-008  4.4586675e-008  3.9395360e-008  4.4036925e-008  4.8814365e-008             NaN             NaN             NaN             NaN             NaN             NaN             NaN             NaN             NaN             NaN             NaN  4.2068499e-008  5.7068944e-008  4.3235909e-008  4.4623701e-008  4.9979081e-008  3.7618133e-008  3.7436368e-008  3.5883374e-008  3.7409377e-008             NaN  2.9346359e-008  2.8017300e-008
  1.7000000e+002             NaN             NaN             NaN             NaN  5.5279904e-008  4.9708616e-008  6.2676298e-008  4.7565004e-008  1.7725721e-009  3.6657548e-008  3.7164935e-008  3.5687259e-008  4.8250316e-008             NaN             NaN             NaN             NaN             NaN             NaN             NaN             NaN             NaN             NaN             NaN  5.0492695e-008  6.9753571e-008  3.9853970e-008  5.2421330e-008  3.5501254e-008  3.5534497e-008  3.1478240e-008  3.4923417e-008  3.1876466e-008             NaN  3.2072777e-008  3.1621095e-008
  1.5000000e+002             NaN             NaN             NaN             NaN  6.9713212e-008  8.0980373e-008  6.8960547e-008  5.1239379e-008  5.1915939e-008  3.5583431e-008  3.9684306e-008  4.0050609e-008  3.9893012e-008             NaN             NaN             NaN             NaN             NaN             NaN             NaN             NaN             NaN             NaN             NaN  4.1843489e-008  4.7984110e-008  5.4750813e-008  3.8043336e-008  4.7601272e-008  4.1419317e-008  4.2817049e-008  3.7546905e-008  4.1506516e-008             NaN  3.2169337e-008  3.5430349e-008
  1.3000000e+002             NaN             NaN             NaN             NaN  8.9424511e-008  9.7420539e-008  6.4046086e-008  6.1060615e-008  4.6401489e-008  5.3460358e-008  4.1970785e-008  4.5548436e-008  3.9008054e-008             NaN             NaN             NaN             NaN             NaN             NaN             NaN             NaN             NaN             NaN             NaN  3.7794757e-008  8.2248437e-008  5.0442612e-008  6.5754017e-008  4.6841611e-008  6.2054986e-008  5.5275858e-008  4.8310922e-008  3.9946413e-008             NaN  3.2030737e-008  3.2048344e-008
  1.1500000e+002             NaN             NaN             NaN             NaN  1.2642184e-007  1.3361587e-007  9.6599984e-008  6.7758481e-008  4.2460880e-008  4.0229136e-008  3.8558411e-008  3.6194435e-008  3.7196140e-008             NaN             NaN             NaN             NaN             NaN             NaN             NaN             NaN             NaN             NaN             NaN  3.0789224e-008  3.8194054e-008  4.4165911e-008  3.4845296e-008  5.8774764e-008  6.8569389e-008  6.7242424e-008  6.5230277e-008  4.9978782e-008             NaN  3.2298970e-008  3.6281688e-008
  1.0000000e+002             NaN             NaN             NaN             NaN  1.2833215e-007  1.4752967e-007  9.4089161e-008  7.0065180e-008  5.6946858e-008  4.1612532e-008  3.6742202e-008  5.1700496e-008  4.8129231e-008             NaN             NaN             NaN             NaN             NaN             NaN             NaN             NaN             NaN             NaN             NaN  4.5548816e-008  6.9945871e-008  5.9247800e-008  4.2166462e-008  5.1838601e-008  6.7290988e-008  7.1350247e-008  7.0579074e-008  5.3762055e-008             NaN  4.5602715e-008  3.4578700e-008
  9.0000000e+001             NaN             NaN             NaN             NaN  1.5812066e-007  1.4720256e-007  9.8779642e-008  8.0730946e-008  5.3929932e-008  4.1358272e-008  5.6271950e-008  3.4534896e-008  5.1988412e-008             NaN             NaN             NaN             NaN             NaN             NaN             NaN             NaN             NaN             NaN             NaN  2.4134380e-008  2.6183830e-008  3.8097831e-008  4.1791608e-008  4.7740858e-008  8.6141264e-008  7.6039030e-008  7.5743649e-008  6.1704351e-008             NaN  4.2378293e-008  4.9278617e-008
  8.0000000e+001             NaN             NaN             NaN             NaN  1.6378622e-007  1.5652049e-007  9.1129871e-008  6.4701686e-008  4.7972843e-008  6.8358695e-008  4.2313012e-008  5.0533278e-008  3.2563356e-008             NaN             NaN             NaN             NaN             NaN             NaN             NaN             NaN             NaN             NaN             NaN  4.8655213e-008  5.8724320e-008  3.8599005e-008  4.3139652e-008  6.7117781e-008  8.4142140e-008  7.9450591e-008  7.3896369e-008  7.2002285e-008             NaN  4.0442962e-008  5.0370594e-008
  7.0000000e+001             NaN             NaN             NaN             NaN  2.0383745e-007  1.7614575e-007  1.0454084e-007  7.5742118e-008  6.7373598e-008  5.1384187e-008  4.8272875e-008  5.5127083e-008  5.6913094e-008             NaN             NaN             NaN             NaN             NaN             NaN             NaN             NaN             NaN             NaN             NaN  3.4458747e-008  6.8933514e-008  6.3987506e-008  4.8394827e-008  5.8836577e-008  7.4719810e-008  7.5451203e-008  7.0652406e-008  8.0970918e-008             NaN  5.0869311e-008  5.6228367e-008
  5.0000000e+001             NaN             NaN             NaN             NaN  2.8381367e-007  2.0176426e-007  8.0537799e-008  5.9049424e-008  6.3820755e-008  6.0064368e-008  5.7171524e-008  7.2192106e-008  7.3503684e-008             NaN             NaN             NaN             NaN             NaN             NaN             NaN             NaN             NaN             NaN             NaN  8.0335618e-008  6.6707619e-008  5.3982875e-008  5.7180386e-008  4.8961237e-008  8.2108361e-008  7.7221236e-008  7.9758783e-008  8.2660537e-008             NaN  6.2935506e-008  7.5770368e-008
  3.0000000e+001             NaN             NaN             NaN             NaN  2.5769333e-007  2.5222423e-007  7.7453858e-008  7.9672727e-008  7.2621842e-008  6.1175328e-008  7.2301173e-008  6.8413649e-008  8.2515579e-008             NaN             NaN             NaN             NaN             NaN             NaN             NaN             NaN             NaN             NaN             NaN  1.0132800e-007  1.1131397e-007  8.0145125e-008  9.1196583e-008  6.2348202e-008  9.7627143e-008  9.9587828e-008  1.0680388e-007  1.0749086e-007             NaN  8.4827517e-008  8.7792819e-008
  2.0000000e+001             NaN             NaN             NaN             NaN  2.5135419e-007  2.5099319e-007  1.3137010e-007  9.5352868e-008  7.9851756e-008  5.9886691e-008  5.5384932e-008  4.6014092e-008  4.9886863e-008             NaN             NaN             NaN             NaN             NaN             NaN             NaN             NaN             NaN             NaN             NaN  4.7676072e-008  7.9827334e-008  4.9649601e-008  5.9086783e-008  3.5713875e-008  1.0534923e-007  1.3336375e-007  1.5502874e-007  1.4211533e-007             NaN  6.7964028e-008  6.6439007e-008
  1.5000000e+001             NaN             NaN             NaN             NaN  2.6805204e-007  3.0962868e-007  2.4530775e-007  1.6522861e-007  9.0307885e-008  7.5055553e-008  8.4709921e-008  9.7460348e-008  6.1603488e-008             NaN             NaN             NaN             NaN             NaN             NaN             NaN             NaN             NaN             NaN             NaN  8.0521967e-008  8.9074911e-008  8.8244472e-008  1.1465951e-007  8.4095806e-008  1.4355383e-007  1.7769624e-007  1.6254116e-007  1.4885750e-007             NaN  7.9403320e-008  8.9767381e-008
  1.0000000e+001             NaN             NaN             NaN             NaN  2.7454825e-007  2.6518509e-007  1.1798521e-007  2.5332767e-007  1.3435164e-007  8.9231609e-008  8.4470028e-008  1.0371173e-007  6.6234996e-008             NaN             NaN             NaN             NaN             NaN             NaN             NaN             NaN             NaN             NaN             NaN  1.3322062e-007  1.0448611e-007  1.0912012e-007  8.1518337e-008  8.5964848e-008  2.0555235e-007  1.9614004e-007  1.6977967e-007  1.3547991e-007             NaN  5.6412213e-008  6.7033429e-008
  7.0000000e+000             NaN             NaN             NaN             NaN  2.1152375e-007  2.5419408e-007  2.1073169e-007  1.6387478e-007  1.6242271e-007  9.1013725e-008  8.8824170e-008  9.2049866e-008  1.0525692e-007             NaN             NaN             NaN             NaN             NaN             NaN             NaN             NaN             NaN             NaN             NaN  1.5706140e-007  1.2915747e-007  1.4904503e-007  9.1683837e-008  7.3639603e-008  1.8064280e-007  1.5740827e-007  1.7450173e-007  1.1616547e-007             NaN  4.6659212e-008  4.7781551e-008
  5.0000000e+000             NaN             NaN             NaN             NaN  1.6891493e-007  1.6240442e-007  1.2666767e-007  1.7291069e-007  1.2212029e-007  9.9359471e-008  1.0623011e-007  1.3482903e-007  1.2162392e-007             NaN             NaN             NaN             NaN             NaN             NaN             NaN             NaN             NaN             NaN             NaN  2.0341111e-007  1.1910429e-007  1.1939032e-007  6.3750127e-008  8.0203806e-008  1.8768684e-007  1.3144946e-007  1.4317927e-007  1.1873105e-007             NaN  5.3666341e-008  4.8353291e-008
  3.0000000e+000             NaN             NaN             NaN             NaN  1.1862499e-007  1.2493190e-007  1.1702024e-007  1.1992539e-007  1.2441508e-007  1.1759744e-007  9.5863351e-008  9.4802639e-008  1.1798192e-007             NaN             NaN             NaN             NaN             NaN             NaN             NaN             NaN             NaN             NaN             NaN  1.8400666e-007  6.8172916e-008  1.0542291e-007  7.2671027e-008  8.6507451e-008  1.4344620e-007  1.0191068e-007  1.2735875e-007  9.8054454e-008             NaN  4.4525282e-008  3.6949037e-008
  2.0000000e+000             NaN             NaN             NaN             NaN  7.5947768e-008  8.4215889e-008  8.1771498e-008  8.0472738e-008  1.0510352e-007  7.2614044e-008  7.9977077e-008  8.4175027e-008  1.0738997e-007             NaN             NaN             NaN             NaN             NaN             NaN             NaN             NaN             NaN             NaN             NaN  1.2420499e-007  4.1592311e-008  9.7531687e-008  5.8452797e-008  6.4089553e-008  7.3142678e-008  7.0403210e-008  6.6865295e-008  6.2344678e-008             NaN  2.2858778e-008  1.4857415e-008
  1.5000000e+000             NaN             NaN             NaN             NaN  5.0072774e-008  5.7692566e-008  6.1670371e-008  7.5265347e-008  6.5776318e-008  6.3217191e-008  5.4355151e-008  5.9322126e-008  4.6684455e-008             NaN             NaN             NaN             NaN             NaN             NaN             NaN             NaN             NaN             NaN             NaN  1.1329385e-007  1.2212863e-007  4.3519824e-008  6.9341653e-008  5.7631733e-008  8.2673318e-008  7.1119400e-008  7.7778111e-008  6.4044162e-008             NaN  1.2150718e-008  1.2640061e-008
  1.0000000e+000             NaN             NaN             NaN             NaN  4.3617828e-008  5.0664781e-008  6.0443389e-008  4.4158159e-008  5.2112430e-008  5.1240731e-008  5.2465526e-008  4.9650999e-008  4.1708035e-008             NaN             NaN             NaN             NaN             NaN             NaN             NaN             NaN             NaN             NaN             NaN  7.7617484e-008  8.3536114e-008  8.1396362e-008  7.4569806e-008  6.5268949e-008  6.3093479e-008  7.2855830e-008  7.6231776e-008  6.9375231e-008             NaN  2.7958113e-008  1.5284136e-008
  7.0000000e-001             NaN             NaN             NaN             NaN  3.1476125e-008  4.5824107e-008  3.9571825e-008  3.5715888e-008  4.7131582e-008  4.2360333e-008  3.3642975e-008  3.2004661e-008  3.2318706e-008             NaN             NaN             NaN             NaN             NaN             NaN             NaN             NaN             NaN             NaN             NaN  7.1338787e-008  6.4856172e-008  1.0116966e-007  1.0613266e-007  8.2914237e-008  6.3452989e-008  5.4761531e-008  6.7190043e-008  7.7604401e-008             NaN  2.8980056e-008  1.9626380e-008
  5.0000000e-001             NaN             NaN             NaN             NaN  3.0687098e-008  3.8165381e-008  4.6088702e-008  3.1856827e-008  3.3704404e-008  3.1433959e-008  3.1297688e-008  3.0345708e-008  2.9022638e-008             NaN             NaN             NaN             NaN             NaN             NaN             NaN             NaN             NaN             NaN             NaN  4.5761049e-008  6.0904504e-008  6.7505155e-008  8.4806537e-008  8.7047741e-008  4.6228834e-008  5.3074958e-008  6.0521861e-008  6.5631535e-008             NaN  2.5072871e-008  2.2255426e-008
  3.0000000e-001             NaN             NaN             NaN             NaN  2.1744691e-008  3.4043396e-008  2.6940028e-008  2.6187897e-008  3.1760897e-008  2.3776653e-008  2.7602186e-008  2.2103502e-008  1.9221545e-008             NaN             NaN             NaN             NaN             NaN             NaN             NaN             NaN             NaN             NaN             NaN  3.3927792e-008  3.3013558e-008  4.2071379e-008  6.9008540e-008  8.3938640e-008  5.3699514e-008  3.8109948e-008  4.8702140e-008  5.3581294e-008             NaN  2.5818215e-008  2.2010270e-008
  2.0000000e-001             NaN             NaN             NaN             NaN  2.1261081e-008  2.0664981e-008  2.9709085e-008  2.9000351e-008  2.8633923e-008  3.4129297e-008  2.2985111e-008  2.5602750e-008  2.2221497e-008             NaN             NaN             NaN             NaN             NaN             NaN             NaN             NaN             NaN             NaN             NaN  3.1338452e-008  2.2401300e-008  3.2175595e-008  5.3078873e-008  7.4931330e-008  5.5109490e-008  4.1779795e-008  4.7576585e-008  4.8036971e-008             NaN  3.3192154e-008  3.0699359e-008
  1.5000000e-001             NaN             NaN             NaN             NaN  2.6923258e-008  3.5524834e-008  2.4187922e-008  2.5089910e-008  2.6139998e-008  2.6188925e-008  2.5737221e-008  2.7599757e-008  2.3073111e-008             NaN             NaN             NaN             NaN             NaN             NaN             NaN             NaN             NaN             NaN             NaN  2.9541863e-008  2.8304011e-008  3.2662578e-008  5.4016905e-008  6.6962769e-008  4.7722030e-008  4.1943912e-008  4.4499659e-008  4.9359517e-008             NaN  3.6402493e-008  3.7927612e-008
  1.0000000e-001             NaN             NaN             NaN             NaN  3.3677367e-008  3.2640457e-008  3.5243200e-008  3.4262460e-008  2.9865528e-008  4.1069672e-008  2.9120391e-008  3.3411157e-008  2.7543285e-008             NaN             NaN             NaN             NaN             NaN             NaN             NaN             NaN             NaN             NaN             NaN  2.2836087e-008  3.3403420e-008  2.2816646e-008  4.3088955e-008  5.6394195e-008  5.7401050e-008  4.9488806e-008  5.0963134e-008  5.7499450e-008             NaN  3.7579826e-008  3.1860856e-008
             NaN -8.7500000e+001 -8.2500000e+001 -7.7500000e+001 -7.2500000e+001 -6.7500000e+001 -6.2500000e+001 -5.7500000e+001 -5.2500000e+001 -4.7500000e+001 -4.2500000e+001 -3.7500000e+001 -3.2500000e+001 -2.7500000e+001 -2.2500000e+001 -1.7500000e+001 -1.2500000e+001 -7.5000000e+000 -2.5000000e+000  2.5000000e+000  7.5000000e+000  1.2500000e+001  1.7500000e+001  2.2500000e+001  2.7500000e+001  3.2500000e+001  3.7500000e+001  4.2500000e+001  4.7500000e+001  5.2500000e+001  5.7500000e+001  6.2500000e+001  6.7500000e+001  7.2500000e+001  7.7500000e+001  8.2500000e+001  8.7500000e+001
  1.0000000e+003             NaN             NaN             NaN             NaN             NaN             NaN             NaN             NaN             NaN             NaN             NaN             NaN             NaN             NaN             NaN             NaN             NaN             NaN             NaN             NaN             NaN             NaN             NaN             NaN             NaN             NaN             NaN             NaN             NaN             NaN             NaN             NaN             NaN             NaN             NaN             NaN
  8.5000000e+002             NaN             NaN             NaN             NaN             NaN             NaN             NaN             NaN             NaN             NaN             NaN             NaN             NaN             NaN             NaN             NaN             NaN             NaN             NaN             NaN             NaN             NaN             NaN             NaN             NaN             NaN             NaN             NaN             NaN             NaN             NaN             NaN             NaN             NaN             NaN             NaN
  7.0000000e+002             NaN             NaN             NaN             NaN             NaN             NaN             NaN             NaN             NaN             NaN             NaN             NaN             NaN             NaN             NaN             NaN             NaN             NaN             NaN             NaN             NaN             NaN             NaN             NaN             NaN             NaN             NaN             NaN             NaN             NaN             NaN             NaN             NaN             NaN             NaN             NaN
  5.0000000e+002             NaN             NaN             NaN             NaN  4.3800000e-008  3.2200000e-008  3.2600000e-008  3.7850000e-008  3.9800000e-008  3.0000000e-008  3.5050000e-008  3.5800000e-008  3.3900000e-008             NaN             NaN             NaN             NaN             NaN             NaN             NaN             NaN             NaN             NaN             NaN  3.7200000e-008  2.7100000e-008  3.8150000e-008  2.9500000e-008             NaN  3.5400000e-008  4.5850000e-008  3.8100000e-008  4.3450000e-008             NaN  3.5000000e-008  2.7700000e-008
  4.0000000e+002             NaN             NaN             NaN             NaN  3.4450000e-008  4.0000000e-008  3.7250000e-008  3.3650000e-008  3.5300000e-008  2.8300000e-008  3.7800000e-008  3.7650000e-008  3.6400000e-008             NaN             NaN             NaN             NaN             NaN             NaN             NaN             NaN             NaN             NaN             NaN  3.5350000e-008  3.6300000e-008  3.4400000e-008  3.9500000e-008  3.5700000e-008  3.6800000e-008  3.8900000e-008  3.6550000e-008  3.5400000e-008             NaN  3.3000000e-008  3.8700000e-008
  3.0000000e+002             NaN             NaN             NaN             NaN  3.2400000e-008  3.4500000e-008  3.0850000e-008  3.4000000e-008  3.5400000e-008  3.4100000e-008  3.9900000e-008  3.5000000e-008  3.7500000e-008             NaN             NaN             NaN             NaN             NaN             NaN             NaN             NaN             NaN             NaN             NaN  3.2550000e-008  3.5600000e-008  3.1600000e-008  3.6750000e-008  3.5700000e-008  3.8900000e-008  3.4700000e-008  3.4150000e-008  3.5500000e-008             NaN  3.3200000e-008  3.5850000e-008
  2.5000000e+002             NaN             NaN             NaN             NaN  2.8900000e-008  3.0800000e-008  2.9200000e-008  2.9600000e-008  2.7300000e-008  2.9050000e-008  3.0100000e-008  3.2100000e-008  3.3250000e-008             NaN             NaN             NaN             NaN             NaN             NaN             NaN             NaN             NaN             NaN             NaN  2.9300000e-008  3.0600000e-008  2.8150000e-008  2.8100000e-008  2.9200000e-008  3.1200000e-008  3.0000000e-008  3.2200000e-008  3.3600000e-008             NaN  3.2500000e-008  3.4150000e-008
  2.0000000e+002             NaN             NaN             NaN             NaN  2.3100000e-008  2.3400000e-008  2.4900000e-008  2.5500000e-008  2.4950000e-008  2.6800000e-008  2.7000000e-008  2.9400000e-008  3.0300000e-008             NaN             NaN             NaN             NaN             NaN             NaN             NaN             NaN             NaN             NaN             NaN  3.0900000e-008  2.9900000e-008  2.6750000e-008  2.4600000e-008  2.6850000e-008  2.7350000e-008  2.4900000e-008  2.5500000e-008  3.0600000e-008             NaN  3.2800000e-008  2.8300000e-008
  1.7000000e+002             NaN             NaN             NaN             NaN  2.2400000e-008  2.4200000e-008  2.1600000e-008  2.1800000e-008  2.3700000e-008  2.3800000e-008  2.4350000e-008  2.5700000e-008  3.0250000e-008             NaN             NaN             NaN             NaN             NaN             NaN             NaN             NaN             NaN             NaN             NaN  2.6950000e-008  2.8850000e-008  2.3000000e-008  2.3100000e-008  2.4100000e-008  2.5550000e-008  2.2800000e-008  2.3400000e-008  3.0150000e-008             NaN  2.8900000e-008  2.8550000e-008
  1.5000000e+002             NaN             NaN             NaN             NaN  2.0200000e-008  1.9900000e-008  2.1500000e-008  2.2050000e-008  2.1700000e-008  2.2300000e-008  2.3300000e-008  2.3800000e-008  2.7500000e-008             NaN             NaN             NaN             NaN             NaN             NaN             NaN             NaN             NaN             NaN             NaN  2.5000000e-008  2.8900000e-008  2.5050000e-008  2.4050000e-008  2.1700000e-008  2.3200000e-008  2.0800000e-008  2.1450000e-008  2.7300000e-008             NaN  2.6000000e-008  2.7400000e-008
  1.3000000e+002             NaN             NaN             NaN             NaN  1.8700000e-008  1.9500000e-008  2.0400000e-008  2.0800000e-008  2.3300000e-008  2.3150000e-008  2.4450000e-008  2.4950000e-008  2.5900000e-008             NaN             NaN             NaN             NaN             NaN             NaN             NaN             NaN             NaN             NaN             NaN  2.5600000e-008  2.5600000e-008  2.4800000e-008  2.1800000e-008  2.3500000e-008  2.3300000e-008  2.0200000e-008  2.1000000e-008  2.5500000e-008             NaN  2.3300000e-008  2.4900000e-008
  1.1500000e+002             NaN             NaN             NaN             NaN  1.8300000e-008  1.9400000e-008  1.9200000e-008  1.9550000e-008  2.0100000e-008  2.1700000e-008  2.2000000e-008  2.2900000e-008  2.3200000e-008             NaN             NaN             NaN             NaN             NaN             NaN             NaN             NaN             NaN             NaN             NaN  2.4700000e-008  2.5400000e-008  2.1400000e-008  2.0500000e-008  2.0200000e-008  2.1400000e-008  1.8900000e-008  1.9600000e-008  2.6100000e-008             NaN  2.3800000e-008  2.4400000e-008
  1.0000000e+002             NaN             NaN             NaN             NaN  1.7000000e-008  1.7400000e-008  1.8200000e-008  1.8700000e-008  1.9650000e-008  2.0700000e-008  2.1700000e-008  2.4450000e-008  2.4800000e-008             NaN             NaN             NaN             NaN             NaN             NaN             NaN             NaN             NaN             NaN             NaN  2.7900000e-008  2.4300000e-008  2.0550000e-008  2.0750000e-008  1.9500000e-008  1.9400000e-008  1.7400000e-008  1.7800000e-008  2.2700000e-008             NaN  2.3000000e-008  2.2200000e-008
  9.0000000e+001             NaN             NaN             NaN             NaN  1.6600000e-008  1.7200000e-008  1.8000000e-008  1.8600000e-008  1.9300000e-008  2.0300000e-008  2.1600000e-008  2.2150000e-008  2.1850000e-008             NaN             NaN             NaN             NaN             NaN             NaN             NaN             NaN             NaN             NaN             NaN  3.1400000e-008  2.0950000e-008  2.0700000e-008  1.9850000e-008  1.9400000e-008  1.9750000e-008  1.7300000e-008  1.7750000e-008  2.2600000e-008             NaN  2.0300000e-008  2.0400000e-008
  8.0000000e+001             NaN             NaN             NaN             NaN  1.6800000e-008  1.7250000e-008  1.7850000e-008  1.8300000e-008  1.8950000e-008  1.9200000e-008  1.9450000e-008  2.0150000e-008  2.0500000e-008             NaN             NaN             NaN             NaN             NaN             NaN             NaN             NaN             NaN             NaN             NaN  2.8700000e-008  2.4100000e-008  1.9400000e-008  1.8900000e-008  1.8900000e-008  1.8450000e-008  1.6700000e-008  1.7200000e-008  2.2900000e-008             NaN  1.9350000e-008  2.0100000e-008
  7.0000000e+001             NaN             NaN             NaN             NaN  1.5800000e-008  1.6700000e-008  1.7800000e-008  1.8200000e-008  1.9100000e-008  1.9200000e-008  2.0100000e-008  2.1400000e-008  2.1850000e-008             NaN             NaN             NaN             NaN             NaN             NaN             NaN             NaN             NaN             NaN             NaN  3.2000000e-008  2.1150000e-008  2.0550000e-008  1.9250000e-008  1.8000000e-008  1.8300000e-008  1.6400000e-008  1.6600000e-008  2.0550000e-008             NaN  1.9750000e-008  1.9400000e-008
  5.0000000e+001             NaN             NaN             NaN             NaN  1.6500000e-008  1.7000000e-008  1.7500000e-008  1.7700000e-008  1.8500000e-008  1.9100000e-008  2.0100000e-008  2.1050000e-008  2.1800000e-008             NaN             NaN             NaN             NaN             NaN             NaN             NaN             NaN             NaN             NaN             NaN  3.4000000e-008  2.1100000e-008  1.9900000e-008  1.8200000e-008  1.7300000e-008  1.7600000e-008  1.5900000e-008  1.6200000e-008  2.0800000e-008             NaN  1.8500000e-008  1.8900000e-008
  3.0000000e+001             NaN             NaN             NaN             NaN  1.7200000e-008  1.6900000e-008  1.7800000e-008  1.8300000e-008  1.8800000e-008  1.9350000e-008  2.0700000e-008  2.1900000e-008  2.3100000e-008             NaN             NaN             NaN             NaN             NaN             NaN             NaN             NaN             NaN             NaN             NaN  3.5550000e-008  2.1200000e-008  2.0450000e-008  1.8700000e-008  1.7100000e-008  1.7100000e-008  1.5100000e-008  1.4900000e-008  1.8400000e-008             NaN  1.7100000e-008  1.7400000e-008
  2.0000000e+001             NaN             NaN             NaN             NaN  1.6600000e-008  1.6150000e-008  1.7100000e-008  1.7600000e-008  1.8400000e-008  1.8100000e-008  1.9200000e-008  2.0500000e-008  2.2000000e-008             NaN             NaN             NaN             NaN             NaN             NaN             NaN             NaN             NaN             NaN             NaN  3.0800000e-008  1.9650000e-008  1.8250000e-008  1.6350000e-008  1.5450000e-008  1.5400000e-008  1.3500000e-008  1.3400000e-008  1.5600000e-008             NaN  1.4400000e-008  1.4300000e-008
  1.5000000e+001             NaN             NaN             NaN             NaN  1.5900000e-008  1.6100000e-008  1.6300000e-008  1.6800000e-008  1.7900000e-008  1.8650000e-008  1.9750000e-008  2.0100000e-008  2.1900000e-008             NaN             NaN             NaN             NaN             NaN             NaN             NaN             NaN             NaN             NaN             NaN  3.5200000e-008  1.9600000e-008  1.7900000e-008  1.5800000e-008  1.3800000e-008  1.3350000e-008  1.2000000e-008  1.1300000e-008  1.3200000e-008             NaN  1.2700000e-008  1.2400000e-008
  1.0000000e+001             NaN             NaN             NaN             NaN  1.1600000e-008  1.1800000e-008  1.2700000e-008  1.2800000e-008  1.3100000e-008  1.3200000e-008  1.4000000e-008  1.5050000e-008  1.5200000e-008             NaN             NaN             NaN             NaN             NaN             NaN             NaN             NaN             NaN             NaN             NaN  2.3650000e-008  1.5100000e-008  1.2000000e-008  1.0100000e-008  9.5150000e-009  9.7300000e-009  8.3200000e-009  8.2550000e-009  9.8700000e-009             NaN  9.2200000e-009  8.2000000e-009
  7.0000000e+000             NaN             NaN             NaN             NaN  8.5050000e-009  8.8400000e-009  8.8450000e-009  8.9100000e-009  9.3600000e-009  9.5900000e-009  1.0050000e-008  1.0850000e-008  1.1200000e-008             NaN             NaN             NaN             NaN             NaN             NaN             NaN             NaN             NaN             NaN             NaN  1.6900000e-008  9.9650000e-009  9.2600000e-009  7.7000000e-009  6.8800000e-009  6.6300000e-009  6.0000000e-009  5.8000000e-009  6.1700000e-009             NaN  5.8800000e-009  6.0700000e-009
  5.0000000e+000             NaN             NaN             NaN             NaN  6.8400000e-009  6.8550000e-009  7.2800000e-009  7.1100000e-009  7.2550000e-009  7.6200000e-009  8.3900000e-009  8.3700000e-009  9.0100000e-009             NaN             NaN             NaN             NaN             NaN             NaN             NaN             NaN             NaN             NaN             NaN  1.4400000e-008  8.4800000e-009  7.0550000e-009  6.6000000e-009  5.7500000e-009  4.9100000e-009  4.3300000e-009  4.1700000e-009  4.5600000e-009             NaN  4.5200000e-009  3.8600000e-009
  3.0000000e+000             NaN             NaN             NaN             NaN  6.7700000e-009  6.8700000e-009  7.2400000e-009  7.5700000e-009  8.1000000e-009  8.0800000e-009  8.2600000e-009  8.9950000e-009  9.3800000e-009             NaN             NaN             NaN             NaN             NaN             NaN             NaN             NaN             NaN             NaN             NaN  1.7000000e-008  9.5050000e-009  8.3350000e-009  7.0500000e-009  5.8100000e-009  5.1700000e-009  3.9700000e-009  3.6300000e-009  3.6300000e-009             NaN  2.9750000e-009  2.6600000e-009
  2.0000000e+000             NaN             NaN             NaN             NaN  5.3600000e-009  6.0050000e-009  5.7450000e-009  6.4950000e-009  6.8200000e-009  6.9800000e-009  7.7100000e-009  8.2900000e-009  9.0700000e-009             NaN             NaN             NaN             NaN             NaN             NaN             NaN             NaN             NaN             NaN             NaN  1.3750000e-008  9.3100000e-009  8.2750000e-009  6.7000000e-009  4.9700000e-009  4.1800000e-009  3.3700000e-009  2.8000000e-009  2.9550000e-009             NaN  2.0500000e-009  1.8800000e-009
  1.5000000e+000             NaN             NaN             NaN             NaN  4.3000000e-009  4.4500000e-009  4.9300000e-009  5.2450000e-009  5.7800000e-009  5.9200000e-009  5.8900000e-009  6.7800000e-009  7.5300000e-009             NaN             NaN             NaN             NaN             NaN             NaN             NaN             NaN             NaN             NaN             NaN  1.2500000e-008  9.1400000e-009  7.8300000e-009  5.4950000e-009  4.0050000e-009  3.3000000e-009  3.3050000e-009  2.9800000e-009  3.0450000e-009             NaN  2.0300000e-009  2.1450000e-009
  1.0000000e+000             NaN             NaN             NaN             NaN  3.6800000e-009  4.0150000e-009  4.3200000e-009  4.6500000e-009  4.7600000e-009  5.1100000e-009  5.4000000e-009  5.9350000e-009  6.2900000e-009             NaN             NaN             NaN             NaN             NaN             NaN             NaN             NaN             NaN             NaN             NaN  1.1200000e-008  7.8350000e-009  7.1150000e-009  5.6900000e-009  3.9450000e-009  3.4350000e-009  3.1200000e-009  3.2400000e-009  3.6600000e-009             NaN  2.8400000e-009  3.0450000e-009
  7.0000000e-001             NaN             NaN             NaN             NaN  3.4100000e-009  3.7700000e-009  3.8500000e-009  4.1200000e-009  4.3300000e-009  4.4700000e-009  5.0100000e-009  5.1450000e-009  5.8000000e-009             NaN             NaN             NaN             NaN             NaN             NaN             NaN             NaN             NaN             NaN             NaN  1.0250000e-008  6.9400000e-009  7.4600000e-009  5.5200000e-009  4.5300000e-009  3.4200000e-009  3.1300000e-009  3.0200000e-009  3.9800000e-009             NaN  3.1700000e-009  3.8900000e-009
  5.0000000e-001             NaN             NaN             NaN             NaN  3.0600000e-009  3.1800000e-009  3.6500000e-009  3.7350000e-009  3.8800000e-009  4.1000000e-009  4.4800000e-009  4.8800000e-009  5.2400000e-009             NaN             NaN             NaN             NaN             NaN             NaN             NaN             NaN             NaN             NaN             NaN  9.0300000e-009  5.9200000e-009  5.8000000e-009  5.2100000e-009  4.1200000e-009  3.5900000e-009  3.0650000e-009  3.2000000e-009  3.7800000e-009             NaN  3.4500000e-009  4.1200000e-009
  3.0000000e-001             NaN             NaN             NaN             NaN  3.5850000e-009  3.6250000e-009  3.4600000e-009  3.5050000e-009  3.6100000e-009  3.4900000e-009  4.0150000e-009  4.4500000e-009  4.9800000e-009             NaN             NaN             NaN             NaN             NaN             NaN             NaN             NaN             NaN             NaN             NaN  8.5250000e-009  5.3300000e-009  4.8600000e-009  5.0600000e-009  4.0300000e-009  3.5350000e-009  2.9300000e-009  2.9700000e-009  3.9700000e-009             NaN  3.5650000e-009  4.2400000e-009
  2.0000000e-001             NaN             NaN             NaN             NaN  4.6200000e-009  4.4800000e-009  4.3100000e-009  4.2800000e-009  4.4750000e-009  4.6200000e-009  4.4300000e-009  4.8100000e-009  4.8650000e-009             NaN             NaN             NaN             NaN             NaN             NaN             NaN             NaN             NaN             NaN             NaN  9.1000000e-009  5.8000000e-009  5.8900000e-009  6.0200000e-009  5.4900000e-009  3.8650000e-009  3.2600000e-009  3.2600000e-009  4.2850000e-009             NaN  4.3400000e-009  4.2700000e-009
  1.5000000e-001             NaN             NaN             NaN             NaN  4.7400000e-009  4.9400000e-009  4.9350000e-009  5.0700000e-009  5.1100000e-009  5.1700000e-009  5.3900000e-009  5.7100000e-009  5.9800000e-009             NaN             NaN             NaN             NaN             NaN             NaN             NaN             NaN             NaN             NaN             NaN  9.7600000e-009  6.2500000e-009  6.6500000e-009  6.3650000e-009  5.4800000e-009  5.1800000e-009  4.5400000e-009  4.4100000e-009  5.3500000e-009             NaN  5.3550000e-009  5.4800000e-009
  1.0000000e-001             NaN             NaN             NaN             NaN  4.7800000e-009  4.6800000e-009  5.0200000e-009  4.5950000e-009  4.8400000e-009  5.6400000e-009  5.7600000e-009  6.3300000e-009  6.8300000e-009             NaN             NaN             NaN             NaN             NaN             NaN             NaN             NaN             NaN             NaN             NaN  1.1000000e-008  6.9550000e-009  6.4450000e-009  5.7250000e-009  5.6600000e-009  5.9000000e-009  5.6200000e-009  5.6400000e-009  6.5200000e-009             NaN  6.5200000e-009  6.8300000e-009
