             NaN -8.7500000e+001 -8.2500000e+001 -7.7500000e+001 -7.2500000e+001 -6.7500000e+001 -6.2500000e+001 -5.7500000e+001 -5.2500000e+001 -4.7500000e+001 -4.2500000e+001 -3.7500000e+001 -3.2500000e+001 -2.7500000e+001 -2.2500000e+001 -1.7500000e+001 -1.2500000e+001 -7.5000000e+000 -2.5000000e+000  2.5000000e+000  7.5000000e+000  1.2500000e+001  1.7500000e+001  2.2500000e+001  2.7500000e+001  3.2500000e+001  3.7500000e+001  4.2500000e+001  4.7500000e+001  5.2500000e+001  5.7500000e+001  6.2500000e+001  6.7500000e+001  7.2500000e+001  7.7500000e+001  8.2500000e+001  8.7500000e+001
  1.0000000e+003             NaN             NaN             NaN             NaN             NaN             NaN             NaN             NaN             NaN             NaN             NaN             NaN             NaN             NaN             NaN             NaN             NaN             NaN             NaN             NaN             NaN             NaN             NaN             NaN             NaN             NaN             NaN             NaN             NaN             NaN             NaN             NaN             NaN             NaN             NaN             NaN
  8.5000000e+002             NaN             NaN             NaN             NaN             NaN             NaN             NaN             NaN             NaN             NaN             NaN             NaN             NaN             NaN             NaN             NaN             NaN             NaN             NaN             NaN             NaN             NaN             NaN             NaN             NaN             NaN             NaN             NaN             NaN             NaN             NaN             NaN             NaN             NaN             NaN             NaN
  7.0000000e+002             NaN             NaN             NaN             NaN             NaN             NaN             NaN             NaN             NaN             NaN             NaN             NaN             NaN             NaN             NaN             NaN             NaN             NaN             NaN             NaN             NaN             NaN             NaN             NaN             NaN             NaN             NaN             NaN             NaN             NaN             NaN             NaN             NaN             NaN             NaN             NaN
  5.0000000e+002             NaN             NaN             NaN             NaN             NaN             NaN             NaN             NaN             NaN             NaN             NaN             NaN             NaN             NaN             NaN             NaN             NaN             NaN             NaN             NaN             NaN             NaN             NaN             NaN             NaN             NaN             NaN             NaN             NaN             NaN             NaN             NaN             NaN             NaN             NaN             NaN
  4.0000000e+002             NaN             NaN             NaN             NaN             NaN             NaN             NaN             NaN             NaN             NaN             NaN             NaN             NaN             NaN             NaN             NaN             NaN             NaN             NaN             NaN             NaN             NaN             NaN             NaN             NaN             NaN             NaN             NaN             NaN             NaN             NaN             NaN             NaN             NaN             NaN             NaN
  3.0000000e+002             NaN             NaN  1.2659842e-005  1.0900000e-005  1.3333916e-005  1.1404786e-005  1.3300000e-005  1.2249142e-005             NaN             NaN             NaN             NaN             NaN             NaN             NaN             NaN             NaN             NaN             NaN             NaN             NaN             NaN             NaN             NaN             NaN             NaN  1.4100000e-005  1.1300000e-005  9.5897604e-006  1.3102583e-005  1.0109097e-005  1.0905648e-005  1.3018013e-005  1.2058360e-005  1.2626505e-005             NaN
  2.5000000e+002  9.7934642e-006  9.9346708e-006  9.5318937e-006  1.0134016e-005  1.0316716e-005  7.7797079e-006  9.1403004e-006  9.9340972e-006  1.1900000e-005  7.3400000e-006  1.2900000e-005             NaN             NaN             NaN             NaN             NaN             NaN             NaN             NaN             NaN             NaN             NaN             NaN             NaN             NaN             NaN  4.6400000e-006  1.0275344e-005  9.4308965e-006  8.5519230e-006  8.1089195e-006  8.8092214e-006  8.3737785e-006  8.0048366e-006  8.7716071e-006             NaN
  2.0000000e+002  4.8324678e-006  5.0463529e-006  5.5445004e-006  5.7248978e-006  5.4875907e-006  5.0270595e-006  4.8673520e-006  5.3961953e-006  9.7970492e-006  1.0345617e-005  1.1799541e-005             NaN             NaN             NaN             NaN             NaN             NaN             NaN             NaN             NaN             NaN             NaN             NaN             NaN             NaN             NaN  8.4086309e-006  7.4385610e-006  8.1493787e-006  6.2643868e-006  6.1470340e-006  5.9261998e-006  6.5605676e-006  6.0744108e-006  6.1196687e-006             NaN
  1.7000000e+002  3.8490490e-006  4.0088952e-006  4.1291196e-006  4.3730539e-006  4.1604359e-006  4.2032222e-006  4.4945470e-006  6.4611868e-006  9.3268567e-006  7.7371209e-006  6.3199272e-006             NaN             NaN             NaN             NaN             NaN             NaN             NaN             NaN             NaN             NaN             NaN             NaN             NaN             NaN  6.2002702e-006  5.6977220e-006  4.9422589e-006  4.9322274e-006  4.9731216e-006  4.8117227e-006  5.0737940e-006  4.8443816e-006  4.7841409e-006  5.0520454e-006             NaN
  1.5000000e+002  3.7193302e-006  3.7749291e-006  3.8352962e-006  3.8201838e-006  3.6613201e-006  3.8382348e-006  3.6722885e-006  4.0645493e-006  5.1592349e-006  4.4135039e-006  5.1407313e-006             NaN             NaN             NaN             NaN             NaN             NaN             NaN             NaN             NaN             NaN             NaN             NaN             NaN             NaN  4.0538753e-006  4.0739760e-006  3.9096315e-006  3.9126926e-006  4.0703099e-006  4.2186065e-006  4.3274245e-006  4.3710443e-006  4.3090083e-006  4.3574756e-006             NaN
  1.3000000e+002  3.7595742e-006  3.7123731e-006  3.7679648e-006  3.7043268e-006  3.7640893e-006  3.6552898e-006  3.5969183e-006  3.6581631e-006  4.0024655e-006  4.3641313e-006  3.6405780e-006             NaN             NaN             NaN             NaN             NaN             NaN             NaN             NaN             NaN             NaN             NaN             NaN             NaN             NaN             NaN  3.3753506e-006  3.6240918e-006  3.9152543e-006  4.0796776e-006  4.0591485e-006  4.1878902e-006  4.2349767e-006  4.2571028e-006  4.3638850e-006             NaN
  1.1500000e+002  3.8461806e-006  3.7948743e-006  3.8664889e-006  3.8742772e-006  3.8325704e-006  3.8961530e-006  3.6586197e-006  3.7808307e-006  3.4541589e-006  3.7409047e-006  3.2313007e-006             NaN             NaN             NaN             NaN             NaN             NaN             NaN             NaN             NaN             NaN             NaN             NaN             NaN             NaN  3.0357680e-006  3.4675688e-006  3.6719889e-006  3.7547398e-006  3.8301323e-006  4.1501132e-006  4.2922674e-006  4.3245000e-006  4.2379658e-006  4.4497563e-006             NaN
  1.0000000e+002  4.1839237e-006  4.1042471e-006  4.1620786e-006  4.0677964e-006  4.1005372e-006  4.0384215e-006  3.9489052e-006  3.6562846e-006  3.8625788e-006  3.4721904e-006  3.3706522e-006             NaN             NaN             NaN             NaN             NaN             NaN             NaN             NaN             NaN             NaN             NaN             NaN             NaN             NaN             NaN  3.4461358e-006  3.6512997e-006  3.7605936e-006  4.0578593e-006  4.1175503e-006  4.3905982e-006  4.4025330e-006  4.3888624e-006  4.5045273e-006             NaN
  9.0000000e+001  4.3700264e-006  4.2148313e-006  4.3538824e-006  4.2451487e-006  4.1547900e-006  4.0562455e-006  3.9738055e-006  3.9622759e-006  3.7001795e-006  3.8101193e-006  3.5328785e-006             NaN             NaN             NaN             NaN             NaN             NaN             NaN             NaN             NaN             NaN             NaN             NaN             NaN             NaN             NaN  3.6919945e-006  3.8597112e-006  3.8777412e-006  4.1806064e-006  4.1548275e-006  4.3720433e-006  4.3629206e-006  4.5247290e-006  4.6287322e-006             NaN
  8.0000000e+001  4.4413657e-006  4.3589162e-006  4.3590940e-006  4.2292051e-006  4.1296639e-006  4.1006346e-006  4.0993806e-006  4.0266273e-006  3.9366895e-006  3.8851176e-006  3.5286046e-006             NaN             NaN             NaN             NaN             NaN             NaN             NaN             NaN             NaN             NaN             NaN             NaN             NaN             NaN             NaN  3.7327037e-006  3.9011809e-006  4.0176399e-006  4.1037558e-006  4.3113420e-006  4.2905819e-006  4.6028388e-006  4.4620419e-006  4.7045673e-006             NaN
  7.0000000e+001  4.6291595e-006  4.5556693e-006  4.5039730e-006  4.4356349e-006  4.4775525e-006  4.3081453e-006  4.2694746e-006  4.2000897e-006  4.0909614e-006  4.0421460e-006  3.9828261e-006             NaN             NaN             NaN             NaN             NaN             NaN             NaN             NaN             NaN             NaN             NaN             NaN             NaN             NaN             NaN  3.9988549e-006  4.1332230e-006  4.1597716e-006  4.2994540e-006  4.3669366e-006  4.6118117e-006  4.4878669e-006  4.6086142e-006  4.8215342e-006             NaN
  5.0000000e+001  4.9589679e-006  4.8813512e-006  4.9837216e-006  4.9187801e-006  4.8526789e-006  4.6470191e-006  4.8189343e-006  4.6204485e-006  4.7125584e-006  4.4353130e-006  4.5000702e-006  4.1755257e-006             NaN             NaN             NaN             NaN             NaN             NaN             NaN             NaN             NaN             NaN             NaN             NaN             NaN  4.4431633e-006  4.5643308e-006  4.5923213e-006  4.5445706e-006  4.5778488e-006  4.6848234e-006  4.7132351e-006  4.9539604e-006  5.0428595e-006  5.1817745e-006             NaN
  3.0000000e+001  5.2374338e-006  5.1060489e-006  5.1324517e-006  5.0615290e-006  5.0534812e-006  5.0032680e-006  4.9642720e-006  4.9545930e-006  4.9257602e-006  4.9423916e-006  4.8230038e-006  4.6762792e-006             NaN             NaN             NaN             NaN             NaN             NaN             NaN             NaN             NaN             NaN             NaN             NaN             NaN  4.8930697e-006  4.8733216e-006  4.8260559e-006  4.8602875e-006  4.8494771e-006  4.8911265e-006  4.9316730e-006  5.0441377e-006  5.4308749e-006  5.6815405e-006             NaN
  2.0000000e+001  5.3671240e-006  5.3587571e-006  5.1652423e-006  5.0769486e-006  4.9475055e-006  5.2714335e-006  5.0953084e-006  5.0808819e-006  4.9920531e-006  4.9638742e-006  4.8325696e-006             NaN             NaN             NaN             NaN             NaN             NaN             NaN             NaN             NaN             NaN             NaN             NaN             NaN             NaN  5.2723405e-006  5.1517804e-006  5.0333276e-006  5.2067363e-006  5.2234332e-006  5.1918869e-006  5.1825580e-006  5.3004919e-006  5.7040182e-006  5.8053202e-006             NaN
  1.5000000e+001  5.5402274e-006  5.4969293e-006  5.4937860e-006  5.4590327e-006  5.4108647e-006  5.4209813e-006  5.2258256e-006  5.1773100e-006  5.1254671e-006  5.1061586e-006  4.9702021e-006             NaN             NaN             NaN             NaN             NaN             NaN             NaN             NaN             NaN             NaN             NaN             NaN             NaN             NaN             NaN  5.3961516e-006  5.3359343e-006  5.3339729e-006  5.3800698e-006  5.5393411e-006  5.4699220e-006  5.5454219e-006  5.8114545e-006  5.7888749e-006             NaN
  1.0000000e+001  5.8633564e-006  5.7325971e-006  5.5428714e-006  5.5244842e-006  5.4692290e-006  5.5565936e-006  5.4262573e-006  5.3610833e-006  5.2634699e-006  5.2387661e-006  4.8804940e-006             NaN             NaN             NaN             NaN             NaN             NaN             NaN             NaN             NaN             NaN             NaN             NaN             NaN             NaN  5.6106159e-006  5.5300119e-006  5.5380271e-006  5.6153922e-006  5.6305641e-006  5.6932361e-006  5.6533944e-006  5.8029146e-006  6.0049128e-006  5.9822220e-006             NaN
  7.0000000e+000  6.1798867e-006  6.0414225e-006  6.0100039e-006  5.9037119e-006  5.8530820e-006  5.7209454e-006  5.7362836e-006  5.6013571e-006  5.5057942e-006  5.4161693e-006  5.0208389e-006             NaN             NaN             NaN             NaN             NaN             NaN             NaN             NaN             NaN             NaN             NaN             NaN             NaN             NaN  5.5305819e-006  5.6255860e-006  5.5798764e-006  5.7943725e-006  5.8033440e-006  5.9987053e-006  5.8224086e-006  5.7603144e-006  6.0593101e-006  6.0106477e-006             NaN
  5.0000000e+000  6.5511838e-006  6.4447651e-006  6.2423277e-006  6.3499290e-006  6.2855048e-006  6.2377904e-006  6.0864709e-006  5.8311870e-006  5.8189272e-006  5.6361952e-006  5.3205040e-006  5.2938764e-006             NaN             NaN             NaN             NaN             NaN             NaN             NaN             NaN             NaN             NaN             NaN             NaN             NaN  5.6003673e-006  5.6503817e-006  5.7552664e-006  5.9567691e-006  5.9961070e-006  6.0004861e-006  6.0031963e-006  6.2039291e-006  6.1589193e-006  6.0248199e-006             NaN
  3.0000000e+000  6.9974960e-006  6.9133271e-006  6.8741016e-006  6.8400612e-006  6.7576959e-006  6.6017363e-006  6.6892290e-006  6.5028945e-006  6.4227366e-006  6.1849892e-006  5.8452038e-006             NaN             NaN             NaN             NaN             NaN             NaN             NaN             NaN             NaN             NaN             NaN             NaN             NaN             NaN  5.5401278e-006  5.8902891e-006  5.8985305e-006  6.0165133e-006  6.0836970e-006  6.2703674e-006  6.1610018e-006  6.0973272e-006  6.2987762e-006  6.0882087e-006             NaN
  2.0000000e+000  7.2609586e-006  7.2482851e-006  7.1890751e-006  7.1803241e-006  7.1789674e-006  7.0864030e-006  7.0230924e-006  6.8317238e-006  6.7626323e-006  6.4314556e-006  6.0894329e-006             NaN             NaN             NaN             NaN             NaN             NaN             NaN             NaN             NaN             NaN             NaN             NaN             NaN             NaN  5.7561262e-006  6.1707839e-006  6.1727923e-006  6.2836879e-006  6.3684760e-006  6.3026322e-006  6.2933050e-006  6.3023995e-006  6.4036103e-006  6.2569343e-006             NaN
  1.5000000e+000  7.3394166e-006  7.3640946e-006  7.2649331e-006  7.2467992e-006  7.1808210e-006  7.1986941e-006  7.1585783e-006  7.0172325e-006  6.8750295e-006  6.6216027e-006  6.2919839e-006             NaN             NaN             NaN             NaN             NaN             NaN             NaN             NaN             NaN             NaN             NaN             NaN             NaN             NaN             NaN  6.3243065e-006  6.5639843e-006  6.3956944e-006  6.3692599e-006  6.3595858e-006  6.3306896e-006  6.4540053e-006  6.3678178e-006  6.4114568e-006             NaN
  1.0000000e+000  7.5928022e-006  7.4576768e-006  7.3460497e-006  7.4298191e-006  7.4366254e-006  7.2900728e-006  7.2470023e-006  7.1023077e-006  7.0712436e-006  6.8160572e-006  6.4994611e-006             NaN             NaN             NaN             NaN             NaN             NaN             NaN             NaN             NaN             NaN             NaN             NaN             NaN             NaN  6.3823634e-006  6.5947060e-006  6.5612978e-006  6.4568892e-006  6.4511280e-006  6.4006880e-006  6.2986648e-006  6.1536745e-006  6.2373279e-006  6.4904771e-006             NaN
  7.0000000e-001  7.4054387e-006  7.4515072e-006  7.4850903e-006  7.6075492e-006  7.5781764e-006  7.5907599e-006  7.5078030e-006  7.4402914e-006  7.3583635e-006  7.1268676e-006  6.6180084e-006             NaN             NaN             NaN             NaN             NaN             NaN             NaN             NaN             NaN             NaN             NaN             NaN             NaN             NaN             NaN  6.7710156e-006  6.7389990e-006  6.7325607e-006  6.6642512e-006  6.5343012e-006  5.9255393e-006  5.9710025e-006  5.6868110e-006  6.5701846e-006             NaN
  5.0000000e-001  7.5769618e-006  7.5658004e-006  7.6253947e-006  7.7252652e-006  7.7060470e-006  7.8049056e-006  7.7253831e-006  7.6173143e-006  7.6327825e-006  7.2209764e-006  6.9637632e-006  6.9326699e-006             NaN             NaN             NaN             NaN             NaN             NaN             NaN             NaN             NaN             NaN             NaN             NaN             NaN  7.0651776e-006  6.9872097e-006  7.0125492e-006  6.8029121e-006  6.6888551e-006  6.6826590e-006  6.3668816e-006  6.6436217e-006  5.1848033e-006  6.5073570e-006             NaN
  3.0000000e-001  7.5821990e-006  7.6202955e-006  7.7430298e-006  7.7814079e-006  7.7691025e-006  7.8934207e-006  7.7712341e-006  7.6655346e-006  7.4676582e-006  7.3808038e-006  7.2722228e-006             NaN             NaN             NaN             NaN             NaN             NaN             NaN             NaN             NaN             NaN             NaN             NaN             NaN             NaN  7.2106420e-006  7.0572835e-006  6.9514032e-006  6.4288521e-006  6.3476564e-006  6.4369063e-006  5.7930197e-006  5.5543913e-006  5.0743323e-006  5.9859457e-006             NaN
  2.0000000e-001  7.3875329e-006  7.4573224e-006  7.5154129e-006  7.6178351e-006  7.6213893e-006  7.6274483e-006  7.6079958e-006  7.3973927e-006  7.4108344e-006  7.2432236e-006  7.1665307e-006             NaN             NaN             NaN             NaN             NaN             NaN             NaN             NaN             NaN             NaN             NaN             NaN             NaN             NaN             NaN  6.4439840e-006  6.2627200e-006  6.2422204e-006  5.7485482e-006  5.7777943e-006  5.5253380e-006  5.3874703e-006  4.7368448e-006  5.5314854e-006             NaN
  1.5000000e-001  7.2698534e-006  7.3092026e-006  7.3636073e-006  7.3453782e-006  7.2879510e-006  7.4404365e-006  7.3200832e-006  7.2752119e-006  7.2102328e-006  7.1810959e-006  7.2152478e-006             NaN             NaN             NaN             NaN             NaN             NaN             NaN             NaN             NaN             NaN             NaN             NaN             NaN             NaN  6.5954872e-006  6.2950631e-006  5.8632144e-006  5.0562731e-006  5.1775513e-006  5.2836860e-006  4.7386175e-006  4.4456983e-006  4.2421110e-006  4.2129181e-006             NaN
  1.0000000e-001  6.8223772e-006  7.0231553e-006  7.1701343e-006  7.2493953e-006  7.2287318e-006  7.3344610e-006  7.2987101e-006  7.1726575e-006  7.1564986e-006  7.1651511e-006  7.0867876e-006             NaN             NaN             NaN             NaN             NaN             NaN             NaN             NaN             NaN             NaN             NaN             NaN             NaN             NaN  6.3107407e-006  4.8973876e-006  5.0612181e-006  5.0484476e-006  4.7084480e-006  4.3744852e-006  4.6335084e-006  4.1523404e-006  3.8742041e-006  3.9734968e-006             NaN
             NaN -8.7500000e+001 -8.2500000e+001 -7.7500000e+001 -7.2500000e+001 -6.7500000e+001 -6.2500000e+001 -5.7500000e+001 -5.2500000e+001 -4.7500000e+001 -4.2500000e+001 -3.7500000e+001 -3.2500000e+001 -2.7500000e+001 -2.2500000e+001 -1.7500000e+001 -1.2500000e+001 -7.5000000e+000 -2.5000000e+000  2.5000000e+000  7.5000000e+000  1.2500000e+001  1.7500000e+001  2.2500000e+001  2.7500000e+001  3.2500000e+001  3.7500000e+001  4.2500000e+001  4.7500000e+001  5.2500000e+001  5.7500000e+001  6.2500000e+001  6.7500000e+001  7.2500000e+001  7.7500000e+001  8.2500000e+001  8.7500000e+001
  1.0000000e+003             NaN             NaN             NaN             NaN             NaN             NaN             NaN             NaN             NaN             NaN             NaN             NaN             NaN             NaN             NaN             NaN             NaN             NaN             NaN             NaN             NaN             NaN             NaN             NaN             NaN             NaN             NaN             NaN             NaN             NaN             NaN             NaN             NaN             NaN             NaN             NaN
  8.5000000e+002             NaN             NaN             NaN             NaN             NaN             NaN             NaN             NaN             NaN             NaN             NaN             NaN             NaN             NaN             NaN             NaN             NaN             NaN             NaN             NaN             NaN             NaN             NaN             NaN             NaN             NaN             NaN             NaN             NaN             NaN             NaN             NaN             NaN             NaN             NaN             NaN
  7.0000000e+002             NaN             NaN             NaN             NaN             NaN             NaN             NaN             NaN             NaN             NaN             NaN             NaN             NaN             NaN             NaN             NaN             NaN             NaN             NaN             NaN             NaN             NaN             NaN             NaN             NaN             NaN             NaN             NaN             NaN             NaN             NaN             NaN             NaN             NaN             NaN             NaN
  5.0000000e+002             NaN             NaN             NaN             NaN             NaN             NaN             NaN             NaN             NaN             NaN             NaN             NaN             NaN             NaN             NaN             NaN             NaN             NaN             NaN             NaN             NaN             NaN             NaN             NaN             NaN             NaN             NaN             NaN             NaN             NaN             NaN             NaN             NaN             NaN             NaN             NaN
  4.0000000e+002             NaN             NaN             NaN             NaN             NaN             NaN             NaN             NaN             NaN             NaN             NaN             NaN             NaN             NaN             NaN             NaN             NaN             NaN             NaN             NaN             NaN             NaN             NaN             NaN             NaN             NaN             NaN             NaN             NaN             NaN             NaN             NaN             NaN             NaN             NaN             NaN
  3.0000000e+002             NaN             NaN  1.2698679e-006  0.0000000e+000  9.4072840e-008  2.0448647e-006  0.0000000e+000  5.4099070e-007             NaN             NaN             NaN             NaN             NaN             NaN             NaN             NaN             NaN             NaN             NaN             NaN             NaN             NaN             NaN             NaN             NaN             NaN  0.0000000e+000  0.0000000e+000  2.8083177e-006  6.8459313e-007  2.6347420e-006  3.2230252e-006  1.5788841e-006  1.6609399e-006  1.6776231e-006             NaN
  2.5000000e+002  2.4038745e-006  1.8000954e-006  2.6323466e-006  2.2976994e-006  3.2798940e-006  2.1311308e-006  1.5032137e-006  4.0895818e-006  0.0000000e+000  0.0000000e+000  0.0000000e+000             NaN             NaN             NaN             NaN             NaN             NaN             NaN             NaN             NaN             NaN             NaN             NaN             NaN             NaN             NaN  0.0000000e+000  2.9062573e-006  3.3510099e-006  2.5269948e-006  2.3692234e-006  2.6647982e-006  2.6271414e-006  2.4197070e-006  1.9723283e-006             NaN
  2.0000000e+002  6.6655193e-007  8.2475718e-007  1.3023897e-006  1.6534024e-006  1.4909857e-006  1.4290581e-006  1.3996770e-006  1.5459510e-006  4.2145160e-006  2.6338220e-006  2.2703579e-006             NaN             NaN             NaN             NaN             NaN             NaN             NaN             NaN             NaN             NaN             NaN             NaN             NaN             NaN             NaN  3.2109148e-006  2.1802556e-006  2.7696716e-006  1.2054437e-006  1.0576070e-006  9.2545996e-007  1.1983445e-006  1.0953820e-006  8.4122830e-007             NaN
  1.7000000e+002  3.2518470e-007  2.8477383e-007  3.9797486e-007  7.7967669e-007  5.2784876e-007  6.6460876e-007  1.0246976e-006  1.9248595e-006  3.6833964e-006  3.2115715e-006  2.0539118e-006             NaN             NaN             NaN             NaN             NaN             NaN             NaN             NaN             NaN             NaN             NaN             NaN             NaN             NaN  1.3528162e-006  1.4108078e-006  1.0733902e-006  9.8629284e-007  1.1838154e-006  9.3271037e-007  8.7228439e-007  6.7800683e-007  7.1128128e-007  7.1116671e-007             NaN
  1.5000000e+002  1.3719666e-007  1.6833907e-007  1.8283745e-007  3.3508809e-007  2.4371253e-007  2.7895968e-007  4.7407449e-007  9.4082177e-007  9.8990896e-007  1.2520520e-006  1.3962033e-006             NaN             NaN             NaN             NaN             NaN             NaN             NaN             NaN             NaN             NaN             NaN             NaN             NaN             NaN  2.9473487e-007  7.5642607e-007  5.2421245e-007  6.7851421e-007  3.6990810e-007  2.7289669e-007  2.5961024e-007  2.6856247e-007  2.8282312e-007  2.3489560e-007             NaN
  1.3000000e+002  8.7516595e-008  1.4132722e-007  1.2982708e-007  1.3326462e-007  2.0546189e-007  1.6118760e-007  3.0665476e-007  3.2690415e-007  5.1702318e-007  8.9294544e-007  8.0832565e-007             NaN             NaN             NaN             NaN             NaN             NaN             NaN             NaN             NaN             NaN             NaN             NaN             NaN             NaN             NaN  4.2257757e-007  3.1636081e-007  3.0556176e-007  3.5108856e-007  4.7230076e-007  2.7400641e-007  2.6378264e-007  2.3768916e-007  2.0722550e-007             NaN
  1.1500000e+002  1.9045334e-007  1.1644386e-007  1.1682934e-007  1.3862413e-007  1.7016895e-007  1.2685224e-007  1.4322238e-007  3.4784730e-007  4.4314929e-007  4.5641386e-007  2.8463082e-007             NaN             NaN             NaN             NaN             NaN             NaN             NaN             NaN             NaN             NaN             NaN             NaN             NaN             NaN  2.3754331e-007  4.9702244e-007  3.3055605e-007  3.0872001e-007  2.9436824e-007  2.6563893e-007  2.0408892e-007  2.2774234e-007  1.9556281e-007  2.1967559e-007             NaN
  1.0000000e+002  1.3668934e-007  1.6517927e-007  1.1850013e-007  1.2642010e-007  1.0634265e-007  6.5562271e-008  1.0925558e-007  1.3451998e-007  1.7995517e-007  3.5192765e-007  4.0491411e-007             NaN             NaN             NaN             NaN             NaN             NaN             NaN             NaN             NaN             NaN             NaN             NaN             NaN             NaN             NaN  2.6050967e-007  2.9759982e-007  3.6989621e-007  2.8127928e-007  3.1038739e-007  2.3119857e-007  1.7701927e-007  2.3857656e-007  2.0160663e-007             NaN
  9.0000000e+001  7.6177933e-008  1.4719788e-007  6.1730203e-008  1.3715020e-007  1.5779011e-007  7.4651621e-008  9.5861204e-008  1.6116065e-007  2.3421730e-007  1.7931867e-007  2.7916531e-007             NaN             NaN             NaN             NaN             NaN             NaN             NaN             NaN             NaN             NaN             NaN             NaN             NaN             NaN             NaN  1.9086195e-007  2.4100069e-007  2.0770770e-007  2.3184581e-007  3.0819485e-007  2.4281105e-007  2.6555468e-007  1.6448840e-007  1.5659626e-007             NaN
  8.0000000e+001  1.0036100e-007  1.6017464e-007  1.7261132e-007  1.3877959e-007  1.1620896e-007  6.7461746e-008  1.3168496e-007  1.2814072e-007  7.7647635e-008  1.5558863e-007  2.0913735e-007             NaN             NaN             NaN             NaN             NaN             NaN             NaN             NaN             NaN             NaN             NaN             NaN             NaN             NaN             NaN  2.5183617e-007  1.5890115e-007  1.9820060e-007  3.2452363e-007  2.4400108e-007  2.3435815e-007  3.3709127e-007  3.1430651e-007  2.0049064e-007             NaN
  7.0000000e+001  8.6981016e-008  1.5697395e-007  1.9949687e-007  1.8693866e-007  1.9162662e-007  1.5499770e-007  1.6548592e-007  1.5324322e-007  1.6928067e-007  1.0760566e-007  1.2356887e-007             NaN             NaN             NaN             NaN             NaN             NaN             NaN             NaN             NaN             NaN             NaN             NaN             NaN             NaN             NaN  2.2436571e-007  1.6793487e-007  1.3262591e-007  1.4211739e-007  1.9059673e-007  3.3552871e-007  3.1800478e-007  3.0034982e-007  3.0142364e-007             NaN
  5.0000000e+001  2.0380922e-007  2.2967743e-007  1.6502868e-007  1.4901185e-007  1.7233414e-007  2.4842981e-007  2.0361668e-007  1.9492260e-007  2.0135577e-007  2.8935065e-007  1.8999188e-007  2.3520926e-007             NaN             NaN             NaN             NaN             NaN             NaN             NaN             NaN             NaN             NaN             NaN             NaN             NaN  2.0455260e-007  2.5736572e-007  1.2135746e-007  2.3093382e-007  2.0819957e-007  3.4100331e-007  2.8909262e-007  5.2535939e-007  5.1497043e-007  5.1919806e-007             NaN
  3.0000000e+001  9.0626948e-008  1.3050546e-007  1.5285938e-007  1.5880782e-007  1.2944192e-007  9.2137052e-008  1.1892242e-007  9.0444684e-008  1.3492248e-007  1.0284684e-007  1.0480085e-007  8.6000471e-008             NaN             NaN             NaN             NaN             NaN             NaN             NaN             NaN             NaN             NaN             NaN             NaN             NaN  1.4480161e-007  1.6548873e-007  1.4892921e-007  2.2767280e-007  2.5261315e-007  2.3764309e-007  1.9615968e-007  3.9501135e-007  6.8881323e-007  7.6762285e-007             NaN
  2.0000000e+001  7.1837029e-008  9.4847036e-008  1.6401919e-007  1.4724352e-007  1.2050003e-007  1.4191142e-007  1.5950078e-007  1.6897934e-007  1.7624824e-007  1.4877605e-007  1.0847289e-007             NaN             NaN             NaN             NaN             NaN             NaN             NaN             NaN             NaN             NaN             NaN             NaN             NaN             NaN  3.2314039e-007  2.7578239e-007  2.6905142e-007  2.7981711e-007  3.2546034e-007  3.3200446e-007  2.9156038e-007  3.7979350e-007  6.1894818e-007  6.6727156e-007             NaN
  1.5000000e+001  8.5579427e-008  1.0218705e-007  9.6256656e-008  9.9599875e-008  1.0520777e-007  7.8384958e-008  2.1465409e-007  1.9561951e-007  2.0570107e-007  1.9918026e-007  1.3305871e-007             NaN             NaN             NaN             NaN             NaN             NaN             NaN             NaN             NaN             NaN             NaN             NaN             NaN             NaN             NaN  2.8124486e-007  2.4549716e-007  2.9145086e-007  2.9706414e-007  3.1002882e-007  3.1021755e-007  4.3034656e-007  4.6532543e-007  3.8381786e-007             NaN
  1.0000000e+001  1.4344346e-007  9.6584598e-008  1.0772969e-007  1.6766210e-007  1.5952147e-007  9.4095270e-008  1.1483256e-007  1.9268357e-007  1.6619835e-007  1.8555002e-007  1.8270530e-007             NaN             NaN             NaN             NaN             NaN             NaN             NaN             NaN             NaN             NaN             NaN             NaN             NaN             NaN  1.3746821e-007  1.7250030e-007  1.3444586e-007  2.2706981e-007  2.5794134e-007  2.7679486e-007  2.0846474e-007  1.9381135e-007  2.5778187e-007  2.6780503e-007             NaN
  7.0000000e+000  1.2997574e-007  1.2504176e-007  1.2025501e-007  1.5522580e-007  1.4727648e-007  1.3464259e-007  1.6731459e-007  1.7121100e-007  2.0221072e-007  1.8358002e-007  1.9533862e-007             NaN             NaN             NaN             NaN             NaN             NaN             NaN             NaN             NaN             NaN             NaN             NaN             NaN             NaN  9.4644896e-008  1.9173963e-007  2.2432015e-007  2.2047737e-007  1.9320925e-007  1.9083974e-007  2.0414014e-007  2.3879727e-007  2.5232309e-007  2.2219370e-007             NaN
  5.0000000e+000  1.2727645e-007  1.5442402e-007  2.0387040e-007  2.5978086e-007  2.7235354e-007  1.7912840e-007  1.8013910e-007  1.3682276e-007  1.5155456e-007  1.6860388e-007  2.1317142e-007  2.9420898e-007             NaN             NaN             NaN             NaN             NaN             NaN             NaN             NaN             NaN             NaN             NaN             NaN             NaN  8.7865290e-008  1.1817299e-007  1.1402712e-007  1.5045214e-007  2.0556637e-007  2.7418912e-007  3.2194786e-007  3.0012935e-007  2.5093129e-007  1.7986119e-007             NaN
  3.0000000e+000  1.5925090e-007  1.8321321e-007  1.4880133e-007  2.1760560e-007  2.3672117e-007  1.9280156e-007  2.4507085e-007  2.8258275e-007  2.7954846e-007  1.7611693e-007  3.2547994e-007             NaN             NaN             NaN             NaN             NaN             NaN             NaN             NaN             NaN             NaN             NaN             NaN             NaN             NaN  2.1514479e-007  2.6432605e-007  1.5115486e-007  1.9896301e-007  2.4203650e-007  2.5857696e-007  2.3982202e-007  2.1812693e-007  2.7503088e-007  1.6278440e-007             NaN
  2.0000000e+000  1.7497326e-007  1.2338118e-007  1.1948821e-007  1.1791984e-007  8.9740229e-008  1.0705584e-007  1.1180950e-007  1.4699559e-007  2.1404213e-007  1.8830681e-007  1.2582597e-007             NaN             NaN             NaN             NaN             NaN             NaN             NaN             NaN             NaN             NaN             NaN             NaN             NaN             NaN  2.3515256e-007  2.1683681e-007  2.0582128e-007  2.0853697e-007  1.7377656e-007  1.2621287e-007  2.0032945e-007  2.1685899e-007  1.9950832e-007  1.7544843e-007             NaN
  1.5000000e+000  1.4208124e-007  1.0936461e-007  7.3919190e-008  1.3819378e-007  1.2486718e-007  1.2371200e-007  8.4481635e-008  1.3131236e-007  1.6296343e-007  1.5649643e-007  1.8348738e-007             NaN             NaN             NaN             NaN             NaN             NaN             NaN             NaN             NaN             NaN             NaN             NaN             NaN             NaN             NaN  2.1210859e-007  2.5740521e-007  1.8254671e-007  1.7412176e-007  2.2349061e-007  2.4611414e-007  2.3126830e-007  2.5996075e-007  2.0454943e-007             NaN
  1.0000000e+000  1.2185633e-007  1.6157406e-007  9.6651512e-008  1.5466462e-007  1.6590517e-007  1.3896917e-007  1.5363775e-007  1.2199824e-007  1.6689064e-007  1.5625767e-007  3.1540906e-007             NaN             NaN             NaN             NaN             NaN             NaN             NaN             NaN             NaN             NaN             NaN             NaN             NaN             NaN  1.3400483e-007  1.8282487e-007  1.9191202e-007  2.3501182e-007  2.1966386e-007  3.8512367e-007  4.2693936e-007  7.4948906e-007  4.9479869e-007  1.5103399e-007             NaN
  7.0000000e-001  1.3634505e-007  1.2767861e-007  6.7015072e-008  1.8461742e-007  1.6596638e-007  1.7826829e-007  1.3258599e-007  1.0494765e-007  2.1792786e-007  1.7011731e-007  3.0402080e-007             NaN             NaN             NaN             NaN             NaN             NaN             NaN             NaN             NaN             NaN             NaN             NaN             NaN             NaN             NaN  1.9936231e-007  1.7063688e-007  2.3859744e-007  3.2210645e-007  3.2633513e-007  9.9571608e-007  1.0512548e-006  1.0021763e-006  1.6523657e-007             NaN
  5.0000000e-001  1.4928912e-007  1.4511559e-007  1.4460776e-007  1.4039445e-007  1.7671455e-007  1.7592375e-007  1.7752916e-007  1.5416260e-007  1.6905681e-007  2.7088249e-007  2.1659001e-007  4.0361713e-007             NaN             NaN             NaN             NaN             NaN             NaN             NaN             NaN             NaN             NaN             NaN             NaN             NaN  1.5814759e-007  1.5136562e-007  1.5548187e-007  2.3267649e-007  4.5319363e-007  3.9991119e-007  7.8402033e-007  2.7536863e-007  1.5453576e-006  3.6941268e-007             NaN
  3.0000000e-001  1.6328197e-007  1.5506475e-007  1.6654508e-007  2.4796099e-007  1.9955397e-007  2.0167007e-007  2.0507731e-007  2.8910481e-007  2.2760305e-007  2.3346936e-007  1.9556256e-007             NaN             NaN             NaN             NaN             NaN             NaN             NaN             NaN             NaN             NaN             NaN             NaN             NaN             NaN  1.6857955e-007  2.2899728e-007  3.6391836e-007  5.5929003e-007  5.8433676e-007  6.1839988e-007  9.0159448e-007  9.3235758e-007  1.3067199e-006  1.1081501e-006             NaN
  2.0000000e-001  1.4956940e-007  1.6983059e-007  1.5919588e-007  1.8214290e-007  2.1770031e-007  1.5824691e-007  2.8201673e-007  1.3666629e-007  1.4099551e-007  2.4891516e-007  1.7453124e-007             NaN             NaN             NaN             NaN             NaN             NaN             NaN             NaN             NaN             NaN             NaN             NaN             NaN             NaN             NaN  5.3121436e-007  7.2625975e-007  3.9589610e-007  7.6207701e-007  7.3790908e-007  8.8169379e-007  8.1606752e-007  1.1248572e-006  1.0489877e-006             NaN
  1.5000000e-001  2.2132577e-007  2.1336411e-007  2.0686462e-007  2.4662476e-007  2.2486598e-007  1.1026624e-007  1.6622200e-007  1.1342731e-007  7.2871564e-008  1.7456799e-007  2.6177453e-007             NaN             NaN             NaN             NaN             NaN             NaN             NaN             NaN             NaN             NaN             NaN             NaN             NaN             NaN  3.0871772e-007  5.3052378e-007  8.0938951e-007  6.6523193e-007  5.1360341e-007  6.4837829e-007  5.2426381e-007  5.6354257e-007  9.4987773e-007  1.3315611e-006             NaN
  1.0000000e-001  1.5483755e-007  2.2949835e-007  1.7952089e-007  1.6831333e-007  1.8687355e-007  9.7742912e-008  1.8784056e-007  1.9790142e-007  1.4596151e-007  1.5689648e-007  1.5033279e-007             NaN             NaN             NaN             NaN             NaN             NaN             NaN             NaN             NaN             NaN             NaN             NaN             NaN             NaN  1.7461580e-007  5.9946532e-007  7.5856880e-007  6.6470258e-007  7.2712546e-007  9.2381403e-007  8.7403873e-007  6.3148853e-007  7.8416902e-007  1.0383654e-006             NaN
             NaN -8.7500000e+001 -8.2500000e+001 -7.7500000e+001 -7.2500000e+001 -6.7500000e+001 -6.2500000e+001 -5.7500000e+001 -5.2500000e+001 -4.7500000e+001 -4.2500000e+001 -3.7500000e+001 -3.2500000e+001 -2.7500000e+001 -2.2500000e+001 -1.7500000e+001 -1.2500000e+001 -7.5000000e+000 -2.5000000e+000  2.5000000e+000  7.5000000e+000  1.2500000e+001  1.7500000e+001  2.2500000e+001  2.7500000e+001  3.2500000e+001  3.7500000e+001  4.2500000e+001  4.7500000e+001  5.2500000e+001  5.7500000e+001  6.2500000e+001  6.7500000e+001  7.2500000e+001  7.7500000e+001  8.2500000e+001  8.7500000e+001
  1.0000000e+003             NaN             NaN             NaN             NaN             NaN             NaN             NaN             NaN             NaN             NaN             NaN             NaN             NaN             NaN             NaN             NaN             NaN             NaN             NaN             NaN             NaN             NaN             NaN             NaN             NaN             NaN             NaN             NaN             NaN             NaN             NaN             NaN             NaN             NaN             NaN             NaN
  8.5000000e+002             NaN             NaN             NaN             NaN             NaN             NaN             NaN             NaN             NaN             NaN             NaN             NaN             NaN             NaN             NaN             NaN             NaN             NaN             NaN             NaN             NaN             NaN             NaN             NaN             NaN             NaN             NaN             NaN             NaN             NaN             NaN             NaN             NaN             NaN             NaN             NaN
  7.0000000e+002             NaN             NaN             NaN             NaN             NaN             NaN             NaN             NaN             NaN             NaN             NaN             NaN             NaN             NaN             NaN             NaN             NaN             NaN             NaN             NaN             NaN             NaN             NaN             NaN             NaN             NaN             NaN             NaN             NaN             NaN             NaN             NaN             NaN             NaN             NaN             NaN
  5.0000000e+002             NaN             NaN             NaN             NaN             NaN             NaN             NaN             NaN             NaN             NaN             NaN             NaN             NaN             NaN             NaN             NaN             NaN             NaN             NaN             NaN             NaN             NaN             NaN             NaN             NaN             NaN             NaN             NaN             NaN             NaN             NaN             NaN             NaN             NaN             NaN             NaN
  4.0000000e+002             NaN             NaN             NaN             NaN             NaN             NaN             NaN             NaN             NaN             NaN             NaN             NaN             NaN             NaN             NaN             NaN             NaN             NaN             NaN             NaN             NaN             NaN             NaN             NaN             NaN             NaN             NaN             NaN             NaN             NaN             NaN             NaN             NaN             NaN             NaN             NaN
  3.0000000e+002             NaN             NaN  2.2000000e-007  2.0800000e-007  1.9400000e-007  2.1900000e-007  2.2100000e-007  2.3300000e-007             NaN             NaN             NaN             NaN             NaN             NaN             NaN             NaN             NaN             NaN             NaN             NaN             NaN             NaN             NaN             NaN             NaN             NaN  3.4500000e-007  2.2200000e-007  1.9500000e-007  3.2550000e-007  2.2350000e-007  2.3600000e-007  2.5500000e-007  2.7200000e-007  3.2000000e-007             NaN
  2.5000000e+002  2.6700000e-007  2.3400000e-007  2.1700000e-007  1.9900000e-007  2.0050000e-007  1.9450000e-007  1.9800000e-007  1.9200000e-007  1.6300000e-007  2.2700000e-007  1.7400000e-007             NaN             NaN             NaN             NaN             NaN             NaN             NaN             NaN             NaN             NaN             NaN             NaN             NaN             NaN             NaN  2.6400000e-007  2.7650000e-007  2.5000000e-007  2.7500000e-007  2.4100000e-007  2.3100000e-007  2.4600000e-007  2.5300000e-007  2.8700000e-007             NaN
  2.0000000e+002  2.1700000e-007  2.1600000e-007  1.9300000e-007  1.8550000e-007  1.8500000e-007  2.0950000e-007  2.0500000e-007  2.1750000e-007  1.9600000e-007  1.4300000e-007  1.6500000e-007             NaN             NaN             NaN             NaN             NaN             NaN             NaN             NaN             NaN             NaN             NaN             NaN             NaN             NaN             NaN  2.3700000e-007  2.4100000e-007  2.1700000e-007  2.1500000e-007  2.1600000e-007  2.1650000e-007  2.1200000e-007  2.1400000e-007  2.6150000e-007             NaN
  1.7000000e+002  2.4650000e-007  2.3050000e-007  1.3550000e-007  1.8800000e-007  1.1600000e-007  1.1100000e-007  1.2400000e-007  1.1850000e-007  1.3350000e-007  1.3800000e-007  1.2300000e-007             NaN             NaN             NaN             NaN             NaN             NaN             NaN             NaN             NaN             NaN             NaN             NaN             NaN             NaN  3.1900000e-007  1.7400000e-007  1.2700000e-007  1.3450000e-007  1.3850000e-007  1.2050000e-007  1.8000000e-007  1.2750000e-007  1.3650000e-007  2.5300000e-007             NaN
  1.5000000e+002  1.6500000e-007  1.3700000e-007  1.2300000e-007  9.8800000e-008  9.8500000e-008  1.0770000e-007  1.0300000e-007  1.0100000e-007  1.0800000e-007  1.0600000e-007  1.2250000e-007             NaN             NaN             NaN             NaN             NaN             NaN             NaN             NaN             NaN             NaN             NaN             NaN             NaN             NaN  1.0700000e-007  1.3250000e-007  1.2150000e-007  1.0650000e-007  1.0700000e-007  1.0200000e-007  1.0200000e-007  1.0400000e-007  1.0700000e-007  1.4500000e-007             NaN
  1.3000000e+002  1.2100000e-007  1.0800000e-007  9.9200000e-008  9.5000000e-008  9.6450000e-008  1.0000000e-007  1.0000000e-007  1.0900000e-007  1.0100000e-007  1.1900000e-007  1.0700000e-007             NaN             NaN             NaN             NaN             NaN             NaN             NaN             NaN             NaN             NaN             NaN             NaN             NaN             NaN             NaN  1.2200000e-007  1.1000000e-007  1.1300000e-007  1.0400000e-007  1.0100000e-007  1.0000000e-007  9.8800000e-008  1.0500000e-007  1.2500000e-007             NaN
  1.1500000e+002  1.2100000e-007  1.1200000e-007  9.7800000e-008  9.6300000e-008  9.6100000e-008  9.7150000e-008  9.8600000e-008  4.3100000e-008  4.5400000e-008  4.4350000e-008  4.5550000e-008             NaN             NaN             NaN             NaN             NaN             NaN             NaN             NaN             NaN             NaN             NaN             NaN             NaN             NaN  5.4750000e-008  5.0800000e-008  5.0500000e-008  5.0200000e-008  9.6700000e-008  1.0200000e-007  1.0200000e-007  1.0100000e-007  1.0500000e-007  1.2600000e-007             NaN
  1.0000000e+002  5.1950000e-008  4.3700000e-008  4.1700000e-008  4.0750000e-008  4.0500000e-008  4.3100000e-008  4.1200000e-008  4.0900000e-008  4.5900000e-008  5.0850000e-008  5.0500000e-008             NaN             NaN             NaN             NaN             NaN             NaN             NaN             NaN             NaN             NaN             NaN             NaN             NaN             NaN             NaN  4.8900000e-008  4.6600000e-008  4.4650000e-008  4.2250000e-008  4.1650000e-008  4.2200000e-008  4.2050000e-008  4.4000000e-008  5.6050000e-008             NaN
  9.0000000e+001  5.0900000e-008  4.4400000e-008  4.4000000e-008  4.2750000e-008  4.2100000e-008  4.3000000e-008  4.4700000e-008  4.6200000e-008  4.4600000e-008  4.8500000e-008  4.3250000e-008             NaN             NaN             NaN             NaN             NaN             NaN             NaN             NaN             NaN             NaN             NaN             NaN             NaN             NaN             NaN  4.8200000e-008  4.7100000e-008  4.5700000e-008  4.5300000e-008  4.4050000e-008  4.4000000e-008  4.2600000e-008  4.6100000e-008  5.4050000e-008             NaN
  8.0000000e+001  5.4200000e-008  4.9200000e-008  4.2100000e-008  4.0500000e-008  4.0000000e-008  4.0850000e-008  4.1400000e-008  4.4450000e-008  4.5600000e-008  4.3800000e-008  4.4450000e-008             NaN             NaN             NaN             NaN             NaN             NaN             NaN             NaN             NaN             NaN             NaN             NaN             NaN             NaN             NaN  4.6500000e-008  4.3600000e-008  4.2000000e-008  4.1400000e-008  4.2800000e-008  4.0700000e-008  4.4700000e-008  4.5900000e-008  5.6300000e-008             NaN
  7.0000000e+001  5.0650000e-008  4.5900000e-008  4.2300000e-008  4.1600000e-008  4.2350000e-008  4.3950000e-008  4.4250000e-008  4.5950000e-008  4.8100000e-008  4.9400000e-008  5.1000000e-008             NaN             NaN             NaN             NaN             NaN             NaN             NaN             NaN             NaN             NaN             NaN             NaN             NaN             NaN             NaN  5.0500000e-008  4.8500000e-008  4.6300000e-008  4.5600000e-008  4.3600000e-008  4.5100000e-008  4.2100000e-008  4.5550000e-008  5.4100000e-008             NaN
  5.0000000e+001  5.7050000e-008  5.0900000e-008  4.6300000e-008  4.5600000e-008  4.5100000e-008  4.5900000e-008  4.8400000e-008  4.7650000e-008  5.0400000e-008  5.0100000e-008  5.1900000e-008  5.2950000e-008             NaN             NaN             NaN             NaN             NaN             NaN             NaN             NaN             NaN             NaN             NaN             NaN             NaN  5.9050000e-008  5.4600000e-008  4.9500000e-008  4.8200000e-008  4.7900000e-008  4.6700000e-008  4.6000000e-008  4.6050000e-008  4.9800000e-008  5.8200000e-008             NaN
  3.0000000e+001  6.2700000e-008  5.5250000e-008  5.4700000e-008  5.1600000e-008  5.2450000e-008  5.1500000e-008  5.2600000e-008  5.3800000e-008  5.5850000e-008  5.8800000e-008  5.9600000e-008  6.5050000e-008             NaN             NaN             NaN             NaN             NaN             NaN             NaN             NaN             NaN             NaN             NaN             NaN             NaN  6.5200000e-008  6.0950000e-008  5.6700000e-008  5.6200000e-008  5.3600000e-008  5.2400000e-008  5.1750000e-008  5.0600000e-008  5.5200000e-008  6.3000000e-008             NaN
  2.0000000e+001  7.2000000e-008  6.5900000e-008  5.8100000e-008  5.7500000e-008  5.8550000e-008  6.5100000e-008  6.1900000e-008  6.4800000e-008  6.5600000e-008  6.3600000e-008  7.0500000e-008             NaN             NaN             NaN             NaN             NaN             NaN             NaN             NaN             NaN             NaN             NaN             NaN             NaN             NaN  7.9550000e-008  6.9050000e-008  6.9300000e-008  6.6200000e-008  6.4700000e-008  6.2500000e-008  6.1900000e-008  6.2150000e-008  6.6900000e-008  7.1750000e-008             NaN
  1.5000000e+001  8.6800000e-008  8.1500000e-008  7.9100000e-008  7.7400000e-008  7.5550000e-008  7.4500000e-008  7.8400000e-008  8.0350000e-008  7.8000000e-008  8.1900000e-008  8.4400000e-008             NaN             NaN             NaN             NaN             NaN             NaN             NaN             NaN             NaN             NaN             NaN             NaN             NaN             NaN             NaN  8.5000000e-008  8.6300000e-008  8.0500000e-008  7.6100000e-008  7.9200000e-008  7.3300000e-008  7.3150000e-008  7.8600000e-008  8.4600000e-008             NaN
  1.0000000e+001  1.0600000e-007  9.2800000e-008  8.5150000e-008  8.3850000e-008  8.3600000e-008  8.7400000e-008  8.3900000e-008  8.4600000e-008  8.6700000e-008  8.9300000e-008  8.8500000e-008             NaN             NaN             NaN             NaN             NaN             NaN             NaN             NaN             NaN             NaN             NaN             NaN             NaN             NaN  9.6500000e-008  9.3000000e-008  8.9300000e-008  9.1050000e-008  8.9100000e-008  8.6900000e-008  8.3800000e-008  8.6500000e-008  9.1450000e-008  9.6600000e-008             NaN
  7.0000000e+000  1.1950000e-007  1.0700000e-007  1.0300000e-007  9.8750000e-008  9.7600000e-008  9.6950000e-008  1.0100000e-007  1.0100000e-007  1.0200000e-007  9.8300000e-008  9.7100000e-008             NaN             NaN             NaN             NaN             NaN             NaN             NaN             NaN             NaN             NaN             NaN             NaN             NaN             NaN  1.0550000e-007  1.0600000e-007  1.0350000e-007  1.0300000e-007  9.8800000e-008  1.0300000e-007  9.4800000e-008  9.0700000e-008  9.8400000e-008  1.0300000e-007             NaN
  5.0000000e+000  1.3100000e-007  1.1500000e-007  1.0800000e-007  1.0550000e-007  1.0400000e-007  1.0700000e-007  1.0300000e-007  1.0300000e-007  1.0500000e-007  1.0700000e-007  1.0400000e-007  1.0500000e-007             NaN             NaN             NaN             NaN             NaN             NaN             NaN             NaN             NaN             NaN             NaN             NaN             NaN  1.0800000e-007  1.0800000e-007  1.0800000e-007  1.0700000e-007  1.0500000e-007  9.9300000e-008  9.7700000e-008  1.0300000e-007  1.0500000e-007  1.1200000e-007             NaN
  3.0000000e+000  1.4300000e-007  1.3000000e-007  1.2400000e-007  1.1800000e-007  1.1800000e-007  1.1700000e-007  1.1900000e-007  1.2000000e-007  1.1900000e-007  1.1950000e-007  1.1650000e-007             NaN             NaN             NaN             NaN             NaN             NaN             NaN             NaN             NaN             NaN             NaN             NaN             NaN             NaN  1.2500000e-007  1.1850000e-007  1.1800000e-007  1.1500000e-007  1.1000000e-007  1.1100000e-007  1.0700000e-007  1.0500000e-007  1.0700000e-007  1.1500000e-007             NaN
  2.0000000e+000  1.4500000e-007  1.2950000e-007  1.2000000e-007  1.2100000e-007  1.2200000e-007  1.2300000e-007  1.2200000e-007  1.2200000e-007  1.2500000e-007  1.2100000e-007  1.2100000e-007             NaN             NaN             NaN             NaN             NaN             NaN             NaN             NaN             NaN             NaN             NaN             NaN             NaN             NaN  1.1900000e-007  1.2100000e-007  1.1600000e-007  1.1200000e-007  1.1000000e-007  1.0800000e-007  1.0600000e-007  1.0100000e-007  1.0700000e-007  1.1500000e-007             NaN
  1.5000000e+000  1.4500000e-007  1.3300000e-007  1.2500000e-007  1.2200000e-007  1.2000000e-007  1.1700000e-007  1.2300000e-007  1.2250000e-007  1.2400000e-007  1.2000000e-007  1.2000000e-007             NaN             NaN             NaN             NaN             NaN             NaN             NaN             NaN             NaN             NaN             NaN             NaN             NaN             NaN             NaN  1.2000000e-007  1.1800000e-007  1.1300000e-007  1.1150000e-007  1.0850000e-007  1.0500000e-007  1.0400000e-007  1.0400000e-007  1.1600000e-007             NaN
  1.0000000e+000  1.4850000e-007  1.3600000e-007  1.2600000e-007  1.2700000e-007  1.3000000e-007  1.2900000e-007  1.2900000e-007  1.2900000e-007  1.3200000e-007  1.3000000e-007  1.3000000e-007             NaN             NaN             NaN             NaN             NaN             NaN             NaN             NaN             NaN             NaN             NaN             NaN             NaN             NaN  1.3250000e-007  1.2900000e-007  1.2500000e-007  1.1800000e-007  1.1500000e-007  1.1200000e-007  1.0800000e-007  1.0800000e-007  1.0700000e-007  1.1800000e-007             NaN
  7.0000000e-001  1.4800000e-007  1.3900000e-007  1.3300000e-007  1.2800000e-007  1.2200000e-007  1.2100000e-007  1.2100000e-007  1.2000000e-007  1.2000000e-007  1.2000000e-007  1.2200000e-007             NaN             NaN             NaN             NaN             NaN             NaN             NaN             NaN             NaN             NaN             NaN             NaN             NaN             NaN             NaN  1.2400000e-007  1.1950000e-007  1.1700000e-007  1.1400000e-007  1.1000000e-007  1.0800000e-007  1.0400000e-007  1.0500000e-007  1.1900000e-007             NaN
  5.0000000e-001  1.5100000e-007  1.4000000e-007  1.3250000e-007  1.3000000e-007  1.2850000e-007  1.3200000e-007  1.3100000e-007  1.3050000e-007  1.3250000e-007  1.3200000e-007  1.3500000e-007  1.3500000e-007             NaN             NaN             NaN             NaN             NaN             NaN             NaN             NaN             NaN             NaN             NaN             NaN             NaN  1.4000000e-007  1.2950000e-007  1.2500000e-007  1.2000000e-007  1.1550000e-007  1.1400000e-007  1.1100000e-007  1.0900000e-007  1.0550000e-007  1.2200000e-007             NaN
  3.0000000e-001  1.6000000e-007  1.5100000e-007  1.4350000e-007  1.4150000e-007  1.4500000e-007  1.4350000e-007  1.4500000e-007  1.4500000e-007  1.5300000e-007  1.5600000e-007  1.6250000e-007             NaN             NaN             NaN             NaN             NaN             NaN             NaN             NaN             NaN             NaN             NaN             NaN             NaN             NaN  1.5500000e-007  1.4250000e-007  1.4300000e-007  1.2900000e-007  1.2400000e-007  1.2100000e-007  1.1000000e-007  1.0800000e-007  1.1000000e-007  1.2800000e-007             NaN
  2.0000000e-001  1.7800000e-007  1.7100000e-007  1.6250000e-007  1.6100000e-007  1.6100000e-007  1.9300000e-007  1.7100000e-007  1.9550000e-007  1.9700000e-007  1.8800000e-007  1.7900000e-007             NaN             NaN             NaN             NaN             NaN             NaN             NaN             NaN             NaN             NaN             NaN             NaN             NaN             NaN             NaN  1.5950000e-007  1.5000000e-007  1.4450000e-007  1.3250000e-007  1.2300000e-007  1.1800000e-007  1.1150000e-007  1.1200000e-007  1.3300000e-007             NaN
  1.5000000e-001  2.0300000e-007  1.9700000e-007  1.9800000e-007  1.9600000e-007  1.9700000e-007  2.0200000e-007  2.0200000e-007  2.0400000e-007  2.0900000e-007  2.1500000e-007  2.2300000e-007             NaN             NaN             NaN             NaN             NaN             NaN             NaN             NaN             NaN             NaN             NaN             NaN             NaN             NaN  1.9350000e-007  1.7550000e-007  1.6000000e-007  1.3550000e-007  1.3000000e-007  1.3100000e-007  1.1400000e-007  1.0850000e-007  1.0950000e-007  1.1850000e-007             NaN
  1.0000000e-001  1.9100000e-007  1.9100000e-007  1.8950000e-007  1.9300000e-007  1.9300000e-007  1.9900000e-007  1.9900000e-007  2.0200000e-007  2.0550000e-007  2.0900000e-007  2.1300000e-007             NaN             NaN             NaN             NaN             NaN             NaN             NaN             NaN             NaN             NaN             NaN             NaN             NaN             NaN  1.6400000e-007  1.2350000e-007  1.3900000e-007  1.2650000e-007  1.2600000e-007  1.1000000e-007  1.1300000e-007  9.7650000e-008  9.1000000e-008  1.0800000e-007             NaN
