             NaN -8.7500000e+001 -8.2500000e+001 -7.7500000e+001 -7.2500000e+001 -6.7500000e+001 -6.2500000e+001 -5.7500000e+001 -5.2500000e+001 -4.7500000e+001 -4.2500000e+001 -3.7500000e+001 -3.2500000e+001 -2.7500000e+001 -2.2500000e+001 -1.7500000e+001 -1.2500000e+001 -7.5000000e+000 -2.5000000e+000  2.5000000e+000  7.5000000e+000  1.2500000e+001  1.7500000e+001  2.2500000e+001  2.7500000e+001  3.2500000e+001  3.7500000e+001  4.2500000e+001  4.7500000e+001  5.2500000e+001  5.7500000e+001  6.2500000e+001  6.7500000e+001  7.2500000e+001  7.7500000e+001  8.2500000e+001  8.7500000e+001
  1.0000000e+003             NaN             NaN             NaN             NaN             NaN             NaN             NaN             NaN             NaN             NaN             NaN             NaN             NaN             NaN             NaN             NaN             NaN             NaN             NaN             NaN             NaN             NaN             NaN             NaN             NaN             NaN             NaN             NaN             NaN             NaN             NaN             NaN             NaN             NaN             NaN             NaN
  8.5000000e+002             NaN             NaN             NaN             NaN             NaN             NaN             NaN             NaN             NaN             NaN             NaN             NaN             NaN             NaN             NaN             NaN             NaN             NaN             NaN             NaN             NaN             NaN             NaN             NaN             NaN             NaN             NaN             NaN             NaN             NaN             NaN             NaN             NaN             NaN             NaN             NaN
  7.0000000e+002             NaN             NaN             NaN             NaN             NaN             NaN             NaN             NaN             NaN             NaN             NaN             NaN             NaN             NaN             NaN             NaN             NaN             NaN             NaN             NaN             NaN             NaN             NaN             NaN             NaN             NaN             NaN             NaN             NaN             NaN             NaN             NaN             NaN             NaN             NaN             NaN
  5.0000000e+002             NaN             NaN             NaN             NaN             NaN             NaN             NaN             NaN             NaN             NaN             NaN  6.3476763e-008  6.3804460e-008  6.5077876e-008  6.4332837e-008  7.1969543e-008  7.4003664e-008             NaN  8.8517106e-008  8.8053571e-008  9.9533973e-008  1.0066291e-007  1.1206606e-007  1.2054743e-007  1.1532489e-007             NaN             NaN             NaN             NaN             NaN             NaN             NaN             NaN             NaN             NaN             NaN
  4.0000000e+002             NaN             NaN             NaN             NaN             NaN             NaN             NaN             NaN             NaN             NaN  5.7172073e-008  6.8943102e-008  7.0659708e-008  6.5844629e-008  6.4315994e-008  7.8362931e-008  8.3186071e-008  9.0416404e-008  9.2661950e-008  9.2415573e-008  1.0639156e-007  1.1297366e-007  1.1607536e-007  1.0859338e-007  1.2183614e-007             NaN             NaN             NaN             NaN             NaN             NaN             NaN             NaN             NaN             NaN             NaN
  3.0000000e+002             NaN             NaN             NaN             NaN             NaN             NaN             NaN             NaN             NaN             NaN  5.7691595e-008             NaN             NaN  6.2422548e-008  6.6799779e-008  7.7051103e-008  9.1087595e-008  9.4384292e-008  8.8954082e-008  9.9439046e-008  1.0828348e-007  1.0310461e-007  1.0787117e-007  1.1204732e-007  1.0927969e-007  1.2379669e-007  1.1883561e-007             NaN             NaN             NaN             NaN             NaN             NaN             NaN             NaN             NaN
  2.5000000e+002             NaN  3.1298669e-008  2.9553552e-008  2.9618477e-008  3.0479342e-008  3.0375456e-008  3.2084837e-008  3.5435263e-008  5.0230315e-008             NaN  4.9049338e-008  5.5444468e-008  6.1916624e-008  6.0794984e-008  6.5012996e-008  6.5335226e-008  7.9362483e-008  7.9597627e-008  9.1738322e-008  9.2596466e-008  9.4994095e-008  1.0017658e-007  1.0096402e-007  9.7258951e-008  1.0298238e-007  1.0750058e-007             NaN  7.0380046e-008             NaN             NaN  4.3957008e-008             NaN             NaN             NaN             NaN             NaN
  2.0000000e+002             NaN  2.7286854e-008  2.7555725e-008  2.7702169e-008  2.6957089e-008  2.5491088e-008  2.5841195e-008  2.7476471e-008  3.0263961e-008  3.4804351e-008             NaN  5.0360680e-008  5.6903339e-008  5.9883940e-008  6.9446131e-008  7.3981767e-008  7.4132305e-008  8.3293945e-008  1.0496538e-007  9.6083542e-008  9.3854085e-008  9.1357072e-008  8.3714566e-008  8.8956669e-008  8.0644616e-008  6.4561174e-008  5.1092554e-008  4.3194139e-008  4.0543092e-008             NaN             NaN             NaN             NaN             NaN             NaN             NaN
  1.7000000e+002             NaN  2.3329112e-008  2.3995610e-008  2.4497721e-008  2.3068932e-008  2.3530439e-008  2.4357526e-008  2.3583428e-008  3.1385675e-008  2.6044680e-008             NaN             NaN  5.1407522e-008  6.2843242e-008  6.5999744e-008  7.1691508e-008  7.3101565e-008  7.7898484e-008  8.3818756e-008  9.1490448e-008  8.8901134e-008  9.4081106e-008  7.9262538e-008  6.7623195e-008  5.3004451e-008  5.1900342e-008  3.0040956e-008  3.0063834e-008  3.5602759e-008  3.5685622e-008             NaN             NaN             NaN             NaN             NaN             NaN
  1.5000000e+002  2.0872349e-008  2.0986087e-008  1.9829098e-008  2.0111763e-008  2.0313519e-008  2.1480198e-008  2.1283410e-008  2.3348444e-008  2.4306722e-008  3.1402357e-008             NaN             NaN  6.0207447e-008  6.7314252e-008  6.8285056e-008  7.2001287e-008  6.8672151e-008  8.4576356e-008             NaN  1.0103560e-007  8.5337178e-008  8.3256200e-008  7.0940086e-008  5.8972925e-008  4.6326053e-008  4.4710873e-008  3.4909530e-008  3.2951896e-008             NaN             NaN             NaN             NaN             NaN             NaN             NaN             NaN
  1.3000000e+002  1.6970579e-008  1.6714418e-008  1.7476529e-008  1.7894877e-008  1.8646539e-008  2.0128025e-008  1.9845940e-008  2.5088066e-008  2.8910132e-008             NaN             NaN             NaN             NaN  5.5859340e-008  5.8169258e-008  6.5809084e-008  8.1208219e-008  7.0976316e-008  6.9314798e-008  6.6974676e-008  6.5740894e-008  6.5982861e-008  6.0549715e-008  4.9710902e-008  4.2286566e-008  3.7894438e-008  3.4303600e-008             NaN  3.2075228e-008             NaN             NaN             NaN             NaN             NaN             NaN             NaN
  1.1500000e+002             NaN  1.4417737e-008  1.6203190e-008  1.4165779e-008  1.6037132e-008  1.8582665e-008  1.9605815e-008  1.6220550e-008             NaN             NaN             NaN             NaN  4.5044920e-008  4.7792727e-008             NaN  5.8036792e-008  5.9222105e-008  5.6206666e-008  6.9786956e-008  5.9437755e-008  6.3295785e-008  5.8972670e-008  5.1194310e-008  4.7271533e-008  3.3572445e-008  3.2248236e-008  3.2269516e-008             NaN             NaN             NaN  2.2157468e-008             NaN             NaN             NaN             NaN             NaN
  1.0000000e+002             NaN  1.4903359e-008  1.4804654e-008  1.5394975e-008  1.5388449e-008  1.6120885e-008  1.6632793e-008             NaN             NaN  2.2143705e-008             NaN             NaN  4.4543420e-008  3.8126518e-008  5.0622395e-008  4.6681615e-008  5.8146316e-008  5.5185498e-008  5.5510499e-008  5.7968097e-008  5.7964084e-008  5.0248580e-008  4.7975693e-008  3.6218079e-008  2.8598012e-008  2.9524064e-008  2.8721557e-008             NaN             NaN             NaN             NaN             NaN             NaN             NaN             NaN             NaN
  9.0000000e+001  1.4338616e-008  1.4548187e-008  1.4899388e-008  1.4720476e-008  1.4807492e-008  1.4915945e-008  1.5220109e-008  1.9524539e-008             NaN             NaN             NaN             NaN             NaN  3.3958991e-008  4.2908700e-008  5.4216427e-008  4.7842849e-008  4.6591847e-008  4.9987374e-008  4.9375775e-008  4.5858785e-008  4.4347186e-008  4.6822669e-008  3.0348415e-008  3.0084387e-008  2.2780749e-008  2.8593548e-008  2.9217450e-008  2.4955807e-008             NaN             NaN             NaN             NaN             NaN             NaN             NaN
  8.0000000e+001             NaN  1.4947169e-008  1.4994005e-008  1.4445917e-008  1.4438428e-008  1.4742670e-008  1.4594686e-008             NaN             NaN             NaN  1.7624996e-008             NaN  2.4243067e-008             NaN  3.4192697e-008  4.1118198e-008  4.2772388e-008  4.6015854e-008  4.3158831e-008  4.3890895e-008  4.0191455e-008  3.8945897e-008  3.5503913e-008  2.7912741e-008  2.9534108e-008  2.3850486e-008  2.1351963e-008  2.0898664e-008             NaN             NaN             NaN             NaN             NaN             NaN             NaN             NaN
  7.0000000e+001  1.5882819e-008  1.5450035e-008  1.5099917e-008  1.4939439e-008  1.4667788e-008  1.4468198e-008  1.4107978e-008  1.3590206e-008  1.4668455e-008  1.7365848e-008  1.6153328e-008  1.8011614e-008  2.0908249e-008  2.3662598e-008  2.2145029e-008  2.7546334e-008  2.9065198e-008  2.8572659e-008  3.0919315e-008  2.9852857e-008  3.1249232e-008  2.7423735e-008  2.4257775e-008  2.1800906e-008  1.9856211e-008  2.1002936e-008  1.8301512e-008  1.8124819e-008  1.8909009e-008  1.8245619e-008  1.4599354e-008             NaN             NaN             NaN             NaN             NaN
  5.0000000e+001  1.8823008e-008  1.8116721e-008  1.7733813e-008  1.7075383e-008  1.6428033e-008  1.5702127e-008  1.4682228e-008  1.4812285e-008  1.4455005e-008  1.4662254e-008  1.4010573e-008  1.4437928e-008  1.4740027e-008  1.3782655e-008  1.4433998e-008  1.4176708e-008  1.6000980e-008  1.5895834e-008  1.6114899e-008  1.6703348e-008  1.6119686e-008  1.5767239e-008  1.5085234e-008  1.4924394e-008  1.3956329e-008  1.4989159e-008  1.3759819e-008  1.4251328e-008  1.3939223e-008  1.5060187e-008  1.4915038e-008             NaN             NaN             NaN             NaN             NaN
  3.0000000e+001  1.9555907e-008  1.8869165e-008  1.8886917e-008  1.8385863e-008  1.7056715e-008  1.6261513e-008  1.6073413e-008  1.5499567e-008  1.5668453e-008  1.5410693e-008  1.5350613e-008  1.4400473e-008  1.4362082e-008  1.3360114e-008  1.2734777e-008  1.2740432e-008  1.2675656e-008  1.2403964e-008  1.2616365e-008  1.2961174e-008  1.2935026e-008  1.3411374e-008  1.3701853e-008  1.3859376e-008  1.4305516e-008  1.4248106e-008  1.4393840e-008  1.4093752e-008  1.4328291e-008  1.6227098e-008             NaN             NaN             NaN             NaN             NaN             NaN
  2.0000000e+001  1.8591969e-008  1.8414327e-008  1.8053944e-008  1.7412131e-008  1.6909771e-008  1.6243532e-008             NaN             NaN  1.4741630e-008  1.5041076e-008  1.4597208e-008  1.4890828e-008  1.4839558e-008  1.5908589e-008  1.5608047e-008  1.5687181e-008  1.4491511e-008  1.5199588e-008  1.5831798e-008  1.5155870e-008  1.4849623e-008  1.5464830e-008  1.5774411e-008  1.6085666e-008  1.6336821e-008  1.7091849e-008  1.5060001e-008  1.7064107e-008  1.6390272e-008             NaN             NaN             NaN             NaN             NaN             NaN             NaN
  1.5000000e+001  1.7907708e-008  1.7495169e-008  1.7402841e-008  1.5723946e-008  1.5998160e-008  1.6128604e-008  1.6300975e-008  1.5509276e-008  1.6065306e-008  1.6204124e-008  1.6658167e-008  1.7461039e-008  1.8212256e-008  1.8156252e-008  1.9153935e-008  1.9484080e-008  1.9348355e-008  1.9451260e-008  1.9833466e-008  1.9847633e-008  2.0174156e-008  1.9347068e-008  1.9033874e-008  1.8094161e-008  1.8312412e-008  1.7850617e-008  1.8128629e-008  2.0296200e-008  1.8631544e-008  1.9767904e-008             NaN             NaN             NaN             NaN             NaN             NaN
  1.0000000e+001  1.6059405e-008  1.5614366e-008  1.4805343e-008  1.3696915e-008  1.4942632e-008  1.5043712e-008  1.4872570e-008             NaN             NaN  1.8509250e-008  1.8694645e-008  1.9348942e-008  2.0427650e-008  2.1811535e-008  2.2770488e-008  2.4618222e-008  2.3997012e-008  2.3923114e-008  2.4264867e-008  2.3933006e-008  2.3501456e-008  2.2531923e-008  2.2528247e-008  2.0149283e-008  1.9308089e-008  1.8391265e-008  1.8893875e-008  2.0029278e-008  1.8827603e-008             NaN             NaN             NaN             NaN             NaN             NaN             NaN
  7.0000000e+000  1.3104573e-008  1.2946202e-008  1.1432565e-008  1.0821793e-008  1.1882829e-008  1.2240634e-008  1.4289698e-008             NaN  1.8080467e-008  1.8766834e-008  1.9488925e-008  1.9581682e-008  2.2367816e-008  2.6175938e-008  2.8849255e-008  2.8585184e-008  2.9377322e-008  2.8880771e-008  2.8867337e-008  2.8028112e-008  2.8156013e-008  2.7632807e-008  2.5473062e-008  2.6300068e-008  2.3196883e-008  2.2328430e-008  1.9032027e-008  1.8400653e-008             NaN             NaN             NaN             NaN             NaN             NaN             NaN             NaN
  5.0000000e+000  1.0318772e-008  1.0224787e-008  9.6703768e-009  7.9271342e-009  9.5951918e-009  9.0332955e-009  1.2923985e-008             NaN  1.9172121e-008  1.8825638e-008  2.2701911e-008  2.3648753e-008  2.5310106e-008  2.6886180e-008  3.0790818e-008  3.2683343e-008  3.2270218e-008  3.1511796e-008  3.2072637e-008  3.1798979e-008  3.0676276e-008  2.9957511e-008  3.0266718e-008  2.8417373e-008  2.7759505e-008  2.2907696e-008  2.2670270e-008  2.2939157e-008  1.9352219e-008             NaN             NaN             NaN             NaN             NaN             NaN             NaN
  3.0000000e+000  8.4646061e-009  7.2164307e-009  7.9874889e-009  7.2237194e-009  7.6798784e-009  9.1587885e-009  1.2220856e-008             NaN  1.7281274e-008             NaN  2.2027400e-008  2.5463585e-008  3.0794698e-008  3.1204862e-008  3.1478491e-008  3.3772918e-008  3.2804455e-008  3.2512448e-008  3.2504187e-008  3.4102139e-008  3.3191656e-008  3.3217999e-008  3.1752343e-008  3.1075035e-008  2.9786951e-008  2.8358550e-008  2.2257467e-008  2.1000603e-008             NaN             NaN             NaN             NaN             NaN             NaN             NaN             NaN
  2.0000000e+000  8.0506788e-009  7.6341228e-009  8.0178613e-009  1.2183160e-008  1.2241746e-008  8.9240911e-009  1.4625067e-008             NaN  1.9770406e-008             NaN             NaN  2.8597019e-008  3.0999549e-008  3.1903149e-008  3.3968256e-008  3.3264493e-008  3.4391697e-008  3.5389675e-008  3.3135801e-008  3.2981929e-008  3.3982183e-008  3.3108401e-008  3.4325615e-008  3.1767492e-008  3.1361245e-008  3.0871681e-008  2.8162751e-008  2.2372532e-008             NaN             NaN             NaN             NaN             NaN             NaN             NaN             NaN
  1.5000000e+000  8.2654752e-009  1.1990711e-008  1.2089025e-008  2.6932529e-008  2.4121245e-008  2.5934610e-008  1.6326030e-008             NaN  2.4963344e-008             NaN  3.2710478e-008  2.9299489e-008  3.5220628e-008  3.4286964e-008  3.3805067e-008  3.3386247e-008  3.3634411e-008  3.3639375e-008  3.3083747e-008  3.4043550e-008  3.4981792e-008  3.2363534e-008  3.4909636e-008  3.0883100e-008  3.3052614e-008  3.0578877e-008  2.8543142e-008  2.2339792e-008             NaN             NaN             NaN             NaN             NaN             NaN             NaN             NaN
  1.0000000e+000  1.9022342e-008  2.1873080e-008  2.6363908e-008  4.8395035e-008  5.6356033e-008  5.5862703e-008  5.1815013e-008             NaN  2.9924432e-008             NaN  3.6473793e-008  3.4698645e-008  4.1104841e-008  3.9192528e-008  3.5407100e-008  3.6504351e-008  3.6117607e-008  3.6142486e-008  3.2462146e-008  3.5768861e-008  3.5717772e-008  3.5595942e-008  3.4100916e-008  3.3785182e-008  3.4250229e-008  3.2893016e-008  2.9208078e-008  3.2836736e-008             NaN             NaN             NaN             NaN             NaN             NaN             NaN             NaN
  7.0000000e-001  3.5529093e-008  4.5631412e-008  4.6491834e-008  9.8011789e-008  1.0250842e-007  1.3285936e-007  1.1098306e-007             NaN  3.6030356e-008  3.3047871e-008             NaN             NaN  3.6800909e-008  3.8272788e-008  3.9945174e-008  3.7077827e-008  3.8166777e-008  3.6208839e-008  3.6274242e-008  3.6000485e-008  3.6011030e-008  3.8114972e-008  3.7342231e-008  3.7533272e-008  3.6820698e-008  3.8080416e-008  3.5922328e-008             NaN             NaN             NaN             NaN             NaN             NaN             NaN             NaN             NaN
  5.0000000e-001  8.2697185e-008  6.9739245e-008  8.6072646e-008  7.8863639e-008  3.8399650e-007  1.9877531e-007  3.0721840e-007  2.3534460e-007  1.0305618e-007  4.3113532e-008  4.2361306e-008  5.4387075e-008  4.4073471e-008             NaN  4.3316868e-008  4.3316554e-008  4.4233101e-008  4.1424125e-008  4.1193420e-008  4.1222644e-008  4.0665779e-008  4.0529843e-008  4.1647003e-008  4.0127851e-008  4.5165819e-008  4.2610899e-008  3.7583250e-008  4.3140337e-008             NaN             NaN             NaN             NaN             NaN             NaN             NaN             NaN
  3.0000000e-001  1.6199080e-007  1.1601469e-007  1.3700722e-007  1.8538083e-007  1.5393362e-007  2.1373287e-007  2.7837780e-007  3.6063689e-007  3.1099098e-007  3.2773250e-007  1.7788150e-007  1.1449714e-007  5.4509731e-008  5.1941888e-008  5.6560000e-008  5.4919373e-008  5.4864873e-008  5.2868633e-008  4.7107157e-008  5.3766943e-008  4.8740576e-008  4.7595974e-008  5.0558897e-008  5.0225923e-008  4.8135657e-008  7.0085325e-008  6.0067876e-008             NaN  1.3993679e-008             NaN             NaN             NaN             NaN             NaN             NaN             NaN
  2.0000000e-001             NaN             NaN             NaN             NaN             NaN  4.9528474e-007  4.3513220e-007  3.4954227e-007  5.7210611e-007  2.9839491e-007  4.9940071e-007  1.3252182e-007  7.2271837e-008  7.9435160e-008  6.1578425e-008  6.4464783e-008  5.8679531e-008  6.1337663e-008  6.1164397e-008  6.1609743e-008  5.8999501e-008  6.2537338e-008  6.2204864e-008  6.4761067e-008  7.6762951e-008  6.7310295e-008  8.9500000e-008  1.1125560e-007  1.2438741e-007  1.5679565e-007             NaN             NaN             NaN             NaN             NaN             NaN
  1.5000000e-001             NaN             NaN             NaN             NaN             NaN             NaN  6.9316725e-007  8.9736030e-007  7.4916359e-007  7.6021430e-007  5.2041087e-007  4.0571358e-007  2.2355949e-007  9.3788830e-008  8.3940765e-008  8.6059269e-008  8.4210080e-008  7.9728275e-008  8.3221917e-008  8.5932504e-008  8.1404108e-008  9.1715641e-008  1.1074764e-007  1.1761478e-007  1.1384391e-007  1.7052720e-007  1.3683313e-007  2.0417828e-007  3.9115618e-007  3.3863192e-007  3.1961866e-007             NaN             NaN             NaN             NaN             NaN
  1.0000000e-001             NaN             NaN             NaN             NaN             NaN  1.0896561e-006  1.4238566e-006  9.7149299e-007  1.1185330e-006  1.2030257e-006  8.3642082e-007  8.8858508e-007  4.4009055e-007  3.2098830e-007  1.4783616e-007  1.1219535e-007  1.2694893e-007  1.1695327e-007  1.3030948e-007  1.1433560e-007  1.3920460e-007  1.2447381e-007  2.1453291e-007  1.8073267e-007  2.3153996e-007  2.1390041e-007  3.3957900e-007  3.5218551e-007             NaN  4.6947505e-007             NaN             NaN             NaN             NaN             NaN             NaN
             NaN -8.7500000e+001 -8.2500000e+001 -7.7500000e+001 -7.2500000e+001 -6.7500000e+001 -6.2500000e+001 -5.7500000e+001 -5.2500000e+001 -4.7500000e+001 -4.2500000e+001 -3.7500000e+001 -3.2500000e+001 -2.7500000e+001 -2.2500000e+001 -1.7500000e+001 -1.2500000e+001 -7.5000000e+000 -2.5000000e+000  2.5000000e+000  7.5000000e+000  1.2500000e+001  1.7500000e+001  2.2500000e+001  2.7500000e+001  3.2500000e+001  3.7500000e+001  4.2500000e+001  4.7500000e+001  5.2500000e+001  5.7500000e+001  6.2500000e+001  6.7500000e+001  7.2500000e+001  7.7500000e+001  8.2500000e+001  8.7500000e+001
  1.0000000e+003             NaN             NaN             NaN             NaN             NaN             NaN             NaN             NaN             NaN             NaN             NaN             NaN             NaN             NaN             NaN             NaN             NaN             NaN             NaN             NaN             NaN             NaN             NaN             NaN             NaN             NaN             NaN             NaN             NaN             NaN             NaN             NaN             NaN             NaN             NaN             NaN
  8.5000000e+002             NaN             NaN             NaN             NaN             NaN             NaN             NaN             NaN             NaN             NaN             NaN             NaN             NaN             NaN             NaN             NaN             NaN             NaN             NaN             NaN             NaN             NaN             NaN             NaN             NaN             NaN             NaN             NaN             NaN             NaN             NaN             NaN             NaN             NaN             NaN             NaN
  7.0000000e+002             NaN             NaN             NaN             NaN             NaN             NaN             NaN             NaN             NaN             NaN             NaN             NaN             NaN             NaN             NaN             NaN             NaN             NaN             NaN             NaN             NaN             NaN             NaN             NaN             NaN             NaN             NaN             NaN             NaN             NaN             NaN             NaN             NaN             NaN             NaN             NaN
  5.0000000e+002             NaN             NaN             NaN             NaN             NaN             NaN             NaN             NaN             NaN             NaN             NaN  4.8648510e-009  8.0280820e-009  1.1691234e-008  1.0563202e-008  1.5897661e-008  2.1329800e-008             NaN  9.7738544e-009  1.1334300e-008  9.6312973e-009  1.6326313e-008  3.0053062e-008  2.4495744e-008  4.2748343e-009             NaN             NaN             NaN             NaN             NaN             NaN             NaN             NaN             NaN             NaN             NaN
  4.0000000e+002             NaN             NaN             NaN             NaN             NaN             NaN             NaN             NaN             NaN             NaN  3.4495900e-009  6.3795291e-009  9.4244804e-009  7.9130028e-009  1.1939649e-008  1.2864101e-008  2.1118488e-008  1.3128875e-008  1.2073183e-008  1.8277912e-008  2.0148112e-008  2.8704706e-008  2.3838182e-008  1.7785655e-008  1.7537661e-008             NaN             NaN             NaN             NaN             NaN             NaN             NaN             NaN             NaN             NaN             NaN
  3.0000000e+002             NaN             NaN             NaN             NaN             NaN             NaN             NaN             NaN             NaN             NaN  5.6404000e-009             NaN             NaN  6.5396220e-009  1.1097596e-008  1.1613478e-008  1.6111326e-008  9.2919063e-009  2.0128971e-008  1.8262059e-008  1.7967997e-008  1.8564892e-008  2.5684349e-008  1.3595963e-008  2.0456362e-008  1.5891416e-008  1.6127436e-008             NaN             NaN             NaN             NaN             NaN             NaN             NaN             NaN             NaN
  2.5000000e+002             NaN  2.9583745e-009  4.9656088e-009  4.6487085e-009  3.7894261e-009  5.1281992e-009  5.8125040e-009  8.9146174e-009  4.6610768e-009             NaN  3.1467774e-009  6.9446507e-009  8.2657562e-009  1.0580965e-008  9.0602221e-009  1.0270203e-008  1.1545217e-008  1.1457297e-008  2.1588673e-008  1.8474568e-008  1.2241123e-008  1.7453943e-008  2.1619943e-008  1.7294173e-008  9.3374248e-009  1.4281294e-008             NaN  1.7448390e-008             NaN             NaN  9.6470904e-009             NaN             NaN             NaN             NaN             NaN
  2.0000000e+002             NaN  2.3353458e-009  3.1105514e-009  4.3122718e-009  4.1751509e-009  3.5325067e-009  3.9344194e-009  3.3788015e-009  3.1782007e-009  7.2693892e-009             NaN  1.1722765e-008  7.5974631e-009  8.7938458e-009  1.0419451e-008  1.0195275e-008  1.4766773e-008  1.9125167e-008  2.6309965e-008  2.0495868e-008  1.2750386e-008  1.0206683e-008  1.0620625e-008  1.4956610e-008  1.4872214e-008  1.2820784e-008  1.5020817e-008  1.8327342e-008  1.3301892e-008             NaN             NaN             NaN             NaN             NaN             NaN             NaN
  1.7000000e+002             NaN  2.5772526e-009  2.5603856e-009  2.5972446e-009  2.6635127e-009  2.3601421e-009  2.4834759e-009  2.8186915e-009  7.8366548e-009  4.3784213e-009             NaN             NaN  6.1950347e-009  7.8407809e-009  1.5390810e-008  1.3148456e-008  1.0583215e-008  2.4454473e-008  2.3867819e-008  1.9388577e-008  1.5057598e-008  1.6787725e-008  1.0837641e-008  7.1566728e-009  7.4015116e-009  1.3587479e-008  3.2220714e-009  4.0761579e-009  7.2762299e-009  5.9748673e-009             NaN             NaN             NaN             NaN             NaN             NaN
  1.5000000e+002  1.7755932e-009  1.9415841e-009  3.7281993e-009  2.1941815e-009  1.9760515e-009  2.8066684e-009  2.8363405e-009  2.0661489e-009  2.8227978e-009  6.5528547e-009             NaN             NaN  1.3836102e-008  5.7252459e-009  7.0420455e-009  1.0332834e-008  1.7888148e-008  6.1458871e-009             NaN  2.0307999e-008  9.8995912e-009  1.3762634e-008  7.9050569e-009  6.1173812e-009  7.8229572e-009  5.3410099e-009  7.3000508e-009  5.3273090e-009             NaN             NaN             NaN             NaN             NaN             NaN             NaN             NaN
  1.3000000e+002  1.2711509e-009  2.6199459e-009  1.6991830e-009  2.2715643e-009  2.5656655e-009  2.6280952e-009  2.5322971e-009  2.3282880e-009  9.7455122e-009             NaN             NaN             NaN             NaN  1.4359079e-009  5.7491383e-009  8.3542398e-009  2.2094547e-008  5.0150337e-009  1.2173354e-008  1.2015641e-008  6.9208780e-009  1.2287610e-008  1.0819328e-008  7.6750797e-009  5.7023794e-009  3.9738138e-009  5.4182887e-009             NaN  5.8698950e-009             NaN             NaN             NaN             NaN             NaN             NaN             NaN
  1.1500000e+002             NaN  2.1245565e-009  2.1127823e-009  1.9714210e-009  2.1678024e-009  3.3342129e-009  2.5169935e-009  3.0525257e-009             NaN             NaN             NaN             NaN  5.8616273e-009  6.6819057e-009             NaN  3.6952445e-009  5.6192735e-009  1.7906403e-009  1.1797469e-008  4.1796122e-009  9.7579915e-009  7.3307744e-009  1.1710119e-008  5.5335872e-009  8.2988441e-009  5.6713122e-009  6.2357820e-009             NaN             NaN             NaN  3.4531389e-009             NaN             NaN             NaN             NaN             NaN
  1.0000000e+002             NaN  9.0108037e-010  8.5115797e-010  8.4188012e-010  7.0343179e-010  1.3326385e-009  1.2730902e-009             NaN             NaN  5.4254582e-009             NaN             NaN  8.4189748e-009  1.2548258e-008  4.9925958e-009  8.7995421e-009  1.3201046e-008  6.0993780e-009  8.3520806e-009  7.6167581e-009  9.1724438e-009  7.6591494e-009  6.6701577e-009  8.1237474e-009  6.9026705e-009  4.2897313e-009  4.7757134e-009             NaN             NaN             NaN             NaN             NaN             NaN             NaN             NaN             NaN
  9.0000000e+001  3.9125018e-010  7.9501463e-010  7.5659270e-010  5.3040198e-010  4.5134894e-010  2.6661577e-010  7.8985586e-010  3.6886754e-009             NaN             NaN             NaN             NaN             NaN  6.6472799e-009  4.8416966e-009  9.2152751e-009  4.4502086e-009  4.7710342e-009  4.8206650e-009  5.6840711e-009  9.1458038e-009  6.7060053e-009  9.4996349e-009  8.0450140e-009  1.0137636e-008  6.7299259e-009  5.8038888e-009  7.2062641e-009  7.0850589e-009             NaN             NaN             NaN             NaN             NaN             NaN             NaN
  8.0000000e+001             NaN  1.0430263e-009  7.8952057e-010  6.3674333e-010  6.0451793e-010  7.2556700e-010  3.6835577e-010             NaN             NaN             NaN  1.6651261e-009             NaN  7.7159214e-009             NaN  4.6053584e-009  3.4683671e-009  5.8620073e-009  2.0751922e-009  7.4557159e-009  4.8716235e-009  5.4445385e-009  5.2102305e-009  6.0627524e-009  9.4522419e-009  7.0667352e-009  6.2551090e-009  4.3356915e-009  5.4829865e-009             NaN             NaN             NaN             NaN             NaN             NaN             NaN             NaN
  7.0000000e+001  8.2309247e-010  1.2546245e-009  9.9855854e-010  1.0341954e-009  7.7143099e-010  4.2030860e-010  9.1831614e-010  7.4866986e-010  3.3512101e-009  3.3003761e-009  2.9401604e-009  3.7506097e-009  4.9278930e-009  5.1096571e-009  4.2286568e-009  6.3536233e-009  5.2176957e-009  5.2547928e-009  5.3713974e-009  5.4224981e-009  6.7625784e-009  4.7943913e-009  5.9111222e-009  5.2752870e-009  4.2377556e-009  5.0287817e-009  3.4321508e-009  4.7785417e-009  3.2496577e-009  4.5690473e-009  8.2803167e-010             NaN             NaN             NaN             NaN             NaN
  5.0000000e+001  1.3241064e-009  1.6957116e-009  1.5995389e-009  1.2276005e-009  1.0379076e-009  7.8730666e-010  7.1579600e-010  1.0075512e-009  5.6966896e-010  8.0518257e-010  1.0637738e-009  1.2798355e-009  9.7547552e-010  1.4950577e-009  2.3074794e-009  2.5410899e-009  3.0174048e-009  3.2751541e-009  3.3548187e-009  3.1627638e-009  2.5236673e-009  2.6806072e-009  2.0281088e-009  1.8804117e-009  1.1646046e-009  1.7325275e-009  1.2799707e-009  8.4196348e-010  9.0810903e-010  1.6479291e-009  1.7584142e-009             NaN             NaN             NaN             NaN             NaN
  3.0000000e+001  1.1490494e-009  8.8702659e-010  9.0237759e-010  7.8339174e-010  6.1128138e-010  5.0482403e-010  6.7115749e-010  6.6813997e-010  1.9361612e-009  1.1823629e-009  1.2417475e-009  9.5924519e-010  1.1920494e-009  1.3174047e-009  9.4060017e-010  1.1864786e-009  1.1055782e-009  1.1699213e-009  1.3804999e-009  8.9571483e-010  1.0345088e-009  1.0141027e-009  1.1923232e-009  1.1660918e-009  8.4294131e-010  1.1522288e-009  1.3490323e-009  1.1277862e-009  1.0126235e-009  2.4885653e-009             NaN             NaN             NaN             NaN             NaN             NaN
  2.0000000e+001  6.0429270e-010  9.6635206e-010  9.5036475e-010  8.9253191e-010  5.4819275e-010  6.5377680e-010             NaN             NaN  1.3012486e-009  1.2732827e-009  1.4613638e-009  1.3440170e-009  1.8639580e-009  1.1562434e-009  1.5240259e-009  1.4730888e-009  1.9322090e-009  1.4733819e-009  2.4415807e-009  1.4185058e-009  1.6960274e-009  1.7393995e-009  1.1960154e-009  1.8481291e-009  2.2200752e-009  1.3779160e-009  1.8835203e-009  2.0571328e-009  1.6970475e-009             NaN             NaN             NaN             NaN             NaN             NaN             NaN
  1.5000000e+001  6.9496048e-010  7.5391074e-010  1.0503617e-009  1.1306627e-009  7.4435470e-010  1.3111133e-009  7.9430255e-010  9.2492256e-010  3.2637280e-010  1.6240428e-009  8.2826690e-010  1.3721787e-009  1.1697076e-009  1.4220538e-009  1.8227280e-009  1.7749424e-009  1.6365937e-009  1.5228574e-009  1.9761773e-009  1.6491245e-009  1.1158382e-009  1.3882316e-009  1.3934479e-009  1.9558109e-009  2.4552053e-009  1.8408511e-009  2.3967666e-009  3.2816220e-009  4.8809882e-010  2.7653109e-009             NaN             NaN             NaN             NaN             NaN             NaN
  1.0000000e+001  6.6956283e-010  7.9619840e-010  1.1663226e-009  1.3047343e-009  1.2108875e-009  9.2586602e-010  5.3822402e-010             NaN             NaN  2.0081123e-009  1.4895969e-009  1.3550232e-009  1.5262089e-009  1.2402564e-009  1.5670415e-009  1.8835846e-009  1.3963040e-009  1.2850107e-009  1.9065549e-009  1.5691510e-009  1.7720841e-009  1.8446543e-009  2.5861247e-009  2.4342291e-009  2.5867181e-009  1.7243715e-009  1.4865173e-009  3.4213514e-009  2.2548637e-009             NaN             NaN             NaN             NaN             NaN             NaN             NaN
  7.0000000e+000  1.0733014e-009  1.3960798e-009  1.8445758e-009  1.1727400e-009  1.3279959e-009  1.2160908e-009  1.3326947e-009             NaN  2.8294743e-009  1.9314147e-009  1.7234696e-009  4.4400748e-010  1.2970835e-009  2.7370801e-009  1.8356761e-009  1.3652554e-009  1.9360931e-009  1.8270949e-009  1.5088689e-009  2.3895561e-009  1.8126809e-009  2.0386628e-009  3.4499755e-009  2.6413046e-009  2.3145208e-009  1.8224729e-009  2.3378844e-009  1.6055682e-009             NaN             NaN             NaN             NaN             NaN             NaN             NaN             NaN
  5.0000000e+000  1.3799922e-009  1.4149753e-009  1.8539914e-009  1.2201336e-009  1.8117839e-009  1.6304313e-009  1.1048956e-009             NaN  1.4251369e-009  2.8013504e-009  3.0709343e-009  3.0664408e-009  2.6491889e-009  2.1964167e-009  2.1140659e-009  1.7832446e-009  1.7330198e-009  2.5253531e-009  2.0290875e-009  1.6297992e-009  2.1941710e-009  2.4526582e-009  2.4112671e-009  2.3865927e-009  2.5569123e-009  1.6530604e-009  2.8478914e-009  2.0280344e-009  1.3124791e-009             NaN             NaN             NaN             NaN             NaN             NaN             NaN
  3.0000000e+000  1.4691991e-009  1.7869609e-009  1.4463322e-009  2.0521676e-009  2.5954702e-009  4.0237576e-009  3.0519919e-009             NaN  2.1565326e-009             NaN  2.1889729e-009  4.4213789e-009  2.4910721e-009  3.5593234e-009  2.3869144e-009  3.1279742e-009  3.4240813e-009  3.4573159e-009  2.8016938e-009  3.0952124e-009  2.4681708e-009  3.0990091e-009  2.1035358e-009  3.3654380e-009  2.2650919e-009  3.7773684e-009  4.3539922e-009  2.5616820e-009             NaN             NaN             NaN             NaN             NaN             NaN             NaN             NaN
  2.0000000e+000  1.8997783e-009  2.5286902e-009  3.3364934e-009  4.9594069e-009  4.2175705e-009  5.2188415e-009  4.9642133e-009             NaN  3.4925499e-009             NaN             NaN  4.3423505e-009  3.9081670e-009  3.9834722e-009  5.2034327e-009  3.9026458e-009  5.8841681e-009  3.3936932e-009  5.7302840e-009  4.5491577e-009  5.6771044e-009  4.5000135e-009  5.0580746e-009  3.9348727e-009  3.7272826e-009  5.6952804e-009  4.3443966e-009  2.1428764e-009             NaN             NaN             NaN             NaN             NaN             NaN             NaN             NaN
  1.5000000e+000  2.8857384e-009  5.7836386e-009  6.6047802e-009  1.2036274e-008  1.3098385e-008  1.0446761e-008  3.5223743e-009             NaN  5.9653922e-009             NaN  3.8347089e-009  4.5824267e-009  2.5980387e-009  5.1892040e-009  4.5842628e-009  3.6407657e-009  4.4040136e-009  3.4801617e-009  4.9010914e-009  4.4198779e-009  4.3715437e-009  4.0737625e-009  4.4742262e-009  4.0011324e-009  3.4747677e-009  2.8053502e-009  3.8810227e-009  3.3621805e-009             NaN             NaN             NaN             NaN             NaN             NaN             NaN             NaN
  1.0000000e+000  7.8643367e-009  1.2541620e-008  1.3489600e-008  2.5027053e-008  2.2887982e-008  4.0810351e-008  5.1341344e-008             NaN  9.3386263e-009             NaN  5.8574344e-009  3.3221898e-009  3.9970800e-009  4.6781855e-009  6.3631084e-009  7.9248961e-009  3.8456911e-009  3.3632699e-009  4.6567508e-009  3.4762106e-009  3.5597558e-009  4.2614067e-009  4.9229824e-009  4.8371848e-009  3.7529651e-009  3.6992943e-009  3.4969861e-009  2.8880832e-009             NaN             NaN             NaN             NaN             NaN             NaN             NaN             NaN
  7.0000000e-001  1.6493871e-008  3.1128846e-008  2.1962253e-008  1.0130747e-007  7.1857558e-008  8.0011053e-008  7.0193027e-008             NaN  1.3232679e-008  8.3546584e-009             NaN             NaN  3.9073870e-009  4.4192516e-009  7.0512564e-009  5.5698641e-009  4.9553110e-009  5.9077781e-009  4.0692182e-009  3.8315596e-009  3.6129382e-009  4.0942494e-009  5.0475034e-009  4.5201717e-009  4.9733259e-009  5.3272276e-009  6.5236782e-009             NaN             NaN             NaN             NaN             NaN             NaN             NaN             NaN             NaN
  5.0000000e-001  4.0584423e-008  3.6033676e-008  6.1322112e-008  4.5894390e-008  2.0618730e-007  1.6155473e-007  1.5376330e-007  1.0252514e-007  9.0312711e-008  8.9941985e-009  5.0150558e-009  6.6946876e-009  3.6435588e-009             NaN  6.6755174e-009  6.9379405e-009  8.3995835e-009  5.5635109e-009  4.0076702e-009  4.7140157e-009  4.7884963e-009  7.4432256e-009  5.5510861e-009  6.8044728e-009  7.3374568e-009  1.0050268e-008  8.3573507e-009  1.0060553e-008             NaN             NaN             NaN             NaN             NaN             NaN             NaN             NaN
  3.0000000e-001  6.9871685e-008  3.1380753e-008  6.0014640e-008  1.1398230e-007  5.0755027e-008  1.6935487e-007  2.1929467e-007  3.6718787e-007  3.2750054e-007  3.2584935e-007  2.5628375e-007  1.9064774e-007  1.9850141e-008  1.1502657e-008  7.8885127e-009  7.9514065e-009  8.0273402e-009  7.1273517e-009  1.0956473e-008  1.0068991e-008  8.1469208e-009  9.9530683e-009  1.0158025e-008  1.2287716e-008  1.3003001e-008  3.2233293e-008  4.6307162e-009             NaN  5.6432259e-008             NaN             NaN             NaN             NaN             NaN             NaN             NaN
  2.0000000e-001             NaN             NaN             NaN             NaN             NaN  4.3578246e-007  2.5443575e-007  3.0609780e-007  5.0929353e-007  2.6081494e-007  4.5253453e-007  1.7842397e-007  2.1895701e-008  5.2073071e-008  1.6758117e-008  1.3893055e-008  1.3259348e-008  1.1404309e-008  1.5325521e-008  1.0627362e-008  1.3869999e-008  1.9436788e-008  1.8544659e-008  2.8239069e-008  4.0553577e-008  3.0207041e-008  3.7069840e-008  7.3463182e-008  9.9320805e-008  9.7903050e-008             NaN             NaN             NaN             NaN             NaN             NaN
  1.5000000e-001             NaN             NaN             NaN             NaN             NaN             NaN  5.8475655e-007  5.8407794e-007  5.9976894e-007  6.0094916e-007  4.4837750e-007  3.7068911e-007  2.9795519e-007  3.4670254e-008  2.5046800e-008  1.6186205e-008  3.0558201e-008  1.4879886e-008  2.8161965e-008  2.3121977e-008  2.5923910e-008  2.4916184e-008  4.8686642e-008  5.9508250e-008  4.8476391e-008  1.0480639e-007  8.5603229e-008  1.7671576e-007  7.0845155e-008  1.8251503e-007  1.5323021e-007             NaN             NaN             NaN             NaN             NaN
  1.0000000e-001             NaN             NaN             NaN             NaN             NaN  8.4170588e-007  8.0211952e-007  7.6257829e-007  7.9881969e-007  8.2187580e-007  6.7586761e-007  7.9214806e-007  4.5893098e-007  2.8318781e-007  5.5802340e-008  3.8104478e-008  3.0581240e-008  3.4445264e-008  4.2874097e-008  4.7004046e-008  5.7699679e-008  3.8047026e-008  1.0633243e-007  7.5631927e-008  8.8891208e-008  1.5768542e-007  2.0490227e-007  1.8321507e-007             NaN  1.0614228e-007             NaN             NaN             NaN             NaN             NaN             NaN
             NaN -8.7500000e+001 -8.2500000e+001 -7.7500000e+001 -7.2500000e+001 -6.7500000e+001 -6.2500000e+001 -5.7500000e+001 -5.2500000e+001 -4.7500000e+001 -4.2500000e+001 -3.7500000e+001 -3.2500000e+001 -2.7500000e+001 -2.2500000e+001 -1.7500000e+001 -1.2500000e+001 -7.5000000e+000 -2.5000000e+000  2.5000000e+000  7.5000000e+000  1.2500000e+001  1.7500000e+001  2.2500000e+001  2.7500000e+001  3.2500000e+001  3.7500000e+001  4.2500000e+001  4.7500000e+001  5.2500000e+001  5.7500000e+001  6.2500000e+001  6.7500000e+001  7.2500000e+001  7.7500000e+001  8.2500000e+001  8.7500000e+001
  1.0000000e+003             NaN             NaN             NaN             NaN             NaN             NaN             NaN             NaN             NaN             NaN             NaN             NaN             NaN             NaN             NaN             NaN             NaN             NaN             NaN             NaN             NaN             NaN             NaN             NaN             NaN             NaN             NaN             NaN             NaN             NaN             NaN             NaN             NaN             NaN             NaN             NaN
  8.5000000e+002             NaN             NaN             NaN             NaN             NaN             NaN             NaN             NaN             NaN             NaN             NaN             NaN             NaN             NaN             NaN             NaN             NaN             NaN             NaN             NaN             NaN             NaN             NaN             NaN             NaN             NaN             NaN             NaN             NaN             NaN             NaN             NaN             NaN             NaN             NaN             NaN
  7.0000000e+002             NaN             NaN             NaN             NaN             NaN             NaN             NaN             NaN             NaN             NaN             NaN             NaN             NaN             NaN             NaN             NaN             NaN             NaN             NaN             NaN             NaN             NaN             NaN             NaN             NaN             NaN             NaN             NaN             NaN             NaN             NaN             NaN             NaN             NaN             NaN             NaN
  5.0000000e+002             NaN             NaN             NaN             NaN             NaN             NaN             NaN             NaN             NaN             NaN             NaN  4.1000000e-009  4.5400000e-009  6.8200000e-009  4.7550000e-009  7.3000000e-009  8.2550000e-009             NaN  1.1850000e-008  9.7800000e-009  8.6550000e-009  9.7000000e-009  1.4700000e-008  9.3150000e-009  1.1300000e-008             NaN             NaN             NaN             NaN             NaN             NaN             NaN             NaN             NaN             NaN             NaN
  4.0000000e+002             NaN             NaN             NaN             NaN             NaN             NaN             NaN             NaN             NaN             NaN  2.5500000e-009  3.1700000e-009  3.2200000e-009  3.5500000e-009  3.9100000e-009  4.5800000e-009  5.7900000e-009  9.2250000e-009  5.5000000e-009  6.0100000e-009  7.0150000e-009  7.4600000e-009  7.2250000e-009  5.4800000e-009  5.4250000e-009             NaN             NaN             NaN             NaN             NaN             NaN             NaN             NaN             NaN             NaN             NaN
  3.0000000e+002             NaN             NaN             NaN             NaN             NaN             NaN             NaN             NaN             NaN             NaN  2.0800000e-009             NaN             NaN  2.5200000e-009  3.0900000e-009  3.1500000e-009  4.3950000e-009  6.0400000e-009  4.2050000e-009  5.3800000e-009  5.9250000e-009  4.8300000e-009  4.7300000e-009  5.3650000e-009  6.0500000e-009  7.0100000e-009  7.3950000e-009             NaN             NaN             NaN             NaN             NaN             NaN             NaN             NaN             NaN
  2.5000000e+002             NaN  1.5800000e-009  2.0300000e-009  1.7550000e-009  1.7000000e-009  1.7200000e-009  1.7200000e-009  2.0100000e-009  1.8400000e-009             NaN  1.5350000e-009  2.1150000e-009  2.1800000e-009  2.2350000e-009  2.5350000e-009  2.3000000e-009  2.8700000e-009  4.1150000e-009  4.3350000e-009  4.7750000e-009  4.4900000e-009  5.2500000e-009  4.2250000e-009  3.6900000e-009  4.2150000e-009  2.9550000e-009             NaN  3.1100000e-009             NaN             NaN  2.3100000e-009             NaN             NaN             NaN             NaN             NaN
  2.0000000e+002             NaN  1.4800000e-009  1.5900000e-009  1.7500000e-009  1.6800000e-009  1.7200000e-009  1.5950000e-009  1.7200000e-009  1.6400000e-009  1.9600000e-009             NaN  1.8150000e-009  2.3800000e-009  2.0500000e-009  2.6600000e-009  2.1850000e-009  2.4000000e-009  3.5700000e-009  3.9300000e-009  4.4000000e-009  3.9750000e-009  4.2750000e-009  3.0850000e-009  3.4600000e-009  2.3300000e-009  2.4200000e-009  2.0200000e-009  2.2000000e-009  2.7100000e-009             NaN             NaN             NaN             NaN             NaN             NaN             NaN
  1.7000000e+002             NaN  1.5300000e-009  1.6900000e-009  1.6400000e-009  1.5450000e-009  1.5000000e-009  1.6100000e-009  1.5800000e-009  1.5200000e-009  2.2500000e-009             NaN             NaN  1.8000000e-009  2.2400000e-009  2.3400000e-009  2.5250000e-009  2.5800000e-009  3.6100000e-009  3.9800000e-009  3.7100000e-009  4.0100000e-009  3.4250000e-009  2.6100000e-009  2.2450000e-009  2.0600000e-009  3.5500000e-009  1.7700000e-009  1.6300000e-009  2.0300000e-009  1.8200000e-009             NaN             NaN             NaN             NaN             NaN             NaN
  1.5000000e+002  1.9200000e-009  1.5900000e-009  1.5400000e-009  1.7100000e-009  1.7600000e-009  1.6250000e-009  1.5200000e-009  1.4100000e-009  1.4750000e-009  3.0150000e-009             NaN             NaN  1.7850000e-009  2.1300000e-009  2.3000000e-009  2.2050000e-009  2.1200000e-009  2.7600000e-009             NaN  2.8300000e-009  2.2900000e-009  2.2550000e-009  1.8700000e-009  1.7850000e-009  1.5500000e-009  1.5700000e-009  1.2200000e-009  1.1900000e-009             NaN             NaN             NaN             NaN             NaN             NaN             NaN             NaN
  1.3000000e+002  2.4100000e-009  1.6600000e-009  1.4050000e-009  1.6400000e-009  1.7800000e-009  1.5900000e-009  1.7700000e-009  1.4300000e-009  1.4500000e-009             NaN             NaN             NaN             NaN  5.4000000e-010  5.7400000e-010  6.3650000e-010  1.0335000e-009  1.6890000e-009  1.3100000e-009  8.1650000e-010  6.7000000e-010  9.0100000e-010  1.5800000e-009  1.5400000e-009  1.2200000e-009  1.4500000e-009  1.1550000e-009             NaN  1.2500000e-009             NaN             NaN             NaN             NaN             NaN             NaN             NaN
  1.1500000e+002             NaN  1.4800000e-009  1.2450000e-009  1.2700000e-009  1.2600000e-009  1.2900000e-009  1.2700000e-009  1.1300000e-009             NaN             NaN             NaN             NaN  4.4800000e-010  6.3900000e-010             NaN  6.5100000e-010  7.5100000e-010  1.0755000e-009  7.3150000e-010  4.7600000e-010  5.1400000e-010  4.5200000e-010  4.2050000e-010  3.5500000e-010  2.4700000e-010  2.8400000e-010  2.8300000e-010             NaN             NaN             NaN  3.4400000e-010             NaN             NaN             NaN             NaN             NaN
  1.0000000e+002             NaN  3.3000000e-010  2.9100000e-010  2.5100000e-010  3.0900000e-010  2.1700000e-010  3.1500000e-010             NaN             NaN  2.8300000e-010             NaN             NaN  4.1300000e-010  3.2700000e-010  4.7450000e-010  6.2900000e-010  6.0400000e-010  5.3100000e-010  6.3600000e-010  5.5400000e-010  4.9500000e-010  3.3400000e-010  4.0600000e-010  3.0200000e-010  2.6800000e-010  2.5000000e-010  2.5650000e-010             NaN             NaN             NaN             NaN             NaN             NaN             NaN             NaN             NaN
  9.0000000e+001  2.4100000e-010  2.7300000e-010  2.5300000e-010  2.3600000e-010  2.2700000e-010  2.5300000e-010  2.7650000e-010  2.4800000e-010             NaN             NaN             NaN             NaN             NaN  3.5700000e-010  4.0250000e-010  4.8400000e-010  5.1750000e-010  4.3500000e-010  4.1600000e-010  4.3400000e-010  3.2600000e-010  3.3200000e-010  3.1100000e-010  2.5100000e-010  2.6200000e-010  1.8500000e-010  2.5200000e-010  2.3400000e-010  2.5050000e-010             NaN             NaN             NaN             NaN             NaN             NaN             NaN
  8.0000000e+001             NaN  2.4400000e-010  2.2900000e-010  2.2100000e-010  2.1600000e-010  2.1800000e-010  2.0700000e-010             NaN             NaN             NaN  2.0150000e-010             NaN  2.7900000e-010             NaN  2.9950000e-010  5.3300000e-010  6.0750000e-010  4.6050000e-010  3.8450000e-010  3.6700000e-010  3.2100000e-010  2.8050000e-010  2.5700000e-010  2.2200000e-010  2.3350000e-010  2.0100000e-010  2.2650000e-010  1.8800000e-010             NaN             NaN             NaN             NaN             NaN             NaN             NaN             NaN
  7.0000000e+001  2.3700000e-010  2.3700000e-010  2.3550000e-010  2.4600000e-010  2.2350000e-010  2.3600000e-010  2.2000000e-010  2.1400000e-010  2.0150000e-010  2.8100000e-010  3.2100000e-010  3.0000000e-010  3.0000000e-010  2.9400000e-010  3.4050000e-010  4.0300000e-010  3.1800000e-010  3.8700000e-010  3.7800000e-010  3.2000000e-010  3.2600000e-010  2.4500000e-010  2.2900000e-010  2.1200000e-010  2.0200000e-010  2.1200000e-010  2.0450000e-010  1.9500000e-010  2.0000000e-010  2.0200000e-010  2.0200000e-010             NaN             NaN             NaN             NaN             NaN
  5.0000000e+001  3.1850000e-010  2.9650000e-010  3.0100000e-010  2.9200000e-010  2.7200000e-010  2.7550000e-010  2.7350000e-010  2.6800000e-010  2.5450000e-010  3.1950000e-010  3.1650000e-010  3.6250000e-010  3.4050000e-010  3.9100000e-010  3.5500000e-010  3.4000000e-010  3.3300000e-010  3.4050000e-010  3.2100000e-010  3.0150000e-010  2.6800000e-010  2.4700000e-010  2.4200000e-010  2.3500000e-010  2.4100000e-010  2.2000000e-010  2.1800000e-010  2.5400000e-010  2.2800000e-010  2.3550000e-010  2.2700000e-010             NaN             NaN             NaN             NaN             NaN
  3.0000000e+001  3.4600000e-010  3.2800000e-010  3.4800000e-010  3.4800000e-010  2.9900000e-010  3.1150000e-010  3.2400000e-010  3.1200000e-010  4.2800000e-010  3.3300000e-010  4.7600000e-010  4.2500000e-010  5.3150000e-010  5.2100000e-010  5.1700000e-010  4.7600000e-010  4.1900000e-010  3.9300000e-010  3.8400000e-010  3.5000000e-010  3.2800000e-010  3.1400000e-010  2.9600000e-010  2.8600000e-010  2.9850000e-010  2.8300000e-010  2.5500000e-010  2.7800000e-010  2.7250000e-010  3.1700000e-010             NaN             NaN             NaN             NaN             NaN             NaN
  2.0000000e+001  3.1600000e-010  3.3200000e-010  3.3400000e-010  3.1000000e-010  3.1050000e-010  3.1600000e-010             NaN             NaN  7.8800000e-010  4.8400000e-010  6.0400000e-010  5.8750000e-010  5.8100000e-010  4.9100000e-010  5.5250000e-010  4.2500000e-010  3.9500000e-010  3.9350000e-010  3.8100000e-010  3.3250000e-010  3.3000000e-010  3.0800000e-010  2.9200000e-010  2.8050000e-010  2.7900000e-010  2.6300000e-010  2.3600000e-010  2.6800000e-010  2.2250000e-010             NaN             NaN             NaN             NaN             NaN             NaN             NaN
  1.5000000e+001  2.9100000e-010  3.0100000e-010  2.9500000e-010  2.9300000e-010  2.9600000e-010  2.8500000e-010  3.0550000e-010  4.7400000e-010  5.3600000e-010  5.8100000e-010  5.5150000e-010  6.5200000e-010  6.1600000e-010  5.2100000e-010  5.0400000e-010  4.6050000e-010  4.3400000e-010  4.0600000e-010  3.9600000e-010  3.6850000e-010  3.5000000e-010  3.3150000e-010  3.2500000e-010  2.9800000e-010  2.9150000e-010  2.8800000e-010  2.7800000e-010  2.8350000e-010  2.7450000e-010  2.8400000e-010             NaN             NaN             NaN             NaN             NaN             NaN
  1.0000000e+001  2.9000000e-010  3.0900000e-010  3.2000000e-010  3.3750000e-010  3.3500000e-010  3.6700000e-010  8.2400000e-010             NaN             NaN  9.9900000e-010  6.4050000e-010  5.1900000e-010  6.3600000e-010  6.7700000e-010  6.0700000e-010  6.0150000e-010  5.8700000e-010  5.0300000e-010  5.1600000e-010  4.8200000e-010  4.5750000e-010  4.2600000e-010  4.2800000e-010  3.9300000e-010  3.8850000e-010  3.6800000e-010  3.8800000e-010  3.2700000e-010  3.1700000e-010             NaN             NaN             NaN             NaN             NaN             NaN             NaN
  7.0000000e+000  4.0700000e-010  4.7700000e-010  5.0200000e-010  5.1750000e-010  4.8400000e-010  6.2200000e-010  6.4000000e-010             NaN  9.4100000e-010  1.2900000e-009  8.5600000e-010  8.3800000e-010  9.2000000e-010  9.2450000e-010  8.4050000e-010  8.0500000e-010  8.1150000e-010  7.5250000e-010  7.1500000e-010  6.9600000e-010  6.5500000e-010  6.5700000e-010  5.6250000e-010  6.3600000e-010  5.8300000e-010  5.9100000e-010  4.4100000e-010  4.8200000e-010             NaN             NaN             NaN             NaN             NaN             NaN             NaN             NaN
  5.0000000e+000  6.2400000e-010  7.7050000e-010  8.2950000e-010  1.0700000e-009  9.6150000e-010  1.1300000e-009  9.2600000e-010             NaN  1.2200000e-009  1.2050000e-009  1.4300000e-009  1.2100000e-009  1.2400000e-009  1.2100000e-009  1.0500000e-009  1.1200000e-009  1.0300000e-009  1.0600000e-009  9.1300000e-010  8.6300000e-010  8.4800000e-010  8.3000000e-010  9.0400000e-010  8.1400000e-010  8.3400000e-010  6.8500000e-010  7.9950000e-010  7.2000000e-010  7.1900000e-010             NaN             NaN             NaN             NaN             NaN             NaN             NaN
  3.0000000e+000  1.2600000e-009  1.4100000e-009  1.5650000e-009  1.7100000e-009  1.9700000e-009  2.2550000e-009  1.7400000e-009             NaN  1.8300000e-009             NaN  1.4800000e-009  1.8350000e-009  1.8650000e-009  1.7800000e-009  1.5500000e-009  1.6850000e-009  1.6000000e-009  1.4900000e-009  1.2500000e-009  1.2550000e-009  1.2200000e-009  1.2800000e-009  1.2500000e-009  1.2200000e-009  1.1800000e-009  1.2350000e-009  1.1750000e-009  1.2100000e-009             NaN             NaN             NaN             NaN             NaN             NaN             NaN             NaN
  2.0000000e+000  2.3600000e-009  2.6800000e-009  2.5100000e-009  3.7700000e-009  3.9400000e-009  4.2500000e-009  3.5750000e-009             NaN  2.1400000e-009             NaN             NaN  2.4900000e-009  2.5350000e-009  2.2400000e-009  2.3300000e-009  2.0750000e-009  2.1150000e-009  1.8950000e-009  1.5900000e-009  1.5950000e-009  1.7300000e-009  1.6200000e-009  1.6650000e-009  1.5900000e-009  1.6150000e-009  1.6100000e-009  1.5650000e-009  1.6450000e-009             NaN             NaN             NaN             NaN             NaN             NaN             NaN             NaN
  1.5000000e+000  2.9500000e-009  4.0800000e-009  4.3900000e-009  7.9300000e-009  6.2200000e-009  6.3200000e-009  5.0850000e-009             NaN  3.5700000e-009             NaN  3.3000000e-009  3.3650000e-009  3.0900000e-009  3.1000000e-009  2.9000000e-009  2.4100000e-009  2.4650000e-009  2.3350000e-009  1.9400000e-009  1.9300000e-009  1.9700000e-009  1.7300000e-009  2.0300000e-009  1.8600000e-009  2.0500000e-009  2.0800000e-009  2.1500000e-009  2.7200000e-009             NaN             NaN             NaN             NaN             NaN             NaN             NaN             NaN
  1.0000000e+000  5.6100000e-009  6.2600000e-009  8.1000000e-009  1.2450000e-008  1.1450000e-008  1.0900000e-008  1.0700000e-008             NaN  5.1150000e-009             NaN  4.2300000e-009  3.8000000e-009  4.0500000e-009  3.8700000e-009  3.3700000e-009  3.0600000e-009  3.1850000e-009  3.0600000e-009  2.5400000e-009  2.6500000e-009  2.4800000e-009  2.4800000e-009  2.5350000e-009  2.5000000e-009  2.5400000e-009  2.9500000e-009  3.1800000e-009  4.6300000e-009             NaN             NaN             NaN             NaN             NaN             NaN             NaN             NaN
  7.0000000e-001  9.5700000e-009  1.0100000e-008  1.2600000e-008  2.2000000e-008  1.7900000e-008  1.8900000e-008  1.9450000e-008             NaN  6.9900000e-009  6.6900000e-009             NaN             NaN  5.3650000e-009  4.9100000e-009  4.4950000e-009  4.0150000e-009  4.4900000e-009  3.9400000e-009  3.3700000e-009  3.3500000e-009  3.1800000e-009  3.3300000e-009  3.5950000e-009  3.8000000e-009  3.8800000e-009  3.8600000e-009  4.0450000e-009             NaN             NaN             NaN             NaN             NaN             NaN             NaN             NaN             NaN
  5.0000000e-001  1.4950000e-008  1.3700000e-008  1.6600000e-008  1.9800000e-008  3.5000000e-008  2.7700000e-008  3.2200000e-008  2.7500000e-008  1.9050000e-008  8.9700000e-009  7.9700000e-009  8.4200000e-009  7.0900000e-009             NaN  6.4300000e-009  5.7300000e-009  5.7000000e-009  5.4400000e-009  4.7700000e-009  4.5900000e-009  4.3550000e-009  4.4300000e-009  5.0050000e-009  5.0250000e-009  5.7500000e-009  5.6200000e-009  5.0600000e-009  5.5600000e-009             NaN             NaN             NaN             NaN             NaN             NaN             NaN             NaN
  3.0000000e-001  2.3250000e-008  1.9500000e-008  2.4200000e-008  2.6150000e-008  2.1650000e-008  2.6600000e-008  3.7600000e-008  3.9000000e-008  4.2650000e-008  3.8800000e-008  1.7450000e-008  1.3800000e-008  1.1650000e-008  9.1500000e-009  9.2600000e-009  8.3800000e-009  8.7550000e-009  8.1050000e-009  6.6800000e-009  6.4900000e-009  6.4250000e-009  6.4600000e-009  7.0050000e-009  7.7250000e-009  8.4600000e-009  9.4150000e-009  8.2000000e-009             NaN  1.4250000e-008             NaN             NaN             NaN             NaN             NaN             NaN             NaN
  2.0000000e-001             NaN             NaN             NaN             NaN             NaN  7.4750000e-008  5.9300000e-008  4.5650000e-008  5.5200000e-008  3.7700000e-008  5.4600000e-008  2.1400000e-008  1.6650000e-008  1.5500000e-008  1.2950000e-008  1.3950000e-008  1.2600000e-008  1.3100000e-008  1.1450000e-008  1.0100000e-008  1.0350000e-008  1.0600000e-008  1.1650000e-008  1.0900000e-008  1.3900000e-008  1.1000000e-008  1.5000000e-008  1.6400000e-008  1.7800000e-008  1.9500000e-008             NaN             NaN             NaN             NaN             NaN             NaN
  1.5000000e-001             NaN             NaN             NaN             NaN             NaN             NaN  6.0600000e-008  8.9250000e-008  7.0350000e-008  6.1800000e-008  4.8050000e-008  4.3050000e-008  2.9400000e-008  2.3950000e-008  2.1250000e-008  1.9500000e-008  1.8650000e-008  2.0100000e-008  1.7400000e-008  1.5100000e-008  1.5200000e-008  1.5450000e-008  1.6900000e-008  1.6750000e-008  1.8800000e-008  2.1800000e-008  1.7200000e-008  2.0700000e-008  3.3900000e-008  3.7300000e-008  3.6550000e-008             NaN             NaN             NaN             NaN             NaN
  1.0000000e-001             NaN             NaN             NaN             NaN             NaN  8.6600000e-008  1.1000000e-007  8.1700000e-008  8.7700000e-008  1.0500000e-007  7.8400000e-008  6.7900000e-008  4.9100000e-008  4.1900000e-008  3.1900000e-008  2.7850000e-008  3.1900000e-008  2.8850000e-008  2.6150000e-008  2.2600000e-008  2.4150000e-008  2.3200000e-008  2.7500000e-008  2.2100000e-008  2.9550000e-008  3.1600000e-008  3.2500000e-008  3.9100000e-008             NaN  3.5900000e-008             NaN             NaN             NaN             NaN             NaN             NaN
