             NaN -8.7500000e+001 -8.2500000e+001 -7.7500000e+001 -7.2500000e+001 -6.7500000e+001 -6.2500000e+001 -5.7500000e+001 -5.2500000e+001 -4.7500000e+001 -4.2500000e+001 -3.7500000e+001 -3.2500000e+001 -2.7500000e+001 -2.2500000e+001 -1.7500000e+001 -1.2500000e+001 -7.5000000e+000 -2.5000000e+000  2.5000000e+000  7.5000000e+000  1.2500000e+001  1.7500000e+001  2.2500000e+001  2.7500000e+001  3.2500000e+001  3.7500000e+001  4.2500000e+001  4.7500000e+001  5.2500000e+001  5.7500000e+001  6.2500000e+001  6.7500000e+001  7.2500000e+001  7.7500000e+001  8.2500000e+001  8.7500000e+001
  1.0000000e+003             NaN             NaN             NaN             NaN             NaN             NaN             NaN             NaN             NaN             NaN             NaN             NaN             NaN             NaN             NaN             NaN             NaN             NaN             NaN             NaN             NaN             NaN             NaN             NaN             NaN             NaN             NaN             NaN             NaN             NaN             NaN             NaN             NaN             NaN             NaN             NaN
  8.5000000e+002             NaN             NaN             NaN             NaN             NaN             NaN             NaN             NaN             NaN             NaN             NaN             NaN             NaN             NaN             NaN             NaN             NaN             NaN             NaN             NaN             NaN             NaN             NaN             NaN             NaN             NaN             NaN             NaN             NaN             NaN             NaN             NaN             NaN             NaN             NaN             NaN
  7.0000000e+002             NaN             NaN             NaN             NaN             NaN             NaN             NaN             NaN             NaN             NaN             NaN             NaN             NaN             NaN             NaN             NaN             NaN             NaN             NaN             NaN             NaN             NaN             NaN             NaN             NaN             NaN             NaN             NaN             NaN             NaN             NaN             NaN             NaN             NaN             NaN             NaN
  5.0000000e+002             NaN             NaN             NaN             NaN             NaN             NaN             NaN             NaN             NaN             NaN             NaN  5.3614347e-008  6.2264168e-008             NaN             NaN             NaN             NaN             NaN             NaN             NaN             NaN             NaN             NaN             NaN             NaN             NaN             NaN             NaN             NaN             NaN             NaN             NaN             NaN             NaN             NaN             NaN
  4.0000000e+002             NaN             NaN             NaN             NaN             NaN             NaN             NaN             NaN             NaN             NaN             NaN  3.6482412e-008  5.6338453e-008  5.7093078e-008  5.6714390e-008             NaN             NaN             NaN             NaN             NaN             NaN             NaN  4.2138260e-008             NaN             NaN             NaN             NaN             NaN             NaN             NaN             NaN             NaN             NaN             NaN             NaN             NaN
  3.0000000e+002             NaN             NaN             NaN             NaN             NaN             NaN  1.4459913e-007             NaN  7.9909683e-008  6.3884931e-008  6.5455179e-008  5.1954439e-008  5.9366040e-008  4.9229426e-008  4.3170326e-008  5.0286655e-008             NaN             NaN             NaN             NaN             NaN             NaN  4.8565911e-008  4.2787090e-008             NaN  4.3894359e-008             NaN  9.4243803e-008             NaN             NaN             NaN             NaN             NaN             NaN             NaN             NaN
  2.5000000e+002             NaN             NaN             NaN  2.2356805e-007  2.3016385e-007  2.3972502e-007  2.0389674e-007  1.7592054e-007  1.1888344e-007  1.0670715e-007  8.4077085e-008  6.1022030e-008  6.4960758e-008  6.5237566e-008  5.2226702e-008  5.7194872e-008             NaN             NaN             NaN             NaN             NaN             NaN             NaN  6.2904967e-008  5.7020177e-008  7.5667706e-008  9.4601181e-008  1.6168762e-007  1.8163789e-007  1.9863785e-007  2.2243746e-007  2.4672909e-007  2.4557849e-007  2.3393570e-007             NaN             NaN
  2.0000000e+002             NaN             NaN             NaN             NaN  2.7629749e-007  2.9195515e-007  2.7407148e-007  2.2994546e-007  1.9771049e-007  1.3770752e-007  1.3994398e-007  9.2500642e-008  7.7282860e-008  6.7834635e-008  5.5583971e-008  5.1568016e-008             NaN             NaN             NaN             NaN             NaN             NaN             NaN  6.7487352e-008  8.5600692e-008  1.2310326e-007  1.7730260e-007  2.4257102e-007  2.6556166e-007  2.9723932e-007  2.4600585e-007  3.2446532e-007  3.3255563e-007  3.6630109e-007             NaN             NaN
  1.7000000e+002             NaN             NaN             NaN             NaN             NaN  3.2291374e-007  3.1339148e-007  2.8969114e-007  2.5416937e-007  2.2159057e-007  2.1525414e-007  1.4300243e-007  1.0401715e-007  9.3722888e-008  8.1297375e-008  5.3873016e-008             NaN             NaN             NaN             NaN             NaN             NaN             NaN  7.1890556e-008  1.1448367e-007  1.9796216e-007  3.0679315e-007  3.5402744e-007  3.4051549e-007  4.2379111e-007  4.9066087e-007  4.3856215e-007  6.4976224e-007             NaN             NaN             NaN
  1.5000000e+002             NaN             NaN             NaN             NaN  3.0340452e-007  3.5699028e-007  4.0432403e-007  3.7007991e-007  3.2290976e-007  2.9045013e-007  2.6343903e-007  1.8229452e-007  1.6451622e-007  9.9006434e-008  1.2437522e-007             NaN             NaN             NaN             NaN             NaN             NaN             NaN             NaN  1.4037242e-007  1.6755432e-007  2.5169937e-007  3.5350548e-007  4.1993624e-007  4.7314812e-007  5.3706883e-007  5.2771971e-007  7.1579069e-007             NaN             NaN             NaN             NaN
  1.3000000e+002             NaN             NaN             NaN             NaN             NaN  4.1031622e-007  4.2346728e-007  4.4238041e-007  4.3406739e-007  2.9277888e-007  3.4062806e-007  2.4507560e-007  2.4401515e-007  1.9795487e-007  1.2142694e-007             NaN             NaN             NaN             NaN             NaN             NaN             NaN             NaN  1.9853062e-007  2.2598962e-007  3.9115308e-007  4.0531583e-007  5.9083051e-007  6.9929595e-007  7.0496360e-007  8.5366550e-007  8.4639595e-007             NaN             NaN             NaN             NaN
  1.1500000e+002             NaN             NaN             NaN             NaN             NaN  5.9808838e-007  5.4939182e-007  5.8370806e-007  4.8429812e-007  4.8738997e-007  3.8830263e-007  4.2961354e-007  2.7224669e-007  2.9265167e-007  1.5131133e-007             NaN             NaN             NaN             NaN             NaN             NaN             NaN  3.6469185e-007  2.4384838e-007  4.4006350e-007  5.1588196e-007  6.8453490e-007  6.4788814e-007  8.9768847e-007  9.1057232e-007  9.8181881e-007  1.2372771e-006             NaN             NaN             NaN             NaN
  1.0000000e+002             NaN             NaN             NaN  3.9965064e-007             NaN             NaN  7.4209326e-007  6.5061505e-007  7.3033205e-007  6.3045180e-007  4.7926965e-007  6.0353515e-007  3.6991184e-007  2.7481954e-007  2.2030169e-007             NaN             NaN             NaN             NaN             NaN             NaN             NaN  7.7590719e-007  6.8283209e-007  4.9674223e-007  6.9853797e-007  7.6766493e-007  8.3976502e-007  1.0098048e-006  9.8477325e-007  1.3854319e-006             NaN             NaN             NaN             NaN             NaN
  9.0000000e+001             NaN             NaN             NaN             NaN             NaN             NaN  1.0421038e-006  8.2739180e-007  8.3105868e-007  8.6397500e-007  6.3174399e-007  7.3035744e-007  5.9862336e-007  4.5384496e-007             NaN             NaN             NaN             NaN             NaN             NaN             NaN             NaN  9.8611756e-007  9.7017610e-007  9.9723198e-007  8.1186726e-007  9.3891379e-007  1.1331645e-006  1.3826268e-006  1.3636320e-006  1.4711535e-006  1.6498330e-006             NaN             NaN             NaN             NaN
  8.0000000e+001             NaN             NaN             NaN             NaN  7.4760888e-007  1.2534948e-006  1.3685030e-006  1.2700634e-006  1.0594851e-006  1.1873578e-006  1.0852799e-006  8.0244892e-007  7.7482454e-007  6.1512906e-007             NaN             NaN             NaN             NaN             NaN             NaN             NaN             NaN  1.1249912e-006  1.3723953e-006  1.3321891e-006  1.1349709e-006  1.0835648e-006  1.3683613e-006  1.5571256e-006  1.5768797e-006  2.0361175e-006             NaN             NaN             NaN             NaN             NaN
  7.0000000e+001             NaN             NaN             NaN             NaN  1.7035424e-006  1.8629417e-006  1.6861109e-006  1.7643921e-006  1.7269242e-006  1.7088344e-006  1.3274674e-006  1.3460110e-006  1.1464017e-006  8.5156204e-007  7.2709233e-007  8.9626615e-007             NaN             NaN             NaN             NaN             NaN             NaN  1.6067221e-006  1.6221617e-006  1.7879522e-006  1.7097184e-006  1.7307238e-006  1.9072886e-006  2.0295807e-006  2.0535064e-006  2.3805350e-006             NaN             NaN             NaN             NaN             NaN
  5.0000000e+001             NaN             NaN             NaN  1.6712915e-006  2.5420076e-006  2.8845460e-006  2.8500291e-006  2.8411195e-006  2.9575959e-006  2.8765284e-006  2.7790790e-006  2.6251239e-006  2.1083762e-006  2.0593542e-006  2.0180597e-006             NaN             NaN             NaN             NaN             NaN             NaN             NaN  2.3118005e-006  2.5445782e-006  2.8193912e-006  2.9081617e-006  2.9283889e-006  2.9902566e-006  3.0942847e-006  3.2803411e-006  3.4248776e-006  3.1961156e-006             NaN             NaN             NaN             NaN
  3.0000000e+001             NaN             NaN             NaN  4.1980854e-006  4.4751693e-006  4.5014790e-006  4.4042692e-006  4.4928760e-006  4.5374858e-006  4.7532955e-006  4.6789059e-006  4.7060871e-006  4.4644119e-006  4.5274374e-006  3.1136319e-006  4.3651528e-006             NaN             NaN             NaN             NaN             NaN             NaN  4.2549323e-006  5.2303973e-006  5.4443659e-006  5.2785545e-006  5.0567247e-006  4.8664469e-006  4.7243736e-006  4.7118669e-006  4.4302354e-006  4.0087244e-006             NaN             NaN             NaN             NaN
  2.0000000e+001             NaN             NaN  4.9612116e-006  5.8658251e-006  5.7116966e-006  5.2862535e-006  5.7230606e-006  5.5193567e-006  5.6837600e-006  6.0256642e-006  6.2802948e-006  6.6057468e-006  6.6593314e-006  7.1854470e-006             NaN             NaN             NaN             NaN             NaN             NaN             NaN             NaN             NaN  6.6048206e-006  6.3573592e-006  6.1864549e-006  5.8909478e-006  5.6462024e-006  5.4807570e-006  5.2258888e-006  4.7562492e-006  4.0911816e-006             NaN             NaN             NaN             NaN
  1.5000000e+001             NaN             NaN             NaN  7.1162938e-006  6.2764008e-006  6.5923841e-006  6.5005354e-006  6.9015498e-006  6.7754920e-006  7.4963061e-006  7.7808100e-006  8.2501452e-006  8.3170007e-006  8.5643951e-006  9.2850617e-006             NaN             NaN             NaN             NaN             NaN             NaN             NaN  7.5345613e-006  7.1158794e-006  6.8365407e-006  6.7738482e-006  6.3652504e-006  6.0596990e-006  5.7596010e-006  5.4440706e-006  5.0555660e-006  4.5415370e-006             NaN             NaN             NaN             NaN
  1.0000000e+001             NaN  6.6332700e-006  6.8683996e-006  7.2282395e-006  6.6516074e-006  7.1801318e-006  7.5071274e-006  7.3524239e-006  7.8092832e-006  8.1885209e-006  8.4830873e-006  8.8996494e-006  9.0156552e-006  9.1415896e-006             NaN             NaN             NaN             NaN             NaN             NaN             NaN  7.5338290e-006  7.4005391e-006  6.9906590e-006  6.6011044e-006  6.6343362e-006  6.5707997e-006  6.2232858e-006  5.8558690e-006  5.5833743e-006  5.1394003e-006  4.5065281e-006             NaN             NaN             NaN             NaN
  7.0000000e+000             NaN             NaN             NaN  7.8422688e-006  7.1916569e-006  7.2780757e-006  7.6434027e-006  7.7348231e-006  8.0655374e-006  8.0976149e-006  8.5270368e-006  8.7129053e-006  8.9124781e-006  9.2876871e-006             NaN             NaN             NaN             NaN             NaN             NaN             NaN  7.9137824e-006  7.4313309e-006  6.6725463e-006  6.7447413e-006  6.6206197e-006  6.5369375e-006  6.4468425e-006  6.2721165e-006  5.7580158e-006  5.6469390e-006  5.2881248e-006             NaN             NaN             NaN             NaN
  5.0000000e+000             NaN             NaN  7.3942389e-006  7.5043894e-006  7.4467279e-006  7.4933503e-006  7.2226225e-006  7.4635545e-006  7.6354740e-006  7.6126860e-006  7.9658402e-006  8.1767513e-006  8.2949244e-006  8.6031560e-006  8.3472724e-006             NaN             NaN             NaN             NaN             NaN             NaN             NaN  7.2988824e-006  6.9434469e-006  6.5716138e-006  6.8894876e-006  6.7590657e-006  6.7337325e-006  6.7733597e-006  6.4770559e-006  5.9312940e-006  5.9442368e-006             NaN  5.4586283e-006             NaN             NaN
  3.0000000e+000             NaN             NaN             NaN  6.4236414e-006  6.1342617e-006  5.9586411e-006  5.9247024e-006  5.7286787e-006  6.1871787e-006  6.2957538e-006  6.1299187e-006  6.6321939e-006  6.4728919e-006             NaN  7.2112815e-006             NaN             NaN             NaN             NaN             NaN  6.4115827e-006  6.2235544e-006  6.3203225e-006  6.4358186e-006  6.5270143e-006  6.7818022e-006  7.1196230e-006  6.9766990e-006  7.0850604e-006  6.7393951e-006  6.4612904e-006  6.3074980e-006  6.0304445e-006             NaN             NaN             NaN
  2.0000000e+000             NaN             NaN             NaN             NaN             NaN  4.3717781e-006  4.3237992e-006  4.6236229e-006  4.6304659e-006  4.8632462e-006  4.9401020e-006  4.9387230e-006  5.1527469e-006  5.0809260e-006  4.7102969e-006             NaN             NaN             NaN             NaN             NaN             NaN  5.7705329e-006  5.7126550e-006  5.6486436e-006  6.1255488e-006  6.3184281e-006  6.3302347e-006  6.6985470e-006  6.5829266e-006  6.6123595e-006  6.5912993e-006  5.9755058e-006             NaN             NaN             NaN             NaN
  1.5000000e+000             NaN             NaN             NaN             NaN             NaN  3.7032603e-006  3.7790554e-006  3.6794658e-006  3.8606517e-006  3.9656854e-006  4.0028692e-006  4.1114942e-006  4.0115680e-006  4.0595116e-006  4.0664240e-006             NaN  4.3075746e-006             NaN             NaN  4.2493710e-006  4.2987227e-006  4.3972384e-006  4.8847503e-006  4.7655224e-006  5.3688405e-006  5.2907855e-006  5.7515013e-006  5.8320850e-006  6.0155111e-006  5.7235621e-006  5.9699129e-006  5.6886302e-006  6.0613659e-006             NaN             NaN             NaN
  1.0000000e+000             NaN             NaN             NaN             NaN  2.9388341e-006  3.0443253e-006  3.1643139e-006  3.1686714e-006  3.1533486e-006  3.2875001e-006  3.2338125e-006  3.3186021e-006  3.3202603e-006  3.3617142e-006  3.3931874e-006  3.4201391e-006             NaN             NaN             NaN  3.6968930e-006  3.6218257e-006             NaN  3.7431519e-006  4.0581333e-006  3.8728192e-006  4.3208722e-006  4.5715824e-006  4.6208130e-006  4.7445870e-006  4.5224279e-006  4.9311913e-006  5.4007556e-006  4.9437697e-006  5.1599273e-006             NaN             NaN
  7.0000000e-001             NaN             NaN             NaN  2.4488184e-006  2.3619053e-006  2.5624088e-006  2.5733121e-006  2.5358861e-006  2.5735066e-006  2.6293506e-006  2.6743838e-006  2.7270806e-006  2.6867055e-006  2.8302113e-006  2.7245029e-006             NaN             NaN             NaN             NaN  3.2766729e-006  2.9893418e-006  2.9075173e-006  2.9803475e-006  2.9070915e-006  3.0811566e-006  3.3257220e-006  3.6277321e-006  3.4702534e-006  3.4920106e-006  3.7135388e-006  4.1258252e-006  4.5561897e-006  3.8981959e-006  4.4537267e-006             NaN             NaN
  5.0000000e-001             NaN  2.0015566e-006  1.9427352e-006  2.0016520e-006  1.9890521e-006  1.9512632e-006  1.9822367e-006  2.0474948e-006  2.0181172e-006  2.1447354e-006  2.1618647e-006  2.1396976e-006  2.2584927e-006  2.1947154e-006  2.1730151e-006             NaN             NaN             NaN             NaN             NaN  2.4654511e-006  2.5556504e-006  2.4403483e-006  2.3099713e-006  2.4072460e-006  2.3319811e-006  2.5804867e-006  2.6760303e-006  2.6035989e-006  2.6580069e-006  2.7128818e-006  2.8042127e-006  3.0964219e-006             NaN             NaN             NaN
  3.0000000e-001             NaN  1.5904293e-006  1.5425319e-006  1.4614181e-006  1.5455048e-006  1.5013510e-006  1.5867415e-006  1.6385299e-006  1.4874146e-006  1.6166777e-006  1.5929249e-006  1.6927013e-006  1.6026375e-006  1.6780536e-006  1.5794593e-006             NaN             NaN             NaN             NaN             NaN  1.9589720e-006  1.9458337e-006  1.7810026e-006  1.7724125e-006  1.8672414e-006  1.7272087e-006  1.8782094e-006  1.7588986e-006  1.9033984e-006  1.8773757e-006  1.7988769e-006  1.9215414e-006  1.8790588e-006  1.8310496e-006             NaN             NaN
  2.0000000e-001             NaN             NaN  1.1502019e-006  1.1989890e-006  1.1623952e-006  1.1615238e-006  1.2501918e-006  1.1568529e-006  1.2181327e-006  1.1898987e-006  1.2886637e-006  1.2416753e-006  1.1993836e-006  1.1958524e-006  1.2530653e-006             NaN             NaN             NaN             NaN             NaN             NaN             NaN  1.5003956e-006  1.4273165e-006  1.3460163e-006  1.2062782e-006  1.2768827e-006  1.3734231e-006  1.2482540e-006  1.3406861e-006  1.2559388e-006  1.1772384e-006  1.1417507e-006             NaN             NaN             NaN
  1.5000000e-001             NaN             NaN  8.5794367e-007  8.6710033e-007  7.9245045e-007  8.9276877e-007  8.6554498e-007  8.8937737e-007  8.5341201e-007  8.9121841e-007  8.5963462e-007  1.0142083e-006  8.7970375e-007  8.5573817e-007  8.9698611e-007             NaN             NaN             NaN             NaN             NaN             NaN  9.1749449e-007  1.0923410e-006  1.0057406e-006  8.4424096e-007  8.4160386e-007  8.9201639e-007  9.1792082e-007  9.4541401e-007  9.2436617e-007  8.9806870e-007  8.0222765e-007             NaN             NaN             NaN             NaN
  1.0000000e-001             NaN             NaN             NaN  5.5719989e-007  6.0971815e-007  6.2996876e-007  5.6590369e-007  5.8652662e-007  6.1113438e-007  6.0065275e-007  6.3577862e-007  5.8579894e-007  5.8630455e-007  6.2646061e-007  4.8746686e-007             NaN             NaN             NaN             NaN             NaN             NaN             NaN  5.4099853e-007  6.4116893e-007  5.8753910e-007  5.9184366e-007  5.5945572e-007  6.5554792e-007  6.2039656e-007  5.9492640e-007  6.4251972e-007  6.2216451e-007  6.1853600e-007             NaN             NaN             NaN
             NaN -8.7500000e+001 -8.2500000e+001 -7.7500000e+001 -7.2500000e+001 -6.7500000e+001 -6.2500000e+001 -5.7500000e+001 -5.2500000e+001 -4.7500000e+001 -4.2500000e+001 -3.7500000e+001 -3.2500000e+001 -2.7500000e+001 -2.2500000e+001 -1.7500000e+001 -1.2500000e+001 -7.5000000e+000 -2.5000000e+000  2.5000000e+000  7.5000000e+000  1.2500000e+001  1.7500000e+001  2.2500000e+001  2.7500000e+001  3.2500000e+001  3.7500000e+001  4.2500000e+001  4.7500000e+001  5.2500000e+001  5.7500000e+001  6.2500000e+001  6.7500000e+001  7.2500000e+001  7.7500000e+001  8.2500000e+001  8.7500000e+001
  1.0000000e+003             NaN             NaN             NaN             NaN             NaN             NaN             NaN             NaN             NaN             NaN             NaN             NaN             NaN             NaN             NaN             NaN             NaN             NaN             NaN             NaN             NaN             NaN             NaN             NaN             NaN             NaN             NaN             NaN             NaN             NaN             NaN             NaN             NaN             NaN             NaN             NaN
  8.5000000e+002             NaN             NaN             NaN             NaN             NaN             NaN             NaN             NaN             NaN             NaN             NaN             NaN             NaN             NaN             NaN             NaN             NaN             NaN             NaN             NaN             NaN             NaN             NaN             NaN             NaN             NaN             NaN             NaN             NaN             NaN             NaN             NaN             NaN             NaN             NaN             NaN
  7.0000000e+002             NaN             NaN             NaN             NaN             NaN             NaN             NaN             NaN             NaN             NaN             NaN             NaN             NaN             NaN             NaN             NaN             NaN             NaN             NaN             NaN             NaN             NaN             NaN             NaN             NaN             NaN             NaN             NaN             NaN             NaN             NaN             NaN             NaN             NaN             NaN             NaN
  5.0000000e+002             NaN             NaN             NaN             NaN             NaN             NaN             NaN             NaN             NaN             NaN             NaN  9.0048489e-009  1.3333079e-008             NaN             NaN             NaN             NaN             NaN             NaN             NaN             NaN             NaN             NaN             NaN             NaN             NaN             NaN             NaN             NaN             NaN             NaN             NaN             NaN             NaN             NaN             NaN
  4.0000000e+002             NaN             NaN             NaN             NaN             NaN             NaN             NaN             NaN             NaN             NaN             NaN  8.6612197e-009  1.6102416e-008  1.5696870e-008  1.2489280e-008             NaN             NaN             NaN             NaN             NaN             NaN             NaN  5.2150313e-009             NaN             NaN             NaN             NaN             NaN             NaN             NaN             NaN             NaN             NaN             NaN             NaN             NaN
  3.0000000e+002             NaN             NaN             NaN             NaN             NaN             NaN  2.4082522e-008             NaN  1.1242207e-008  1.8517755e-008  8.6587437e-009  1.0354941e-008  1.3626034e-008  8.9275892e-009  1.6773124e-008  1.3981112e-008             NaN             NaN             NaN             NaN             NaN             NaN  1.5102907e-008  1.2060543e-008             NaN  1.9364598e-008             NaN  1.3114907e-008             NaN             NaN             NaN             NaN             NaN             NaN             NaN             NaN
  2.5000000e+002             NaN             NaN             NaN  2.9021921e-008  1.6295269e-008  2.1444626e-008  3.3394047e-008  5.4461501e-008  2.9247428e-008  2.2104292e-008  1.9292163e-008  1.2702158e-008  1.0271709e-008  1.2288521e-008  1.6987346e-008  1.6425745e-008             NaN             NaN             NaN             NaN             NaN             NaN             NaN  1.4055223e-008  1.6402373e-008  2.7247457e-008  2.0866690e-008  7.1711767e-008  6.8655246e-008  5.8116491e-008  5.6801740e-008  6.7509239e-008  7.1496375e-008  8.1787528e-008             NaN             NaN
  2.0000000e+002             NaN             NaN             NaN             NaN  3.7515823e-008  2.4954483e-008  3.2041265e-008  3.6332748e-008  6.3549062e-008  3.6193004e-008  1.9912151e-008  2.2134374e-008  1.3923988e-008  1.9340664e-008  1.0089249e-008  2.0366349e-008             NaN             NaN             NaN             NaN             NaN             NaN             NaN  2.5805017e-008  4.0507200e-008  5.6468589e-008  7.9313022e-008  1.0664097e-007  9.0141892e-008  5.6438358e-008  6.6574075e-008  1.0793748e-007  6.6270842e-008  2.7878811e-008             NaN             NaN
  1.7000000e+002             NaN             NaN             NaN             NaN             NaN  1.3294432e-008  3.3822891e-008  3.8789020e-008  4.3910291e-008  6.1103131e-008  5.4923284e-008  4.3802760e-008  3.0801774e-008  3.8310499e-008  2.6530946e-008  1.5293867e-008             NaN             NaN             NaN             NaN             NaN             NaN             NaN  2.1340423e-008  4.7960597e-008  6.0604446e-008  1.0018478e-007  1.0173484e-007  1.0089948e-007  1.3939538e-007  1.6848690e-007  1.5194935e-007  6.6410668e-008             NaN             NaN             NaN
  1.5000000e+002             NaN             NaN             NaN             NaN  5.2974037e-008  6.8683969e-008  9.1994799e-008  7.8088457e-008  9.1458121e-008  5.2857524e-008  7.2093911e-008  5.5920925e-008  7.2322177e-008  1.6372512e-008  1.4821379e-008             NaN             NaN             NaN             NaN             NaN             NaN             NaN             NaN  4.8197366e-008  5.5095263e-008  9.3682764e-008  8.4643560e-008  1.1238538e-007  1.3540397e-007  1.9368384e-007  1.6047261e-007  1.2323871e-007             NaN             NaN             NaN             NaN
  1.3000000e+002             NaN             NaN             NaN             NaN             NaN  4.0833772e-008  6.1772984e-008  1.3001182e-007  1.4126943e-007  6.4797939e-008  9.6487062e-008  1.1186775e-007  1.0077081e-007  5.0955897e-008  2.9808829e-008             NaN             NaN             NaN             NaN             NaN             NaN             NaN             NaN  6.6175028e-008  7.0439297e-008  1.1157654e-007  1.1612461e-007  1.1318533e-007  1.6995652e-007  2.0093916e-007  2.1047657e-007  2.0741012e-007             NaN             NaN             NaN             NaN
  1.1500000e+002             NaN             NaN             NaN             NaN             NaN  6.6093044e-008  1.3985222e-007  1.2544709e-007  1.5239349e-007  1.6000293e-007  1.5561006e-007  8.9222633e-008  9.1023541e-008  1.5489530e-007  4.7735991e-008             NaN             NaN             NaN             NaN             NaN             NaN             NaN  7.9202972e-008  7.8036868e-008  2.3039243e-007  1.8268761e-007  1.9881440e-007  1.5535072e-007  2.8900764e-007  2.9457671e-007  1.9412953e-007  4.5215362e-008             NaN             NaN             NaN             NaN
  1.0000000e+002             NaN             NaN             NaN  1.6205061e-007             NaN             NaN  1.2899162e-007  1.3599071e-007  2.7863200e-007  2.2717842e-007  2.2143774e-007  2.3498059e-007  1.3117008e-007  1.2239833e-007  6.8541684e-008             NaN             NaN             NaN             NaN             NaN             NaN             NaN  3.1671124e-007  3.2178935e-007  1.1527332e-007  2.5873198e-007  2.9261563e-007  2.1278785e-007  3.0164040e-007  2.9375662e-007  2.8403965e-007             NaN             NaN             NaN             NaN             NaN
  9.0000000e+001             NaN             NaN             NaN             NaN             NaN             NaN  2.0797235e-007  2.2374040e-007  2.7190665e-007  2.3078384e-007  2.5929826e-007  2.6720269e-007  2.3234233e-007  1.3392045e-007             NaN             NaN             NaN             NaN             NaN             NaN             NaN             NaN  3.0344232e-007  4.7512695e-007  2.4337020e-007  1.7895825e-007  2.7045338e-007  2.5322656e-007  3.7916448e-007  1.6661954e-007  4.0476870e-007  2.4902977e-007             NaN             NaN             NaN             NaN
  8.0000000e+001             NaN             NaN             NaN             NaN  3.6606090e-007  1.8890219e-007  2.6828304e-007  2.6922820e-007  2.8064709e-007  2.7743268e-007  3.3086686e-007  3.9154171e-007  2.6209353e-007  1.2827455e-007             NaN             NaN             NaN             NaN             NaN             NaN             NaN             NaN  3.4555533e-007  2.6150564e-007  2.9551314e-007  2.2582055e-007  2.8180766e-007  3.6091244e-007  3.9976862e-007  4.2706349e-007  4.3171997e-007             NaN             NaN             NaN             NaN             NaN
  7.0000000e+001             NaN             NaN             NaN             NaN  3.4320444e-007  4.6855825e-007  2.9460978e-007  4.3950433e-007  5.2169195e-007  4.4007898e-007  4.2119123e-007  3.7239144e-007  3.8730430e-007  1.7882254e-007  3.0300742e-007  1.3261602e-007             NaN             NaN             NaN             NaN             NaN             NaN  4.9076506e-007  3.1737606e-007  4.9693328e-007  4.1109081e-007  3.8829637e-007  4.8570716e-007  2.9828283e-007  3.6968636e-007  3.8401958e-007             NaN             NaN             NaN             NaN             NaN
  5.0000000e+001             NaN             NaN             NaN  8.7326054e-007  7.4741945e-007  5.4677153e-007  4.5578160e-007  7.0970395e-007  5.1697538e-007  5.9470985e-007  6.7880249e-007  5.5716992e-007  4.4901055e-007  5.1496315e-007  6.0367539e-007             NaN             NaN             NaN             NaN             NaN             NaN             NaN  3.7826730e-007  6.0838913e-007  7.3059646e-007  7.3904772e-007  6.5626081e-007  4.9021050e-007  5.7205878e-007  5.8545044e-007  5.1266537e-007  2.5011312e-007             NaN             NaN             NaN             NaN
  3.0000000e+001             NaN             NaN             NaN  5.6050942e-007  4.0477613e-007  3.6982448e-007  3.2723942e-007  4.5966587e-007  5.2911087e-007  4.5628257e-007  5.4508785e-007  6.3504099e-007  7.0952071e-007  8.0714051e-007  2.3140625e-007  7.1416929e-007             NaN             NaN             NaN             NaN             NaN             NaN  6.3530550e-007  7.7077894e-007  6.1022202e-007  7.5105502e-007  6.3512390e-007  5.3038191e-007  4.5452392e-007  3.8325054e-007  3.1526542e-007  2.7275525e-007             NaN             NaN             NaN             NaN
  2.0000000e+001             NaN             NaN  7.9949166e-007  4.6586075e-007  7.5280639e-007  4.0318922e-007  4.6725357e-007  5.0909805e-007  6.0283941e-007  5.8619927e-007  5.7514237e-007  6.0316715e-007  4.9766650e-007  6.3123625e-007             NaN             NaN             NaN             NaN             NaN             NaN             NaN             NaN             NaN  5.0496313e-007  5.4790475e-007  3.9901828e-007  3.6761593e-007  2.9905392e-007  3.6217340e-007  2.4333253e-007  3.2539697e-007  3.0888242e-007             NaN             NaN             NaN             NaN
  1.5000000e+001             NaN             NaN             NaN  3.5357992e-007  7.7831828e-007  7.1692185e-007  4.5257620e-007  5.7567184e-007  5.2307558e-007  5.3639710e-007  5.5595238e-007  3.9630339e-007  4.5714150e-007  4.2485306e-007  1.5929331e-007             NaN             NaN             NaN             NaN             NaN             NaN             NaN  8.3605313e-007  5.5428981e-007  5.0309578e-007  4.8651177e-007  3.5474057e-007  3.6184911e-007  3.9334305e-007  2.7793117e-007  3.8262110e-007  2.1901060e-007             NaN             NaN             NaN             NaN
  1.0000000e+001             NaN  9.1087383e-007  7.8277960e-007  4.4748116e-007  4.5330521e-007  5.3752779e-007  6.7766710e-007  6.6706667e-007  5.7960324e-007  3.4593145e-007  5.2989071e-007  2.7080079e-007  4.2476248e-007  4.7315220e-007             NaN             NaN             NaN             NaN             NaN             NaN             NaN  8.1162069e-007  7.9601251e-007  8.1228402e-007  5.3011750e-007  5.7091599e-007  3.7869921e-007  2.9016439e-007  3.6301368e-007  3.0896146e-007  3.4526666e-007  1.0027984e-007             NaN             NaN             NaN             NaN
  7.0000000e+000             NaN             NaN             NaN  3.7871340e-007  2.0363568e-007  4.6030273e-007  5.6225202e-007  4.2046286e-007  3.8802387e-007  4.3861393e-007  4.1025329e-007  3.3372486e-007  3.4676542e-007  4.4040510e-007             NaN             NaN             NaN             NaN             NaN             NaN             NaN  3.9360252e-007  5.3547618e-007  7.9892582e-007  4.4694505e-007  5.3290704e-007  2.8854087e-007  4.4968240e-007  3.9473335e-007  4.6092906e-007  3.6849159e-007  1.7481842e-007             NaN             NaN             NaN             NaN
  5.0000000e+000             NaN             NaN  3.9226123e-007  7.1352820e-007  4.2376140e-007  3.3736786e-007  4.6807012e-007  4.8320090e-007  4.1967537e-007  3.7561654e-007  3.8928668e-007  4.4642916e-007  4.3415871e-007  3.9215199e-007  6.9652601e-007             NaN             NaN             NaN             NaN             NaN             NaN             NaN  6.4205272e-007  4.6203778e-007  5.5937405e-007  3.0408080e-007  5.7098919e-007  4.3432307e-007  4.4051361e-007  5.0885839e-007  4.6556912e-007  1.4300671e-007             NaN  2.8461036e-007             NaN             NaN
  3.0000000e+000             NaN             NaN             NaN  2.4867207e-007  4.4287527e-007  5.5584894e-007  5.1027317e-007  5.8635763e-007  6.2895014e-007  4.1326293e-007  4.5577723e-007  5.7545642e-007  5.6442480e-007             NaN  1.0658050e-006             NaN             NaN             NaN             NaN             NaN  5.6485382e-007  7.1592015e-007  6.1097210e-007  6.7453227e-007  4.2151517e-007  5.9729657e-007  3.9348853e-007  5.0573907e-007  4.3884558e-007  6.0387618e-007  4.2452149e-007  4.9507861e-007  3.4861393e-007             NaN             NaN             NaN
  2.0000000e+000             NaN             NaN             NaN             NaN             NaN  1.8655435e-007  2.7017129e-007  3.4933423e-007  3.3473528e-007  3.3249813e-007  3.5526883e-007  4.1742935e-007  4.8321944e-007  4.0018260e-007  1.8682463e-007             NaN             NaN             NaN             NaN             NaN             NaN  7.4315418e-007  6.0670035e-007  4.9976353e-007  8.4714751e-007  4.1814411e-007  7.0402636e-007  7.4893362e-007  4.1319535e-007  3.8930744e-007  3.4410256e-007  6.2814720e-007             NaN             NaN             NaN             NaN
  1.5000000e+000             NaN             NaN             NaN             NaN             NaN  2.3162315e-007  2.6909616e-007  1.8352667e-007  2.0797036e-007  2.2776491e-007  2.5824612e-007  1.9715241e-007  3.3161320e-007  2.0721677e-007  2.3428809e-007             NaN  3.2797951e-007             NaN             NaN  3.4491116e-007  3.2105406e-007  5.1634428e-007  5.4956541e-007  3.7427188e-007  1.2354243e-006  7.7795193e-007  9.3011429e-007  8.6120450e-007  7.7386152e-007  5.6218587e-007  4.1165238e-007  4.2823037e-007  3.7168242e-007             NaN             NaN             NaN
  1.0000000e+000             NaN             NaN             NaN             NaN  1.3387019e-007  2.0908115e-007  1.6171222e-007  1.9800032e-007  2.0592960e-007  2.5787961e-007  2.3836619e-007  1.8111462e-007  2.6701095e-007  1.8858272e-007  2.1091385e-007  1.8580386e-007             NaN             NaN             NaN  3.3404303e-007  3.3437074e-007             NaN  3.8672970e-007  5.8720585e-007  4.8152100e-007  5.7788906e-007  7.5802085e-007  8.5289288e-007  9.6413419e-007  4.9009740e-007  5.2484278e-007  6.0641152e-007  5.0574757e-007  1.0877634e-006             NaN             NaN
  7.0000000e-001             NaN             NaN             NaN  1.7461676e-007  9.4051536e-008  1.4281025e-007  1.1420704e-007  1.3576896e-007  1.7572912e-007  2.1015863e-007  1.9580413e-007  1.0244985e-007  2.4038946e-007  2.1452170e-007  2.3050916e-007             NaN             NaN             NaN             NaN  3.3992588e-007  3.5369205e-007  9.7480916e-008  3.7795396e-007  2.1445620e-007  3.5408376e-007  4.9184422e-007  5.6223682e-007  5.7482390e-007  4.5159013e-007  4.5970535e-007  6.4640774e-007  6.0118395e-007  4.1896587e-007  5.5986291e-007             NaN             NaN
  5.0000000e-001             NaN  1.9098973e-007  1.4470584e-007  1.3368476e-007  1.0394839e-007  1.6909876e-007  1.7064768e-007  1.7948674e-007  1.6140433e-007  1.5119049e-007  1.5027701e-007  1.7982001e-007  1.5816340e-007  1.9124788e-007  6.8300280e-008             NaN             NaN             NaN             NaN             NaN  2.2218514e-007  3.1903345e-007  2.1881535e-007  1.4165408e-007  1.9204057e-007  3.3509860e-007  4.4833051e-007  3.5131620e-007  4.7105901e-007  3.8499022e-007  3.5487128e-007  4.9828816e-007  3.7006585e-007             NaN             NaN             NaN
  3.0000000e-001             NaN  1.3560234e-007  1.0155223e-007  4.9050919e-008  1.3263493e-007  1.8129975e-007  1.5647106e-007  1.9420864e-007  1.3406117e-007  1.3388869e-007  1.7026960e-007  9.3211588e-008  1.7364955e-007  1.1858606e-007  2.1160996e-007             NaN             NaN             NaN             NaN             NaN  2.3884715e-007  2.0936778e-007  1.5253281e-007  1.2718202e-007  2.1218096e-007  2.7624045e-007  3.0986394e-007  2.2927625e-007  3.0233293e-007  2.9876982e-007  2.0725167e-007  2.7980604e-007  2.4498796e-007  2.8261139e-007             NaN             NaN
  2.0000000e-001             NaN             NaN  1.2331502e-007  1.1286790e-007  1.3276426e-007  9.8018743e-008  9.8804724e-008  1.0877386e-007  8.8861665e-008  1.4166864e-007  9.2194434e-008  1.5862185e-007  8.5159391e-008  2.6975183e-008  1.3186143e-007             NaN             NaN             NaN             NaN             NaN             NaN             NaN  1.4251357e-007  1.5256063e-007  1.8975618e-007  1.7890232e-007  2.7260510e-007  2.1090988e-007  1.9025361e-007  2.3821402e-007  2.1221865e-007  8.1283568e-008  9.4568874e-008             NaN             NaN             NaN
  1.5000000e-001             NaN             NaN  7.2373852e-008  4.6221186e-008  8.2017576e-008  1.0587867e-007  8.2752748e-008  6.3008460e-008  1.0197286e-007  1.4703709e-007  7.3888524e-008  5.5914178e-008  8.9552217e-008  9.1877814e-008  1.3814798e-007             NaN             NaN             NaN             NaN             NaN             NaN  8.0354398e-008  2.3988861e-007  1.4488986e-007  2.4147866e-007  1.2850933e-007  1.8316856e-007  1.6885365e-007  2.0619724e-007  1.7333889e-007  1.9722187e-007  1.7532886e-007             NaN             NaN             NaN             NaN
  1.0000000e-001             NaN             NaN             NaN  6.5007587e-008  7.9386424e-008  5.2936705e-008  6.6841151e-008  5.1713598e-008  1.0014031e-007  7.1603804e-008  9.9507233e-008  6.9521491e-008  5.0619361e-008  8.7243841e-008  6.4530885e-008             NaN             NaN             NaN             NaN             NaN             NaN             NaN  9.2889529e-008  1.8425799e-007  1.4377176e-007  1.4349463e-007  8.3240450e-008  1.5823163e-007  1.3087158e-007  1.0088106e-007  8.5813042e-008  8.2239539e-008  1.9540687e-007             NaN             NaN             NaN
             NaN -8.7500000e+001 -8.2500000e+001 -7.7500000e+001 -7.2500000e+001 -6.7500000e+001 -6.2500000e+001 -5.7500000e+001 -5.2500000e+001 -4.7500000e+001 -4.2500000e+001 -3.7500000e+001 -3.2500000e+001 -2.7500000e+001 -2.2500000e+001 -1.7500000e+001 -1.2500000e+001 -7.5000000e+000 -2.5000000e+000  2.5000000e+000  7.5000000e+000  1.2500000e+001  1.7500000e+001  2.2500000e+001  2.7500000e+001  3.2500000e+001  3.7500000e+001  4.2500000e+001  4.7500000e+001  5.2500000e+001  5.7500000e+001  6.2500000e+001  6.7500000e+001  7.2500000e+001  7.7500000e+001  8.2500000e+001  8.7500000e+001
  1.0000000e+003             NaN             NaN             NaN             NaN             NaN             NaN             NaN             NaN             NaN             NaN             NaN             NaN             NaN             NaN             NaN             NaN             NaN             NaN             NaN             NaN             NaN             NaN             NaN             NaN             NaN             NaN             NaN             NaN             NaN             NaN             NaN             NaN             NaN             NaN             NaN             NaN
  8.5000000e+002             NaN             NaN             NaN             NaN             NaN             NaN             NaN             NaN             NaN             NaN             NaN             NaN             NaN             NaN             NaN             NaN             NaN             NaN             NaN             NaN             NaN             NaN             NaN             NaN             NaN             NaN             NaN             NaN             NaN             NaN             NaN             NaN             NaN             NaN             NaN             NaN
  7.0000000e+002             NaN             NaN             NaN             NaN             NaN             NaN             NaN             NaN             NaN             NaN             NaN             NaN             NaN             NaN             NaN             NaN             NaN             NaN             NaN             NaN             NaN             NaN             NaN             NaN             NaN             NaN             NaN             NaN             NaN             NaN             NaN             NaN             NaN             NaN             NaN             NaN
  5.0000000e+002             NaN             NaN             NaN             NaN             NaN             NaN             NaN             NaN             NaN             NaN             NaN  4.6950000e-009  4.4600000e-009             NaN             NaN             NaN             NaN             NaN             NaN             NaN             NaN             NaN             NaN             NaN             NaN             NaN             NaN             NaN             NaN             NaN             NaN             NaN             NaN             NaN             NaN             NaN
  4.0000000e+002             NaN             NaN             NaN             NaN             NaN             NaN             NaN             NaN             NaN             NaN             NaN  9.3650000e-009  5.3400000e-009  5.5900000e-009  4.4000000e-009             NaN             NaN             NaN             NaN             NaN             NaN             NaN  6.2400000e-009             NaN             NaN             NaN             NaN             NaN             NaN             NaN             NaN             NaN             NaN             NaN             NaN             NaN
  3.0000000e+002             NaN             NaN             NaN             NaN             NaN             NaN  7.2450000e-009             NaN  6.8950000e-009  5.8000000e-009  7.4900000e-009  6.5900000e-009  5.3000000e-009  5.0500000e-009  8.5050000e-009  5.8400000e-009             NaN             NaN             NaN             NaN             NaN             NaN  5.5700000e-009  5.7450000e-009             NaN  5.0200000e-009             NaN  6.7700000e-009             NaN             NaN             NaN             NaN             NaN             NaN             NaN             NaN
  2.5000000e+002             NaN             NaN             NaN  1.0195000e-008  1.1130000e-008  1.1150000e-008  9.5150000e-009  8.3900000e-009  8.1800000e-009  8.3150000e-009  7.6400000e-009  7.4800000e-009  7.7050000e-009  5.5700000e-009  6.0100000e-009  5.3900000e-009             NaN             NaN             NaN             NaN             NaN             NaN             NaN  5.5400000e-009  7.1200000e-009  6.6600000e-009  6.6800000e-009  9.3600000e-009  8.1700000e-009  9.6800000e-009  1.1000000e-008  9.2600000e-009  1.1500000e-008  1.0000000e-008             NaN             NaN
  2.0000000e+002             NaN             NaN             NaN             NaN  1.1100000e-008  1.0400000e-008  8.9600000e-009  9.0900000e-009  1.0500000e-008  9.1900000e-009  1.1300000e-008  9.7200000e-009  7.8150000e-009  1.0845000e-008  7.9400000e-009  6.5700000e-009             NaN             NaN             NaN             NaN             NaN             NaN             NaN  7.5200000e-009  7.1500000e-009  7.9150000e-009  9.8450000e-009  1.1200000e-008  1.0350000e-008  1.0600000e-008  1.0600000e-008  1.1250000e-008  1.1700000e-008  1.7600000e-008             NaN             NaN
  1.7000000e+002             NaN             NaN             NaN             NaN             NaN  1.4900000e-008  1.4000000e-008  1.2900000e-008  1.1700000e-008  1.1300000e-008  1.1800000e-008  1.2600000e-008  1.0045000e-008  7.9300000e-009  1.1600000e-008  8.1900000e-009             NaN             NaN             NaN             NaN             NaN             NaN             NaN  1.0550000e-008  1.1150000e-008  1.2100000e-008  1.2300000e-008  1.3400000e-008  1.1750000e-008  1.2750000e-008  1.8350000e-008  1.3500000e-008  2.3050000e-008             NaN             NaN             NaN
  1.5000000e+002             NaN             NaN             NaN             NaN  9.6800000e-009  1.2500000e-008  1.4150000e-008  1.2000000e-008  1.1900000e-008  1.1700000e-008  1.3150000e-008  1.5200000e-008  1.3100000e-008  9.4600000e-009  1.5100000e-008             NaN             NaN             NaN             NaN             NaN             NaN             NaN             NaN  1.0350000e-008  1.0900000e-008  1.2300000e-008  1.4450000e-008  1.4100000e-008  1.6300000e-008  1.6400000e-008  1.4100000e-008  1.9000000e-008             NaN             NaN             NaN             NaN
  1.3000000e+002             NaN             NaN             NaN             NaN             NaN  1.3700000e-008  1.4550000e-008  1.4250000e-008  1.4600000e-008  1.5300000e-008  1.4050000e-008  1.5500000e-008  1.4800000e-008  1.6100000e-008  1.4400000e-008             NaN             NaN             NaN             NaN             NaN             NaN             NaN             NaN  1.3600000e-008  1.1000000e-008  1.8800000e-008  1.5400000e-008  1.7100000e-008  1.7100000e-008  1.7700000e-008  1.8400000e-008  2.0200000e-008             NaN             NaN             NaN             NaN
  1.1500000e+002             NaN             NaN             NaN             NaN             NaN  1.4100000e-008  2.0750000e-008  1.7800000e-008  1.8100000e-008  1.8650000e-008  1.6350000e-008  1.9200000e-008  1.5800000e-008  1.5500000e-008  1.3800000e-008             NaN             NaN             NaN             NaN             NaN             NaN             NaN  2.0300000e-008  1.5700000e-008  1.5050000e-008  1.7700000e-008  2.0900000e-008  1.9400000e-008  2.0200000e-008  2.5700000e-008  2.1100000e-008  1.9900000e-008             NaN             NaN             NaN             NaN
  1.0000000e+002             NaN             NaN             NaN  1.4900000e-008             NaN             NaN  2.2900000e-008  2.0500000e-008  2.0700000e-008  2.1500000e-008  1.8600000e-008  1.8050000e-008  2.0500000e-008  1.5550000e-008  2.0300000e-008             NaN             NaN             NaN             NaN             NaN             NaN             NaN  2.2250000e-008  2.0100000e-008  1.7900000e-008  1.8500000e-008  1.9700000e-008  2.6100000e-008  1.9500000e-008  1.8750000e-008  2.4550000e-008             NaN             NaN             NaN             NaN             NaN
  9.0000000e+001             NaN             NaN             NaN             NaN             NaN             NaN  2.1600000e-008  2.0200000e-008  2.1400000e-008  2.7400000e-008  2.2450000e-008  2.3200000e-008  2.2500000e-008  1.8850000e-008             NaN             NaN             NaN             NaN             NaN             NaN             NaN             NaN  2.5500000e-008  2.4300000e-008  2.1350000e-008  2.2500000e-008  2.2350000e-008  2.2300000e-008  2.2800000e-008  2.4400000e-008  2.4050000e-008  2.9100000e-008             NaN             NaN             NaN             NaN
  8.0000000e+001             NaN             NaN             NaN             NaN  2.0800000e-008  2.1550000e-008  2.2500000e-008  2.2700000e-008  2.8600000e-008  2.7200000e-008  2.3100000e-008  2.2700000e-008  2.2300000e-008  2.6500000e-008             NaN             NaN             NaN             NaN             NaN             NaN             NaN             NaN  2.7550000e-008  2.5700000e-008  2.7400000e-008  3.1350000e-008  2.4200000e-008  2.5650000e-008  2.6500000e-008  2.7800000e-008  3.3000000e-008             NaN             NaN             NaN             NaN             NaN
  7.0000000e+001             NaN             NaN             NaN             NaN  2.4000000e-008  2.7400000e-008  2.6000000e-008  2.5000000e-008  2.6800000e-008  2.7700000e-008  2.7950000e-008  3.1300000e-008  3.5100000e-008  3.7300000e-008  2.7900000e-008  2.8900000e-008             NaN             NaN             NaN             NaN             NaN             NaN  2.6400000e-008  3.4100000e-008  2.8300000e-008  3.2100000e-008  2.8600000e-008  2.7300000e-008  2.6900000e-008  2.8200000e-008  2.4200000e-008             NaN             NaN             NaN             NaN             NaN
  5.0000000e+001             NaN             NaN             NaN  2.7150000e-008  3.3500000e-008  3.3750000e-008  3.2100000e-008  3.3000000e-008  3.4250000e-008  3.4750000e-008  3.6250000e-008  4.6200000e-008  4.9000000e-008  5.1600000e-008  5.1150000e-008             NaN             NaN             NaN             NaN             NaN             NaN             NaN  3.2000000e-008  3.8900000e-008  3.7400000e-008  4.0900000e-008  3.7600000e-008  3.8800000e-008  3.9400000e-008  3.6050000e-008  3.2800000e-008  2.8500000e-008             NaN             NaN             NaN             NaN
  3.0000000e+001             NaN             NaN             NaN  4.1900000e-008  4.7350000e-008  5.0500000e-008  4.6500000e-008  4.5050000e-008  4.7950000e-008  4.8300000e-008  5.4450000e-008  6.3750000e-008  8.3000000e-008  7.4200000e-008  6.2850000e-008  7.2000000e-008             NaN             NaN             NaN             NaN             NaN             NaN  5.8500000e-008  5.7900000e-008  5.9000000e-008  4.9450000e-008  5.2950000e-008  5.3300000e-008  5.1200000e-008  4.7050000e-008  4.1800000e-008  3.4450000e-008             NaN             NaN             NaN             NaN
  2.0000000e+001             NaN             NaN  5.3400000e-008  6.1250000e-008  6.6300000e-008  5.8300000e-008  5.6300000e-008  5.1800000e-008  5.6000000e-008  6.6150000e-008  7.4000000e-008  8.7200000e-008  9.8050000e-008  1.2200000e-007             NaN             NaN             NaN             NaN             NaN             NaN             NaN             NaN             NaN  8.4800000e-008  6.2000000e-008  5.7600000e-008  7.1400000e-008  6.6700000e-008  6.2000000e-008  5.7200000e-008  4.9900000e-008  4.5800000e-008             NaN             NaN             NaN             NaN
  1.5000000e+001             NaN             NaN             NaN  7.3350000e-008  6.7100000e-008  6.8600000e-008  6.7600000e-008  7.1400000e-008  7.1300000e-008  8.1400000e-008  8.9400000e-008  1.0550000e-007  1.1900000e-007  1.7400000e-007  1.6200000e-007             NaN             NaN             NaN             NaN             NaN             NaN             NaN  1.0600000e-007  8.5500000e-008  6.6200000e-008  7.2550000e-008  8.2900000e-008  8.3100000e-008  7.5100000e-008  7.1050000e-008  6.1200000e-008  5.7400000e-008             NaN             NaN             NaN             NaN
  1.0000000e+001             NaN  6.7300000e-008  7.3000000e-008  7.1350000e-008  6.5500000e-008  6.6750000e-008  7.2800000e-008  7.1450000e-008  7.5400000e-008  8.0300000e-008  8.9500000e-008  1.1100000e-007  1.2000000e-007  1.3350000e-007             NaN             NaN             NaN             NaN             NaN             NaN             NaN  1.7600000e-007  9.3700000e-008  7.8400000e-008  7.2000000e-008  7.5500000e-008  9.4750000e-008  7.9650000e-008  8.6400000e-008  7.5200000e-008  7.0700000e-008  7.0250000e-008             NaN             NaN             NaN             NaN
  7.0000000e+000             NaN             NaN             NaN  9.1700000e-008  7.8600000e-008  7.9300000e-008  8.2600000e-008  8.5450000e-008  9.1750000e-008  9.3000000e-008  1.0400000e-007  1.2000000e-007  1.3400000e-007  1.4300000e-007             NaN             NaN             NaN             NaN             NaN             NaN             NaN  1.3600000e-007  1.4050000e-007  9.5750000e-008  8.5700000e-008  9.7200000e-008  9.8200000e-008  1.0900000e-007  9.2850000e-008  8.7700000e-008  8.4000000e-008  7.1600000e-008             NaN             NaN             NaN             NaN
  5.0000000e+000             NaN             NaN  8.7200000e-008  9.0550000e-008  8.6500000e-008  8.1600000e-008  8.2100000e-008  8.7450000e-008  8.9650000e-008  9.6700000e-008  1.0600000e-007  1.2350000e-007  1.4250000e-007  1.4200000e-007  1.8050000e-007             NaN             NaN             NaN             NaN             NaN             NaN             NaN  1.3550000e-007  1.1800000e-007  9.5400000e-008  1.1850000e-007  1.1300000e-007  1.1500000e-007  1.1400000e-007  1.1500000e-007  9.9400000e-008  1.0090000e-007             NaN  9.4800000e-008             NaN             NaN
  3.0000000e+000             NaN             NaN             NaN  8.6900000e-008  8.1600000e-008  4.7800000e-008  4.7700000e-008  4.7800000e-008  8.7100000e-008  9.3600000e-008  9.7900000e-008  1.1300000e-007  1.1700000e-007             NaN  2.2850000e-007             NaN             NaN             NaN             NaN             NaN  1.3450000e-007  1.1600000e-007  1.1100000e-007  1.1200000e-007  1.0900000e-007  1.2900000e-007  1.3050000e-007  1.2200000e-007  1.2050000e-007  1.2000000e-007  1.1900000e-007  1.0700000e-007  1.0450000e-007             NaN             NaN             NaN
  2.0000000e+000             NaN             NaN             NaN             NaN             NaN  3.8400000e-008  3.7600000e-008  3.8850000e-008  4.0300000e-008  4.4200000e-008  4.9550000e-008  5.4400000e-008  6.3700000e-008  7.0600000e-008  5.5300000e-008             NaN             NaN             NaN             NaN             NaN             NaN  7.0400000e-008  6.2200000e-008  5.5400000e-008  5.8900000e-008  6.3150000e-008  6.5450000e-008  7.1200000e-008  7.0400000e-008  6.2900000e-008  6.9700000e-008  1.0750000e-007             NaN             NaN             NaN             NaN
  1.5000000e+000             NaN             NaN             NaN             NaN             NaN  2.3300000e-008  2.2550000e-008  2.3100000e-008  2.5450000e-008  2.7000000e-008  2.9500000e-008  3.3300000e-008  3.2200000e-008  3.6700000e-008  4.1400000e-008             NaN  6.9500000e-008             NaN             NaN  6.3100000e-008  3.7800000e-008  5.0800000e-008  5.5900000e-008  5.4600000e-008  5.7550000e-008  5.6100000e-008  6.2500000e-008  6.2300000e-008  6.3250000e-008  6.0200000e-008  5.9850000e-008  5.7000000e-008  5.3850000e-008             NaN             NaN             NaN
  1.0000000e+000             NaN             NaN             NaN             NaN  2.5600000e-008  2.5050000e-008  2.6350000e-008  2.6700000e-008  2.7300000e-008  3.0150000e-008  3.0200000e-008  3.2000000e-008  3.4400000e-008  3.7600000e-008  4.1250000e-008  4.0800000e-008             NaN             NaN             NaN  4.0500000e-008  3.7100000e-008             NaN  4.1900000e-008  3.7100000e-008  4.0600000e-008  3.6150000e-008  4.0100000e-008  3.7600000e-008  3.5200000e-008  3.4000000e-008  4.0700000e-008  4.8000000e-008  3.9300000e-008  4.4100000e-008             NaN             NaN
  7.0000000e-001             NaN             NaN             NaN  2.6600000e-008  2.9200000e-008  2.9000000e-008  2.8200000e-008  3.0100000e-008  3.0500000e-008  3.2100000e-008  3.4900000e-008  3.7450000e-008  4.2300000e-008  4.1700000e-008  4.8800000e-008             NaN             NaN             NaN             NaN  4.2100000e-008  4.9200000e-008  4.7750000e-008  3.9500000e-008  4.8150000e-008  4.1200000e-008  4.0600000e-008  4.2100000e-008  3.8600000e-008  3.5500000e-008  3.8050000e-008  3.9750000e-008  3.9600000e-008  3.8950000e-008  4.0500000e-008             NaN             NaN
  5.0000000e-001             NaN  2.9300000e-008  2.9100000e-008  2.8900000e-008  2.9400000e-008  2.9000000e-008  2.9000000e-008  2.9750000e-008  3.1100000e-008  3.3000000e-008  3.7500000e-008  3.8150000e-008  4.0800000e-008  5.1950000e-008  4.4400000e-008             NaN             NaN             NaN             NaN             NaN  5.1500000e-008  5.5500000e-008  4.5800000e-008  5.0400000e-008  3.9300000e-008  4.1650000e-008  4.3100000e-008  4.1700000e-008  3.8400000e-008  3.9400000e-008  3.7250000e-008  4.0100000e-008  4.0400000e-008             NaN             NaN             NaN
  3.0000000e-001             NaN  2.8650000e-008  2.6400000e-008  2.5900000e-008  2.7000000e-008  2.5600000e-008  2.7150000e-008  2.7100000e-008  2.7500000e-008  2.9650000e-008  3.1700000e-008  3.4750000e-008  3.6300000e-008  4.3300000e-008  3.7000000e-008             NaN             NaN             NaN             NaN             NaN  4.2000000e-008  4.6500000e-008  4.4000000e-008  4.1800000e-008  3.7350000e-008  3.4600000e-008  3.4400000e-008  3.3500000e-008  3.3600000e-008  3.4500000e-008  3.0150000e-008  3.3200000e-008  3.1250000e-008  3.1000000e-008             NaN             NaN
  2.0000000e-001             NaN             NaN  2.0300000e-008  1.9700000e-008  1.9450000e-008  1.8950000e-008  2.1550000e-008  1.9400000e-008  2.3000000e-008  2.2150000e-008  2.7550000e-008  2.4650000e-008  2.3600000e-008  2.8100000e-008  3.3800000e-008             NaN             NaN             NaN             NaN             NaN             NaN             NaN  3.3200000e-008  2.9600000e-008  2.5100000e-008  2.2700000e-008  2.3500000e-008  2.5400000e-008  2.1300000e-008  2.5250000e-008  2.0900000e-008  1.9000000e-008  1.7000000e-008             NaN             NaN             NaN
  1.5000000e-001             NaN             NaN  1.4150000e-008  1.3950000e-008  1.3950000e-008  1.5500000e-008  1.4950000e-008  1.5300000e-008  1.4700000e-008  1.7100000e-008  1.6500000e-008  1.9100000e-008  1.8600000e-008  1.8300000e-008  2.3900000e-008             NaN             NaN             NaN             NaN             NaN             NaN  1.9150000e-008  2.3050000e-008  1.9900000e-008  1.8750000e-008  1.6100000e-008  1.6750000e-008  1.6300000e-008  1.7750000e-008  1.5800000e-008  1.5000000e-008  1.4200000e-008             NaN             NaN             NaN             NaN
  1.0000000e-001             NaN             NaN             NaN  1.1200000e-008  1.2100000e-008  1.2100000e-008  1.1700000e-008  1.2100000e-008  1.3650000e-008  1.2300000e-008  1.3900000e-008  1.2800000e-008  1.3300000e-008  1.5300000e-008  1.0760000e-008             NaN             NaN             NaN             NaN             NaN             NaN             NaN  1.4450000e-008  1.5600000e-008  1.4050000e-008  1.3400000e-008  1.2600000e-008  1.3650000e-008  1.2700000e-008  1.2500000e-008  1.3000000e-008  1.3100000e-008  1.2200000e-008             NaN             NaN             NaN
