             NaN -8.7500000e+001 -8.2500000e+001 -7.7500000e+001 -7.2500000e+001 -6.7500000e+001 -6.2500000e+001 -5.7500000e+001 -5.2500000e+001 -4.7500000e+001 -4.2500000e+001 -3.7500000e+001 -3.2500000e+001 -2.7500000e+001 -2.2500000e+001 -1.7500000e+001 -1.2500000e+001 -7.5000000e+000 -2.5000000e+000  2.5000000e+000  7.5000000e+000  1.2500000e+001  1.7500000e+001  2.2500000e+001  2.7500000e+001  3.2500000e+001  3.7500000e+001  4.2500000e+001  4.7500000e+001  5.2500000e+001  5.7500000e+001  6.2500000e+001  6.7500000e+001  7.2500000e+001  7.7500000e+001  8.2500000e+001  8.7500000e+001
  1.0000000e+003             NaN             NaN             NaN             NaN             NaN             NaN             NaN             NaN             NaN             NaN             NaN             NaN             NaN             NaN             NaN             NaN             NaN             NaN             NaN             NaN             NaN             NaN             NaN             NaN             NaN             NaN             NaN             NaN             NaN             NaN             NaN             NaN             NaN             NaN             NaN             NaN
  8.5000000e+002             NaN             NaN             NaN             NaN             NaN             NaN             NaN             NaN             NaN             NaN             NaN             NaN             NaN             NaN             NaN             NaN             NaN             NaN             NaN             NaN             NaN             NaN             NaN             NaN             NaN             NaN             NaN             NaN             NaN             NaN             NaN             NaN             NaN             NaN             NaN             NaN
  7.0000000e+002             NaN             NaN             NaN             NaN             NaN             NaN             NaN             NaN             NaN             NaN             NaN             NaN             NaN             NaN             NaN             NaN             NaN             NaN             NaN             NaN             NaN             NaN             NaN             NaN             NaN             NaN             NaN             NaN             NaN             NaN             NaN             NaN             NaN             NaN             NaN             NaN
  5.0000000e+002             NaN             NaN             NaN             NaN             NaN             NaN             NaN             NaN             NaN             NaN             NaN  6.3163087e-008  6.5658489e-008  6.6207356e-008  6.4425364e-008  7.4208985e-008  7.4003664e-008             NaN  8.8517106e-008  8.8053571e-008  9.9533973e-008  1.0066291e-007  1.1206606e-007  1.2056298e-007  1.1532489e-007             NaN             NaN             NaN             NaN             NaN             NaN             NaN             NaN             NaN             NaN             NaN
  4.0000000e+002             NaN             NaN             NaN             NaN             NaN             NaN             NaN             NaN             NaN  6.7304806e-008  5.8846760e-008  6.4674563e-008  7.1833107e-008  7.0225119e-008  6.6023854e-008  7.8362931e-008  8.2056256e-008  9.0416404e-008  9.2661950e-008  9.2415573e-008  1.0639156e-007  1.1442154e-007  1.1622609e-007  1.1082704e-007  1.2523714e-007  1.2971255e-007             NaN             NaN             NaN             NaN             NaN             NaN             NaN             NaN             NaN             NaN
  3.0000000e+002             NaN             NaN  3.3079607e-008  2.9386100e-008  3.3288876e-008  3.7186633e-008  4.2175309e-008  4.7480725e-008  5.1388118e-008  5.6234596e-008  5.9769928e-008  6.5238676e-008  7.6017330e-008  6.6492105e-008  6.8603673e-008  7.7465466e-008  9.1087595e-008  9.4384292e-008  8.8954082e-008  9.9439046e-008  1.0828348e-007  1.0561901e-007  1.1059094e-007  1.1812683e-007  1.1863865e-007  1.1865580e-007  1.1396623e-007  8.7936363e-008  7.6991644e-008  7.1821934e-008  6.0618333e-008  5.9209142e-008  5.7592484e-008  5.0720854e-008  5.5595194e-008             NaN
  2.5000000e+002  2.9466183e-008  2.9652471e-008  2.9228160e-008  3.0330078e-008  3.1198716e-008  3.1388590e-008  3.2664766e-008  3.8178412e-008  4.4947740e-008  5.5587950e-008  5.3641132e-008  5.7828951e-008  6.4088392e-008  6.2722936e-008  6.6102041e-008  6.5335226e-008  7.9362483e-008  7.9597627e-008  9.1738322e-008  9.2596466e-008  9.4994095e-008  1.0093530e-007  1.0581815e-007  1.0569074e-007  1.0834689e-007  8.4757030e-008  6.6370790e-008  5.2535940e-008  4.8925797e-008  4.6976381e-008  4.5290574e-008  4.4742156e-008  4.2149119e-008  4.3333799e-008  4.6194024e-008             NaN
  2.0000000e+002  2.7160199e-008  2.7759290e-008  2.6744458e-008  2.7169728e-008  2.7128949e-008  2.7113556e-008  2.8875371e-008  3.0500710e-008  3.3340311e-008  4.0589283e-008  4.4649235e-008  5.4567362e-008  5.9678927e-008  6.5919039e-008  6.9446131e-008  7.8242757e-008  7.4132305e-008  8.3293945e-008  1.0496538e-007  9.6083542e-008  9.3854085e-008  9.1357072e-008  8.6626168e-008  9.1024979e-008  6.7777516e-008  5.0722798e-008  3.8611799e-008  3.5963080e-008  3.4053603e-008  3.1231763e-008  3.1209907e-008  3.2628240e-008  3.3122053e-008  3.2864814e-008  3.3555152e-008             NaN
  1.7000000e+002             NaN  2.2709655e-008  2.3113097e-008  2.3822270e-008  2.3711013e-008  2.4943986e-008  2.6188989e-008  2.7429208e-008  3.0298703e-008  3.3525307e-008  3.7079387e-008  4.8196557e-008  5.6943335e-008  6.2776843e-008  6.5999744e-008  6.8832570e-008  7.3101565e-008  7.7898484e-008  8.3818756e-008  9.1490448e-008  8.7729637e-008  9.4763715e-008  7.6234630e-008  6.2539419e-008  4.8956809e-008  3.8620078e-008  3.0604203e-008  2.9287912e-008  2.7295437e-008  2.5961034e-008  2.6903761e-008  2.5297992e-008  2.5699006e-008  2.4466937e-008  2.3620518e-008             NaN
  1.5000000e+002  1.9875509e-008  1.9004383e-008  1.9597258e-008  1.9976427e-008  2.0808554e-008  2.2306016e-008  2.4038034e-008  2.5244627e-008  2.7407273e-008  3.0075341e-008  3.1508645e-008  4.0959947e-008  5.3147521e-008  6.0480744e-008  7.2493045e-008  7.5278572e-008  6.8672151e-008  8.4576356e-008             NaN  1.0103560e-007  8.2541309e-008  7.9499191e-008  7.1433139e-008  4.9688397e-008  4.2495880e-008  3.4031754e-008  2.8185311e-008  2.7819536e-008  2.5550770e-008  2.4362525e-008  2.3014802e-008  2.2528510e-008  2.2270884e-008  2.1469149e-008  2.1543330e-008             NaN
  1.3000000e+002  1.6762069e-008  1.6253508e-008  1.6641831e-008  1.7954436e-008  1.8573832e-008  2.0243698e-008  2.1242627e-008  2.3552395e-008  2.5512677e-008  2.5375275e-008  2.6595655e-008  3.4720734e-008  4.6659907e-008  4.8304932e-008  5.8169258e-008  6.5202942e-008  8.1208219e-008  7.0976316e-008  6.9314798e-008  6.6974676e-008  6.5580494e-008  6.2519447e-008  5.4865707e-008  4.4214802e-008  3.6654900e-008  3.0374904e-008  2.7818827e-008  2.5450128e-008  2.3874620e-008  2.2438671e-008  2.1165133e-008  2.0421975e-008  1.9971384e-008  1.9659517e-008  1.8761728e-008  1.9094878e-008
  1.1500000e+002  1.4137992e-008  1.4809620e-008  1.5629974e-008  1.5382955e-008  1.6810174e-008  1.8076128e-008  1.8657313e-008  2.0509450e-008  2.1476588e-008  2.4345698e-008  2.8419975e-008  3.1014510e-008  3.7790125e-008  4.0487533e-008  4.2293565e-008  5.2485788e-008  5.4559176e-008  5.6206666e-008  6.9786956e-008  5.9531461e-008  6.2989413e-008  5.0085269e-008  4.7261924e-008  3.6323474e-008  2.9826073e-008  2.5518113e-008  2.2674312e-008  2.2224176e-008  2.1788300e-008  2.1413077e-008  2.0476895e-008  1.8947042e-008  1.8869279e-008  1.8802292e-008  1.7953744e-008  1.7260142e-008
  1.0000000e+002  1.5212070e-008  1.5368893e-008  1.5059431e-008  1.5259358e-008  1.5503323e-008  1.6237778e-008  1.7052939e-008  1.7782075e-008  1.8210226e-008  2.1299373e-008  2.4242775e-008  2.2936979e-008  3.1606670e-008  3.3720171e-008  4.3359761e-008  4.5598785e-008  5.8146316e-008  5.5185498e-008  5.5510499e-008  5.7968097e-008  5.5467954e-008  4.7285520e-008  3.5812574e-008  2.7819540e-008  2.2841723e-008  2.2775964e-008  2.0201344e-008  2.0192878e-008  1.8244119e-008  1.7831581e-008  1.6677437e-008  1.6725237e-008  1.5882490e-008  1.5985732e-008  1.5991800e-008  1.5003779e-008
  9.0000000e+001  1.4502425e-008  1.4836513e-008  1.5110884e-008  1.4791555e-008  1.4922358e-008  1.5428492e-008  1.5684845e-008  1.6034823e-008  1.6867532e-008  1.7996479e-008  2.0623618e-008  2.4071143e-008  2.6249649e-008  3.4428814e-008  4.1114336e-008  5.4216427e-008  4.7842849e-008  4.6591847e-008  4.9987374e-008  4.9375775e-008  4.4678798e-008  3.8344122e-008  3.4104441e-008  2.4809986e-008  2.2169027e-008  1.8500010e-008  1.7975656e-008  1.8174907e-008  1.8610744e-008  1.6253037e-008  1.5973843e-008  1.5448869e-008  1.5291059e-008  1.5161516e-008  1.5313681e-008             NaN
  8.0000000e+001  1.5197706e-008  1.4983978e-008  1.5070810e-008  1.4715906e-008  1.4723169e-008  1.4714723e-008  1.4728100e-008  1.4657066e-008  1.5638870e-008  1.7377818e-008  1.6031406e-008  2.1365152e-008  2.1257711e-008  2.1063191e-008  3.0141199e-008  4.1118198e-008  4.2772388e-008  4.6015854e-008  4.3158831e-008  4.3890895e-008  3.9414291e-008  3.2903809e-008  2.6556557e-008  2.1901079e-008  1.9942486e-008  1.7760300e-008  1.6689033e-008  1.6463260e-008  1.5570727e-008  1.5408447e-008  1.4735277e-008  1.4889208e-008  1.4863513e-008  1.4983695e-008  1.5127543e-008  1.4997107e-008
  7.0000000e+001  1.6204332e-008  1.6020057e-008  1.5683987e-008  1.5418563e-008  1.4969343e-008  1.4545584e-008  1.4580272e-008  1.4452326e-008  1.4424731e-008  1.4820243e-008  1.5312592e-008  1.6443507e-008  1.8978137e-008  2.2725571e-008  2.1557495e-008  2.7546334e-008  2.9065198e-008  2.8572659e-008  3.0919315e-008  2.9852857e-008  3.1249232e-008  2.7423735e-008  2.0914203e-008  1.9123010e-008  1.5861084e-008  1.5062100e-008  1.4933686e-008  1.4523329e-008  1.4464173e-008  1.4081722e-008  1.3893982e-008  1.3889645e-008  1.4063072e-008  1.4444373e-008  1.4920792e-008  1.5676236e-008
  5.0000000e+001  1.9012446e-008  1.8576307e-008  1.7892287e-008  1.7276535e-008  1.6439998e-008  1.5742776e-008  1.5121109e-008  1.5223484e-008  1.4950845e-008  1.5068937e-008  1.4310473e-008  1.4384857e-008  1.4177345e-008  1.3782655e-008  1.4362441e-008  1.4176708e-008  1.6000980e-008  1.5895834e-008  1.6114899e-008  1.6703348e-008  1.6119686e-008  1.5767239e-008  1.4844627e-008  1.4296657e-008  1.3941761e-008  1.4126950e-008  1.3783554e-008  1.3900690e-008  1.3906653e-008  1.3989585e-008  1.4075044e-008  1.3954446e-008  1.3985448e-008  1.3553686e-008  1.2948256e-008  1.2917276e-008
  3.0000000e+001  1.9546247e-008  1.8955170e-008  1.8694379e-008  1.8072569e-008  1.7024287e-008  1.6360896e-008  1.5855223e-008  1.6168409e-008  1.6097610e-008  1.5499163e-008  1.5267495e-008  1.4457224e-008  1.4239099e-008  1.3360114e-008  1.2734777e-008  1.2740432e-008  1.2675656e-008  1.2403964e-008  1.2616365e-008  1.2961174e-008  1.2935026e-008  1.3406099e-008  1.3804893e-008  1.4131106e-008  1.4439812e-008  1.4594692e-008  1.5379689e-008  1.5454078e-008  1.5870748e-008  1.5839774e-008  1.5798803e-008  1.5823444e-008  1.4876961e-008  1.5277456e-008  1.6472322e-008  1.7423974e-008
  2.0000000e+001  1.8680760e-008  1.8339067e-008  1.8003855e-008  1.7582505e-008  1.6890276e-008  1.6158983e-008  1.6134065e-008  1.6436326e-008  1.6781196e-008  1.6023976e-008  1.5269259e-008  1.5340819e-008  1.4839558e-008  1.6112491e-008  1.5608047e-008  1.5687181e-008  1.4491511e-008  1.5199588e-008  1.5831798e-008  1.5155870e-008  1.4849623e-008  1.5464830e-008  1.5785626e-008  1.6743347e-008  1.6358672e-008  1.6711730e-008  1.6762854e-008  1.7426008e-008  1.7463026e-008  1.8522951e-008  1.7713819e-008  2.0178510e-008  2.2724116e-008  3.4328638e-008  3.5790584e-008  4.8819409e-008
  1.5000000e+001  1.7789405e-008  1.7519126e-008  1.7269187e-008  1.6513119e-008  1.6173811e-008  1.5904319e-008  1.6073787e-008  1.7100074e-008  1.8015911e-008  1.7397258e-008  1.7362293e-008  1.7820739e-008  1.7827852e-008  1.8156252e-008  1.9153935e-008  1.9484080e-008  1.9348355e-008  1.9451260e-008  1.9833466e-008  1.9847633e-008  2.0174156e-008  1.9295878e-008  1.9383429e-008  1.8714310e-008  1.8902207e-008  1.8434362e-008  1.8612805e-008  1.9204589e-008  1.8711099e-008  1.8143395e-008  1.9692595e-008  2.1734272e-008  3.1371758e-008  4.2344305e-008  4.6251714e-008  4.5855743e-008
  1.0000000e+001  1.6039424e-008  1.5966578e-008  1.5678232e-008  1.4915573e-008  1.5023063e-008  1.5023483e-008  1.5875105e-008  1.7929885e-008  1.8074648e-008  1.9254405e-008  1.9107920e-008  1.9506473e-008  2.0427650e-008  2.1763859e-008  2.2770488e-008  2.4618222e-008  2.3997012e-008  2.3923114e-008  2.4264867e-008  2.3933006e-008  2.3501456e-008  2.2547327e-008  2.2084856e-008  1.9995600e-008  1.9528681e-008  1.8183275e-008  1.7934407e-008  1.7695951e-008  1.8334980e-008  1.7757779e-008  1.9170782e-008  2.1110781e-008  3.2294211e-008  4.7515970e-008  5.0079438e-008  5.7553294e-008
  7.0000000e+000  1.3351382e-008  1.3606301e-008  1.2583007e-008  1.2405032e-008  1.2892187e-008  1.3756030e-008  1.5287429e-008  1.7129385e-008  1.8987953e-008  1.9722000e-008  2.0810993e-008  2.1095262e-008  2.2445825e-008  2.6175938e-008  2.8849255e-008  2.8585184e-008  2.9377322e-008  2.8880771e-008  2.8867337e-008  2.8028112e-008  2.8156013e-008  2.7632807e-008  2.5525887e-008  2.4974769e-008  2.2438783e-008  2.0497707e-008  1.9416342e-008  1.9204747e-008  1.7028715e-008  1.6618992e-008  1.9440251e-008  2.1742947e-008  3.1250965e-008  4.0932925e-008  4.6919095e-008  1.1001354e-007
  5.0000000e+000  1.1278351e-008  1.1048906e-008  1.1290818e-008  1.1458424e-008  1.0946368e-008  1.2108851e-008  1.3983626e-008  1.7094278e-008  1.9545839e-008  2.1290598e-008  2.3185168e-008  2.3745775e-008  2.5310106e-008  2.6886180e-008  3.0790818e-008  3.2683343e-008  3.2270218e-008  3.1511796e-008  3.2072637e-008  3.1801739e-008  3.0676276e-008  2.9892057e-008  2.9775087e-008  2.7935605e-008  2.6130403e-008  2.1942765e-008  2.0488489e-008  2.0287460e-008  1.8400676e-008  1.7129207e-008  1.7804825e-008  2.3281282e-008  2.7884629e-008  3.6505458e-008  4.4249849e-008  7.1185151e-008
  3.0000000e+000  8.7154121e-009  8.5488848e-009  9.2936568e-009  9.9550867e-009  1.1283792e-008  1.2082397e-008  1.3799799e-008  1.7100750e-008  1.9476647e-008  2.1801614e-008  2.3801084e-008  2.6388798e-008  3.0453688e-008  3.1204862e-008  3.1478491e-008  3.3772918e-008  3.2804455e-008  3.2512448e-008  3.2504187e-008  3.4038869e-008  3.3256013e-008  3.2729323e-008  3.1783140e-008  3.1032649e-008  2.8229593e-008  2.5684805e-008  2.2918589e-008  2.1457459e-008  2.1840787e-008  1.9303170e-008  1.8814008e-008  1.9756766e-008  2.5348349e-008  3.5448944e-008  3.7153281e-008  6.0385362e-008
  2.0000000e+000  8.2981264e-009  9.1024326e-009  1.0032149e-008  1.2325841e-008  1.3636031e-008  1.3401803e-008  1.5555372e-008  1.7075524e-008  1.8756922e-008  2.3720511e-008  2.7069458e-008  2.9705471e-008  3.0626647e-008  3.1903149e-008  3.3968256e-008  3.3264493e-008  3.4391697e-008  3.5389675e-008  3.3279876e-008  3.3096700e-008  3.4149879e-008  3.3191724e-008  3.4032636e-008  3.2085604e-008  3.0316529e-008  2.6193633e-008  2.4793390e-008  2.3857287e-008  2.1280808e-008  2.0450396e-008  1.9460033e-008  1.9605397e-008  2.2836218e-008  2.1598142e-008  3.1362089e-008  2.3156225e-008
  1.5000000e+000  8.4152479e-009  1.2985536e-008  1.6307855e-008  1.7326946e-008  2.6435797e-008  2.3479694e-008  2.5106800e-008  1.8049528e-008  2.2591612e-008  2.2454604e-008  2.7476192e-008  3.1787895e-008  3.2914088e-008  3.3476207e-008  3.3508371e-008  3.3386247e-008  3.3634411e-008  3.3639375e-008  3.3178191e-008  3.4043550e-008  3.5478674e-008  3.2554259e-008  3.4982290e-008  3.1919675e-008  3.2639943e-008  2.7456343e-008  2.6881745e-008  2.5278684e-008  2.3905144e-008  2.2182061e-008  2.3401659e-008  2.2167869e-008  2.3398247e-008  2.1636696e-008  2.6987302e-008  2.6248989e-008
  1.0000000e+000  1.7873958e-008  1.4425984e-008  1.9096371e-008  3.1023668e-008  3.8326995e-008  4.2058402e-008  3.5014834e-008  3.5031099e-008  2.6037871e-008  4.4137035e-008  3.5049140e-008  3.5207235e-008  4.7070197e-008  3.9192528e-008  3.5407100e-008  3.6504351e-008  3.6117607e-008  3.6142486e-008  3.2462146e-008  3.5643902e-008  3.5582889e-008  3.5437460e-008  3.4565811e-008  3.3795579e-008  3.3462518e-008  2.9449183e-008  2.9937047e-008  2.9142647e-008  2.9015721e-008  2.4655281e-008  3.2274489e-008  2.9209530e-008  2.9372125e-008  2.7914390e-008  5.0373502e-008  3.3407572e-008
  7.0000000e-001  2.6421777e-008  3.8028227e-008  3.9928582e-008  5.4910915e-008  8.1555190e-008  6.3872105e-008  6.7890400e-008  7.4264401e-008  4.4170737e-008  4.0690732e-008  5.5898349e-008  4.1555118e-008  3.9255302e-008  3.8272788e-008  3.9945174e-008  3.7077827e-008  3.8166777e-008  3.6208839e-008  3.6274242e-008  3.6000485e-008  3.6041260e-008  3.7613290e-008  3.7269857e-008  3.6028305e-008  3.7361506e-008  3.7548392e-008  3.3363236e-008  3.1815329e-008  2.8262888e-008  3.8044040e-008  3.7909419e-008  5.1130761e-008  5.5456969e-008  8.7057888e-008  9.1318372e-008  1.1340045e-007
  5.0000000e-001  5.2104524e-008  4.8379893e-008  5.8498002e-008  7.0193459e-008  8.6590800e-008  1.0117567e-007  1.7060799e-007  1.3414285e-007  8.6968236e-008  8.3651052e-008  6.8332536e-008  6.3704385e-008  4.0357368e-008  7.4406104e-008  4.3146061e-008  4.3316554e-008  4.4233101e-008  4.1424125e-008  4.1193420e-008  4.1222644e-008  4.0665779e-008  4.0297979e-008  4.1251630e-008  4.0862947e-008  4.5449631e-008  4.4866387e-008  4.6768930e-008  4.6826817e-008  4.5741690e-008  4.5166202e-008  5.7630798e-008  5.5193851e-008  7.8770882e-008  1.6648967e-007  3.8786799e-007  1.9117716e-007
  3.0000000e-001  8.7128602e-008  5.3335956e-008  8.3710611e-008  9.4490222e-008  1.3176995e-007  1.6560272e-007  1.8262927e-007  2.3586662e-007  2.6111750e-007  1.6784518e-007  1.3337235e-007  1.1537717e-007  9.9170338e-008  9.1344576e-008  5.3840954e-008  5.3588771e-008  5.4864873e-008  5.2868633e-008  4.7107157e-008  5.3766943e-008  4.8441452e-008  4.6814799e-008  4.9696374e-008  5.6233394e-008  6.5231241e-008  6.6014547e-008  6.7888193e-008  6.1725323e-008  5.8426253e-008  8.3054202e-008  1.1628158e-007  1.0454378e-007  1.7558450e-007  4.4575893e-007  4.3031675e-007  3.0836455e-006
  2.0000000e-001             NaN  1.0913614e-007  8.9164390e-008  1.1048128e-007  1.3561412e-007  1.4807845e-007  1.6730337e-007  2.1510784e-007  2.8537623e-007  2.1991275e-007  3.3890089e-007  1.8324291e-007  1.1756189e-007  8.4941983e-008  1.3920103e-007  6.3017230e-008  5.8679531e-008  6.1337663e-008  6.1164397e-008  6.1609743e-008  5.8468835e-008  6.1875560e-008  6.6464084e-008  8.8281351e-008  1.0372740e-007  1.3188628e-007  1.1995086e-007  1.0249238e-007  1.2234347e-007  1.2287707e-007  1.2249093e-007  2.4328686e-007  3.2368037e-007  4.2272160e-007  6.6355855e-007  8.0345770e-007
  1.5000000e-001             NaN             NaN  8.2193895e-008  2.8784708e-007  7.5893665e-008  2.0314604e-007  2.6160038e-007  3.1193755e-007  5.5143314e-007  4.6859336e-007  3.3791207e-007  3.4675522e-007  1.9496613e-007  1.5121136e-007  1.0497345e-007  8.5742976e-008  8.4198307e-008  7.6096342e-008  8.3221917e-008  8.4279655e-008  7.8534919e-008  9.2570618e-008  1.1804067e-007  1.8163125e-007  1.4394066e-007  1.5334309e-007  1.8656065e-007  2.4736983e-007  2.4283545e-007  2.3731929e-007  3.0276119e-007  3.1752521e-007  3.4054416e-007  6.5665931e-007  6.3776742e-007  5.5529874e-007
  1.0000000e-001             NaN  7.3581804e-008  1.2051954e-007  1.7489369e-007  3.4485147e-007  2.8804640e-007  4.0651739e-007  4.3867616e-007  4.3725280e-007  5.7076172e-007  6.1281524e-007  5.2785829e-007  4.6392232e-007  7.2717894e-007  1.4609460e-007  1.0538625e-007  1.2694893e-007  1.1462741e-007  1.3353447e-007  1.2017514e-007  1.4083447e-007  1.2219951e-007  1.8008591e-007  2.3886967e-007  2.8469266e-007  3.3637599e-007  4.0358426e-007  3.6780984e-007  3.7362090e-007  3.2600901e-007  4.1379835e-007  4.0637964e-007  5.3927169e-007  6.2599067e-007  4.2623848e-007  2.4914604e-006
             NaN -8.7500000e+001 -8.2500000e+001 -7.7500000e+001 -7.2500000e+001 -6.7500000e+001 -6.2500000e+001 -5.7500000e+001 -5.2500000e+001 -4.7500000e+001 -4.2500000e+001 -3.7500000e+001 -3.2500000e+001 -2.7500000e+001 -2.2500000e+001 -1.7500000e+001 -1.2500000e+001 -7.5000000e+000 -2.5000000e+000  2.5000000e+000  7.5000000e+000  1.2500000e+001  1.7500000e+001  2.2500000e+001  2.7500000e+001  3.2500000e+001  3.7500000e+001  4.2500000e+001  4.7500000e+001  5.2500000e+001  5.7500000e+001  6.2500000e+001  6.7500000e+001  7.2500000e+001  7.7500000e+001  8.2500000e+001  8.7500000e+001
  1.0000000e+003             NaN             NaN             NaN             NaN             NaN             NaN             NaN             NaN             NaN             NaN             NaN             NaN             NaN             NaN             NaN             NaN             NaN             NaN             NaN             NaN             NaN             NaN             NaN             NaN             NaN             NaN             NaN             NaN             NaN             NaN             NaN             NaN             NaN             NaN             NaN             NaN
  8.5000000e+002             NaN             NaN             NaN             NaN             NaN             NaN             NaN             NaN             NaN             NaN             NaN             NaN             NaN             NaN             NaN             NaN             NaN             NaN             NaN             NaN             NaN             NaN             NaN             NaN             NaN             NaN             NaN             NaN             NaN             NaN             NaN             NaN             NaN             NaN             NaN             NaN
  7.0000000e+002             NaN             NaN             NaN             NaN             NaN             NaN             NaN             NaN             NaN             NaN             NaN             NaN             NaN             NaN             NaN             NaN             NaN             NaN             NaN             NaN             NaN             NaN             NaN             NaN             NaN             NaN             NaN             NaN             NaN             NaN             NaN             NaN             NaN             NaN             NaN             NaN
  5.0000000e+002             NaN             NaN             NaN             NaN             NaN             NaN             NaN             NaN             NaN             NaN             NaN  4.8695380e-009  8.9168498e-009  1.2097673e-008  1.0397005e-008  1.7208280e-008  2.1329800e-008             NaN  9.7738544e-009  1.1334300e-008  9.6312973e-009  1.6326313e-008  3.0053062e-008  2.4071513e-008  4.2748343e-009             NaN             NaN             NaN             NaN             NaN             NaN             NaN             NaN             NaN             NaN             NaN
  4.0000000e+002             NaN             NaN             NaN             NaN             NaN             NaN             NaN             NaN             NaN  1.0096392e-008  5.2818793e-009  9.3592411e-009  1.0697022e-008  9.6980115e-009  1.2729600e-008  1.2864101e-008  1.9049610e-008  1.3128875e-008  1.2073183e-008  1.8277912e-008  2.0148112e-008  2.8484333e-008  2.3182403e-008  1.8589000e-008  1.5273553e-008  1.9991672e-008             NaN             NaN             NaN             NaN             NaN             NaN             NaN             NaN             NaN             NaN
  3.0000000e+002             NaN             NaN  5.2229731e-009  2.9127097e-009  6.6497389e-009  4.6857964e-009  4.0768032e-009  4.9002882e-009  4.3340565e-009  8.7870760e-009  8.0749717e-009  8.4913849e-009  1.4430059e-008  1.0332482e-008  1.0787522e-008  1.1394996e-008  1.6111326e-008  9.2919063e-009  2.0128971e-008  1.8262059e-008  1.7967997e-008  1.9358808e-008  2.4310282e-008  1.7983221e-008  2.2145783e-008  2.1774900e-008  1.9227164e-008  2.7981160e-008  2.3001603e-008  1.9671052e-008  1.6893468e-008  1.5976149e-008  1.3706936e-008  8.7050054e-009  1.1325462e-008             NaN
  2.5000000e+002  2.9766004e-009  3.2187812e-009  4.4145966e-009  4.5013559e-009  4.6086992e-009  5.2647473e-009  6.3293244e-009  7.9746260e-009  9.6960142e-009  5.4518198e-009  5.5225309e-009  6.6879296e-009  9.3731098e-009  1.0493807e-008  9.5451130e-009  1.0270203e-008  1.1545217e-008  1.1457297e-008  2.1588673e-008  1.8474568e-008  1.2241123e-008  1.7266980e-008  2.3832473e-008  2.1513814e-008  1.3910301e-008  2.8419418e-008  2.7666675e-008  2.3925943e-008  1.7342163e-008  1.3335719e-008  1.1779415e-008  9.9769178e-009  8.1414472e-009  9.1236834e-009  1.0105200e-008             NaN
  2.0000000e+002  1.9017937e-009  2.6821986e-009  4.0546557e-009  4.0320208e-009  3.7293121e-009  4.0793823e-009  5.4382291e-009  5.4018628e-009  6.7930916e-009  8.6153953e-009  1.0059648e-008  9.7042852e-009  1.0440929e-008  1.4455295e-008  1.0419451e-008  1.4390544e-008  1.4766773e-008  1.9125167e-008  2.6309965e-008  2.0495868e-008  1.2750386e-008  1.0206683e-008  1.5413785e-008  1.9945465e-008  2.1043945e-008  2.0824619e-008  1.3410304e-008  1.0350102e-008  8.3566629e-009  6.0326093e-009  5.3463792e-009  7.2025263e-009  5.9616250e-009  6.5668185e-009  5.5806258e-009             NaN
  1.7000000e+002             NaN  2.3550293e-009  3.1801016e-009  3.1968779e-009  3.0401891e-009  3.3057244e-009  3.6360373e-009  4.5195346e-009  5.0598832e-009  6.8861163e-009  7.3735764e-009  9.3894345e-009  7.5747664e-009  9.7715844e-009  1.5390810e-008  1.5395631e-008  1.0583215e-008  2.4454473e-008  2.3867819e-008  1.9388577e-008  1.5661740e-008  1.6238590e-008  1.3418228e-008  1.4368214e-008  1.0934602e-008  1.1475746e-008  5.4339224e-009  4.9113976e-009  4.2001822e-009  3.4649386e-009  4.0721226e-009  3.8968335e-009  4.3730518e-009  3.7698717e-009  3.4108129e-009             NaN
  1.5000000e+002  3.4552392e-009  2.4986247e-009  2.8742272e-009  2.6918940e-009  2.5330997e-009  3.0342421e-009  3.4851028e-009  3.9079409e-009  4.7338018e-009  4.8242815e-009  6.2692191e-009  1.2487134e-008  1.5314561e-008  9.5925217e-009  1.1011700e-008  1.3225613e-008  1.7888148e-008  6.1458871e-009             NaN  2.0307999e-008  1.3921049e-008  1.6358750e-008  7.2803723e-009  8.8726843e-009  1.0293572e-008  6.8191160e-009  4.5224618e-009  4.5105248e-009  3.5668183e-009  3.0224677e-009  2.9792842e-009  3.1054307e-009  3.5917021e-009  2.9366936e-009  3.2339838e-009             NaN
  1.3000000e+002  1.8226925e-009  2.3529617e-009  2.0189588e-009  2.2699785e-009  2.3663276e-009  2.5877837e-009  3.3946490e-009  4.8898800e-009  5.2287565e-009  5.0461872e-009  6.3326366e-009  1.7489182e-008  8.4986383e-009  8.7056722e-009  5.7491383e-009  8.8019095e-009  2.2094547e-008  5.0150337e-009  1.2173354e-008  1.2015641e-008  7.7028600e-009  1.3484184e-008  1.2666450e-008  9.1196455e-009  7.6201769e-009  6.4445602e-009  4.6034173e-009  3.7746907e-009  3.3136665e-009  3.3107863e-009  2.7362922e-009  2.7889974e-009  3.1733806e-009  2.3714137e-009  2.4626798e-009  2.6890977e-009
  1.1500000e+002  1.3925373e-009  2.3117246e-009  1.8801916e-009  2.1066336e-009  2.2922123e-009  2.2374229e-009  2.9478394e-009  3.1285191e-009  3.9654165e-009  5.8146943e-009  7.1478089e-009  6.5245504e-009  6.8720271e-009  8.7723684e-009  1.0599449e-008  8.9396514e-009  9.2297021e-009  1.7906403e-009  1.1797469e-008  4.1116817e-009  9.6266897e-009  1.5792031e-008  1.2005110e-008  1.0159514e-008  6.7557259e-009  5.2922491e-009  4.2046866e-009  2.8945857e-009  3.0656043e-009  2.7263781e-009  2.7919921e-009  2.3063377e-009  2.5636371e-009  2.3677862e-009  2.2781149e-009  1.2281600e-009
  1.0000000e+002  1.1455821e-009  8.8711579e-010  8.4289488e-010  7.6472240e-010  8.2089836e-010  1.3519583e-009  1.6367405e-009  2.0280342e-009  2.0106535e-009  3.7696701e-009  8.3033472e-009  7.3622874e-009  1.0929836e-008  1.1668595e-008  1.4345202e-008  8.3870132e-009  1.3201046e-008  6.0993780e-009  8.3520806e-009  7.6167581e-009  1.1020734e-008  7.9720650e-009  1.3110044e-008  8.5495012e-009  5.9773052e-009  5.3713842e-009  4.0689642e-009  4.0164744e-009  2.6149660e-009  2.7191867e-009  2.1085592e-009  2.2263697e-009  1.4218893e-009  1.3914144e-009  1.6246099e-009  1.2414587e-009
  9.0000000e+001  3.5183427e-010  6.9000499e-010  7.6002279e-010  5.3729502e-010  6.0068340e-010  9.5834807e-010  1.0553873e-009  1.6206290e-009  2.0944290e-009  2.5565632e-009  5.2686392e-009  6.7628258e-009  9.6227348e-009  5.8467345e-009  6.3667289e-009  9.2152751e-009  4.4502086e-009  4.7710342e-009  4.8206650e-009  5.6840711e-009  9.6139975e-009  1.2158624e-008  1.4830987e-008  7.2833447e-009  8.1129004e-009  3.5588201e-009  3.4605273e-009  3.5286823e-009  3.6782003e-009  1.7185701e-009  1.8645418e-009  1.3443977e-009  1.2484422e-009  8.5940734e-010  7.7971063e-010             NaN
  8.0000000e+001  7.7141009e-010  7.3399737e-010  6.8772075e-010  5.6399606e-010  5.8053383e-010  6.7463727e-010  8.2295130e-010  7.9478251e-010  1.4701344e-009  2.4672316e-009  1.5770552e-009  4.7378397e-009  7.5693496e-009  6.6780408e-009  8.8118140e-009  3.4683671e-009  5.8620073e-009  2.0751922e-009  7.4557159e-009  4.8716235e-009  5.6005868e-009  1.0310472e-008  1.0106946e-008  8.3672791e-009  7.1394174e-009  4.6947889e-009  2.6310971e-009  2.1159020e-009  1.9024867e-009  1.5326776e-009  1.0473326e-009  1.2024622e-009  1.0468911e-009  1.0329037e-009  9.5350812e-010  8.6900681e-010
  7.0000000e+001  6.7473579e-010  1.0949265e-009  1.0208032e-009  8.3568844e-010  6.2835195e-010  6.1985772e-010  6.8695667e-010  8.8451684e-010  8.2388813e-010  1.5289122e-009  2.0035219e-009  3.0616845e-009  4.6212000e-009  5.3277081e-009  4.5015435e-009  6.3536233e-009  5.2176957e-009  5.2547928e-009  5.3713974e-009  5.4224981e-009  6.7625784e-009  4.7943913e-009  6.4861732e-009  5.1726252e-009  3.3472785e-009  2.9068346e-009  2.0335459e-009  1.6665621e-009  1.5918217e-009  1.2347231e-009  8.9199633e-010  9.6969346e-010  1.0621615e-009  1.2780590e-009  1.1534895e-009  1.4131570e-009
  5.0000000e+001  1.3971103e-009  1.5433853e-009  1.3657504e-009  1.2124632e-009  9.2558031e-010  8.6937473e-010  7.9607709e-010  1.0531012e-009  1.0316348e-009  9.4790932e-010  8.7322713e-010  1.0467013e-009  1.0802574e-009  1.4950577e-009  2.2707401e-009  2.5410899e-009  3.0174048e-009  3.2751541e-009  3.3548187e-009  3.1627638e-009  2.5236673e-009  2.6806072e-009  1.9543307e-009  1.6805802e-009  9.7008958e-010  1.0688247e-009  8.1407350e-010  7.0635834e-010  6.9717700e-010  8.3839468e-010  9.0192908e-010  1.0058557e-009  1.3746926e-009  2.3310921e-009  2.7321594e-009  3.0904168e-009
  3.0000000e+001  1.0272015e-009  8.4818458e-010  7.9541579e-010  7.1579634e-010  8.6741136e-010  9.6878420e-010  1.0563592e-009  1.1391237e-009  1.1217591e-009  9.9771533e-010  9.8908278e-010  8.2121150e-010  1.1226118e-009  1.3174047e-009  9.4060017e-010  1.1864786e-009  1.1055782e-009  1.1699213e-009  1.3804999e-009  8.9571483e-010  1.0345088e-009  1.0062777e-009  1.2292392e-009  1.2551112e-009  1.1800786e-009  1.2784763e-009  1.3521671e-009  1.6174032e-009  1.8520995e-009  1.8287096e-009  2.1463433e-009  3.4589090e-009  3.9077280e-009  6.0982987e-009  8.5892626e-009  1.0171449e-008
  2.0000000e+001  7.4092996e-010  8.3947769e-010  7.8228883e-010  1.0214685e-009  9.7057047e-010  1.1914651e-009  1.2596201e-009  1.2273532e-009  1.1822747e-009  9.4648530e-010  1.0167640e-009  1.1520961e-009  1.8639580e-009  1.2918770e-009  1.5240259e-009  1.4730888e-009  1.9322090e-009  1.4733819e-009  2.4415807e-009  1.4185058e-009  1.6960274e-009  1.7393995e-009  1.1746697e-009  2.0523528e-009  1.9905899e-009  1.8676373e-009  2.1050794e-009  2.2303511e-009  2.3950687e-009  2.2915602e-009  3.3565396e-009  9.0713239e-009  1.2983104e-008  2.9296293e-008  2.8248425e-008  3.2044927e-008
  1.5000000e+001  5.1407606e-010  7.1513879e-010  1.2762193e-009  1.3331954e-009  1.3858094e-009  1.4816855e-009  1.5112518e-009  1.7335446e-009  1.5802205e-009  1.3594901e-009  1.0551947e-009  1.4173567e-009  1.4059935e-009  1.4220538e-009  1.8227280e-009  1.7749424e-009  1.6365937e-009  1.5228574e-009  1.9761773e-009  1.6491245e-009  1.1158382e-009  1.3579240e-009  1.8077509e-009  2.5923155e-009  3.0882798e-009  2.1418849e-009  2.4886221e-009  2.9924741e-009  2.3821641e-009  2.3206497e-009  7.0234068e-009  1.0869367e-008  2.8270850e-008  3.6143117e-008  4.3964260e-008  5.0924468e-008
  1.0000000e+001  8.5513719e-010  8.3076946e-010  1.8176236e-009  1.8978624e-009  1.8414864e-009  1.7977125e-009  1.8388748e-009  1.8213670e-009  1.3651225e-009  1.4602538e-009  1.2778880e-009  1.5026325e-009  1.5262089e-009  1.2111222e-009  1.5670415e-009  1.8835846e-009  1.3963040e-009  1.2850107e-009  1.9065549e-009  1.5691510e-009  1.7720841e-009  1.8318034e-009  3.0055851e-009  2.9627813e-009  3.1780150e-009  2.6165277e-009  2.6759585e-009  3.1489588e-009  3.6152763e-009  5.4485458e-009  8.8630387e-009  1.0526364e-008  2.2659713e-008  4.1607759e-008  4.1912706e-008  5.3134225e-008
  7.0000000e+000  9.9711057e-010  1.2779381e-009  2.5821980e-009  2.3529182e-009  2.5171212e-009  2.7144018e-009  2.1986190e-009  2.0348734e-009  1.6949661e-009  2.0407466e-009  1.9783522e-009  2.3825785e-009  1.2320922e-009  2.7370801e-009  1.8356761e-009  1.3652554e-009  1.9360931e-009  1.8270949e-009  1.5088689e-009  2.3895561e-009  1.8126809e-009  2.0386628e-009  3.6662178e-009  3.4909338e-009  2.8608822e-009  3.7048304e-009  3.8673115e-009  3.7665540e-009  3.6095853e-009  3.3550729e-009  7.4571641e-009  1.2431052e-008  2.2316870e-008  3.0635414e-008  4.3022901e-008  4.3311626e-008
  5.0000000e+000  1.3554259e-009  1.3956578e-009  2.2324749e-009  2.7537166e-009  2.8953370e-009  3.8469011e-009  3.2584696e-009  2.3926384e-009  2.4360694e-009  2.3276989e-009  2.9422590e-009  2.5089791e-009  2.6491889e-009  2.1964167e-009  2.1140659e-009  1.7832446e-009  1.7330198e-009  2.5253531e-009  2.0290875e-009  1.6074694e-009  2.1941710e-009  2.4662922e-009  2.8315835e-009  2.5848217e-009  2.6104562e-009  2.9859523e-009  3.8717403e-009  3.9574093e-009  3.9142933e-009  3.1724051e-009  4.1426016e-009  1.4872132e-008  2.1663606e-008  3.0142779e-008  3.9707099e-008  5.1666581e-008
  3.0000000e+000  1.2516445e-009  1.7951023e-009  1.4815654e-009  3.3267459e-009  3.5944833e-009  4.6892329e-009  2.5128600e-009  3.6819234e-009  2.8563316e-009  1.6912209e-009  2.9450895e-009  3.2820623e-009  2.5305638e-009  3.5593234e-009  2.3869144e-009  3.1279742e-009  3.4240813e-009  3.4573159e-009  2.8016938e-009  3.0447407e-009  2.3952442e-009  3.4019930e-009  2.5932273e-009  3.3807817e-009  3.9074122e-009  5.0644680e-009  5.0291916e-009  5.8832088e-009  6.3932802e-009  5.6062543e-009  6.5758326e-009  8.4770688e-009  2.2207164e-008  3.7271586e-008  3.9113617e-008  6.4951736e-008
  2.0000000e+000  1.1118418e-009  5.1904723e-009  1.0497286e-008  1.2680946e-008  1.3045675e-008  1.0067664e-008  1.1094405e-008  6.1873809e-009  3.5868026e-009  1.7183077e-009  1.3578361e-008  3.8262694e-009  3.7132385e-009  3.9834722e-009  5.2034327e-009  3.9026458e-009  5.8841681e-009  3.3936932e-009  5.6919981e-009  4.4751997e-009  5.3303244e-009  4.4130977e-009  5.2759150e-009  4.3472280e-009  4.9015486e-009  5.9545838e-009  5.1888307e-009  6.8397319e-009  7.3148289e-009  9.8546197e-009  4.9838600e-009  8.3366691e-009  1.9977533e-008  1.9619290e-008  3.7513430e-008  2.8436538e-008
  1.5000000e+000  4.3763703e-009  2.0093569e-008  3.3328575e-008  2.8197022e-008  4.2981626e-008  4.3721438e-008  3.7661628e-008  9.8036800e-009  1.6061713e-008  1.9343649e-009  4.4524829e-009  3.2962563e-008  4.9457753e-009  5.2002225e-009  4.4840329e-009  3.6407657e-009  4.4040136e-009  3.4801617e-009  4.8271196e-009  4.4198779e-009  4.3081308e-009  3.9332799e-009  4.6178866e-009  4.9452390e-009  3.9855929e-009  4.5073316e-009  7.4024482e-009  9.2121635e-009  9.4910547e-009  1.4288627e-008  1.7137386e-008  1.2225654e-008  2.1849085e-008  2.0482915e-008  3.5594440e-008  3.6759671e-008
  1.0000000e+000  2.6584687e-008  1.7871860e-008  4.5582452e-008  7.9632283e-008  9.5124749e-008  9.6065270e-008  7.8778769e-008  6.9325856e-008  2.2967350e-008  9.3475509e-008  3.6346647e-008  1.5738268e-008  3.4138610e-008  4.6781855e-009  6.3631084e-009  7.9248961e-009  3.8456911e-009  3.3632699e-009  4.6567508e-009  3.4736993e-009  3.4856423e-009  4.4070513e-009  5.5637010e-009  4.3660051e-009  4.6010484e-009  4.8978821e-009  8.6150892e-009  1.1866195e-008  1.5828712e-008  1.4368988e-008  5.0044021e-008  4.5326559e-008  6.4454322e-008  5.1919263e-008  1.4843138e-007  1.1126751e-007
  7.0000000e-001  1.2507989e-008  8.2949493e-008  1.0359183e-007  1.3968297e-007  1.7787852e-007  1.4190731e-007  1.4541961e-007  1.5552204e-007  8.5614552e-008  6.5095414e-008  8.9975092e-008  6.7025664e-008  3.8763161e-009  4.4192516e-009  7.0512564e-009  5.5698641e-009  4.9553110e-009  5.9077781e-009  4.0692182e-009  3.8315596e-009  3.5831879e-009  4.2801966e-009  5.1959802e-009  5.2299911e-009  8.5137109e-009  1.2371175e-008  8.2568914e-009  1.3815017e-008  2.3076173e-008  4.6154164e-008  6.8867106e-008  1.2903867e-007  1.8633529e-007  3.7423173e-007  3.5751885e-007  5.5279566e-007
  5.0000000e-001  3.3425434e-008  9.3634573e-008  1.5058790e-007  1.8449576e-007  1.9434252e-007  2.3381821e-007  3.1557842e-007  2.7718648e-007  2.0070872e-007  2.0452397e-007  1.6601196e-007  1.3783246e-007  2.2519344e-008  2.0508810e-007  6.4302957e-009  6.9379405e-009  8.3995835e-009  5.5635109e-009  4.0076702e-009  4.7140157e-009  4.7884963e-009  8.7603142e-009  7.0248726e-009  1.0045276e-008  1.6053986e-008  2.5182302e-008  2.8413140e-008  4.0105003e-008  3.9680613e-008  5.8614185e-008  1.1356496e-007  1.4094637e-007  1.6488000e-007  6.3300984e-007  1.1736284e-006  7.9247650e-007
  3.0000000e-001  8.8155332e-008  6.1059703e-008  2.1380755e-007  2.3954035e-007  3.2230607e-007  3.6685177e-007  3.9225051e-007  4.2169123e-007  4.5422846e-007  3.5853186e-007  3.1361884e-007  2.5100938e-007  2.6818364e-007  2.0687909e-007  9.7169412e-009  8.4546815e-009  8.0273402e-009  7.1273517e-009  1.0956473e-008  1.0068991e-008  8.2911982e-009  9.7715625e-009  1.7258820e-008  4.2325181e-008  6.1739220e-008  7.6829122e-008  7.3552203e-008  7.7832982e-008  8.6364145e-008  1.4681183e-007  2.6877535e-007  2.5245494e-007  4.2701244e-007  1.1711179e-006  1.2560401e-006  1.8443279e-006
  2.0000000e-001             NaN  3.2401888e-007  2.2412810e-007  2.3068832e-007  3.6592087e-007  3.8607189e-007  3.9004688e-007  4.5409623e-007  5.4631817e-007  4.4511568e-007  5.7156789e-007  4.3589216e-007  3.2597196e-007  1.9818076e-007  3.8466915e-007  1.3855820e-008  1.3259348e-008  1.1404309e-008  1.5325521e-008  1.0627362e-008  1.3342500e-008  2.2101415e-008  4.9169443e-008  1.1725653e-007  1.2527036e-007  1.7287222e-007  1.4235217e-007  1.3792262e-007  1.8548478e-007  2.0295579e-007  2.6707357e-007  4.7236020e-007  7.3534837e-007  1.0480122e-006  1.4440280e-006  1.3466550e-006
  1.5000000e-001             NaN             NaN  1.6604681e-007  7.6940961e-007  1.2341722e-007  5.1866366e-007  5.6274160e-007  6.1280175e-007  8.5484311e-007  7.4690913e-007  5.8179807e-007  5.9567935e-007  4.1094930e-007  3.4452237e-007  2.4857578e-007  1.5176417e-008  2.8877932e-008  1.7418155e-008  2.8161965e-008  2.2082849e-008  2.4183332e-008  4.6372980e-008  1.2357862e-007  2.6933633e-007  2.0253879e-007  1.6733769e-007  2.7601341e-007  3.9734082e-007  4.0825702e-007  4.0433441e-007  5.2817756e-007  6.4325949e-007  7.6985207e-007  1.3288403e-006  1.4026950e-006  1.2641691e-006
  1.0000000e-001             NaN  3.7780625e-009  1.7607651e-007  4.8419007e-007  8.1287031e-007  7.6036546e-007  9.0767775e-007  8.3471056e-007  8.3167757e-007  9.6456749e-007  8.6837582e-007  8.4144526e-007  7.6045367e-007  1.1141479e-006  2.6013938e-007  4.0433587e-008  3.0581240e-008  3.1866127e-008  5.7291930e-008  4.6203727e-008  1.2926241e-007  3.9028283e-008  1.5487300e-007  2.8492434e-007  3.9752935e-007  5.6911205e-007  5.6872084e-007  5.6716039e-007  5.9916112e-007  5.2403025e-007  7.6305463e-007  6.9774981e-007  9.6284352e-007  9.6307592e-007  1.1300895e-006  1.3682100e-006
             NaN -8.7500000e+001 -8.2500000e+001 -7.7500000e+001 -7.2500000e+001 -6.7500000e+001 -6.2500000e+001 -5.7500000e+001 -5.2500000e+001 -4.7500000e+001 -4.2500000e+001 -3.7500000e+001 -3.2500000e+001 -2.7500000e+001 -2.2500000e+001 -1.7500000e+001 -1.2500000e+001 -7.5000000e+000 -2.5000000e+000  2.5000000e+000  7.5000000e+000  1.2500000e+001  1.7500000e+001  2.2500000e+001  2.7500000e+001  3.2500000e+001  3.7500000e+001  4.2500000e+001  4.7500000e+001  5.2500000e+001  5.7500000e+001  6.2500000e+001  6.7500000e+001  7.2500000e+001  7.7500000e+001  8.2500000e+001  8.7500000e+001
  1.0000000e+003             NaN             NaN             NaN             NaN             NaN             NaN             NaN             NaN             NaN             NaN             NaN             NaN             NaN             NaN             NaN             NaN             NaN             NaN             NaN             NaN             NaN             NaN             NaN             NaN             NaN             NaN             NaN             NaN             NaN             NaN             NaN             NaN             NaN             NaN             NaN             NaN
  8.5000000e+002             NaN             NaN             NaN             NaN             NaN             NaN             NaN             NaN             NaN             NaN             NaN             NaN             NaN             NaN             NaN             NaN             NaN             NaN             NaN             NaN             NaN             NaN             NaN             NaN             NaN             NaN             NaN             NaN             NaN             NaN             NaN             NaN             NaN             NaN             NaN             NaN
  7.0000000e+002             NaN             NaN             NaN             NaN             NaN             NaN             NaN             NaN             NaN             NaN             NaN             NaN             NaN             NaN             NaN             NaN             NaN             NaN             NaN             NaN             NaN             NaN             NaN             NaN             NaN             NaN             NaN             NaN             NaN             NaN             NaN             NaN             NaN             NaN             NaN             NaN
  5.0000000e+002             NaN             NaN             NaN             NaN             NaN             NaN             NaN             NaN             NaN             NaN             NaN  4.6600000e-009  4.9700000e-009  7.2550000e-009  4.9200000e-009  7.2900000e-009  8.2550000e-009             NaN  1.1850000e-008  9.7800000e-009  8.6550000e-009  9.7000000e-009  1.4700000e-008  1.0100000e-008  1.1300000e-008             NaN             NaN             NaN             NaN             NaN             NaN             NaN             NaN             NaN             NaN             NaN
  4.0000000e+002             NaN             NaN             NaN             NaN             NaN             NaN             NaN             NaN             NaN  3.0200000e-009  4.3150000e-009  3.4600000e-009  4.0400000e-009  3.9900000e-009  3.9700000e-009  4.5800000e-009  5.7200000e-009  9.2250000e-009  5.5000000e-009  6.0100000e-009  7.0150000e-009  7.5300000e-009  7.3700000e-009  7.0200000e-009  5.7700000e-009  5.6500000e-009             NaN             NaN             NaN             NaN             NaN             NaN             NaN             NaN             NaN             NaN
  3.0000000e+002             NaN             NaN  1.3500000e-009  2.3400000e-009  1.6100000e-009  1.5400000e-009  2.1500000e-009  2.7300000e-009  3.2950000e-009  2.6600000e-009  2.3950000e-009  3.0250000e-009  3.2400000e-009  2.6050000e-009  3.3200000e-009  3.1550000e-009  4.3950000e-009  6.0400000e-009  4.2050000e-009  5.3800000e-009  5.9250000e-009  4.9500000e-009  4.5000000e-009  4.8300000e-009  5.9800000e-009  6.7800000e-009  4.8200000e-009  4.0200000e-009  2.9000000e-009  2.0200000e-009  2.1700000e-009  1.8900000e-009  1.9850000e-009  2.6900000e-009  2.3400000e-009             NaN
  2.5000000e+002  1.4350000e-009  1.5300000e-009  1.6700000e-009  1.6350000e-009  1.5000000e-009  1.6300000e-009  1.5250000e-009  1.6450000e-009  1.7000000e-009  1.8700000e-009  1.7400000e-009  1.9900000e-009  2.1800000e-009  2.2700000e-009  2.4600000e-009  2.3000000e-009  2.8700000e-009  4.1150000e-009  4.3350000e-009  4.7750000e-009  4.4900000e-009  5.1700000e-009  4.4000000e-009  3.2900000e-009  3.5850000e-009  2.8800000e-009  2.0850000e-009  1.8700000e-009  1.8550000e-009  1.7700000e-009  1.8000000e-009  1.7700000e-009  1.7700000e-009  1.6650000e-009  1.8250000e-009             NaN
  2.0000000e+002  1.1800000e-009  1.3900000e-009  1.3350000e-009  1.3600000e-009  1.3050000e-009  1.3600000e-009  1.4500000e-009  1.3900000e-009  1.3900000e-009  1.7900000e-009  1.8900000e-009  1.8400000e-009  2.0800000e-009  2.0650000e-009  2.6600000e-009  3.0900000e-009  2.4000000e-009  3.5700000e-009  3.9300000e-009  4.4000000e-009  3.9750000e-009  4.2750000e-009  3.4600000e-009  2.9250000e-009  2.2900000e-009  2.1200000e-009  1.5000000e-009  1.3900000e-009  1.4300000e-009  1.3850000e-009  1.3600000e-009  1.4500000e-009  1.5450000e-009  1.4700000e-009  1.8000000e-009             NaN
  1.7000000e+002             NaN  1.4850000e-009  1.2550000e-009  1.2350000e-009  1.2700000e-009  1.2550000e-009  1.2900000e-009  1.2400000e-009  1.2750000e-009  1.4100000e-009  1.4800000e-009  1.7900000e-009  1.7550000e-009  2.0350000e-009  2.3400000e-009  2.7800000e-009  2.5800000e-009  3.6100000e-009  3.9800000e-009  3.7100000e-009  4.2200000e-009  3.4250000e-009  2.5100000e-009  2.1500000e-009  2.2150000e-009  1.5400000e-009  1.2850000e-009  1.3600000e-009  1.2700000e-009  1.3000000e-009  1.3200000e-009  1.3200000e-009  1.3600000e-009  1.3600000e-009  1.3000000e-009             NaN
  1.5000000e+002  1.4250000e-009  1.1800000e-009  1.2800000e-009  1.2700000e-009  1.1900000e-009  1.2600000e-009  1.2100000e-009  1.2450000e-009  1.2500000e-009  1.2500000e-009  1.5000000e-009  1.3400000e-009  1.6300000e-009  1.9500000e-009  1.9800000e-009  2.2000000e-009  2.1200000e-009  2.7600000e-009             NaN  2.8300000e-009  2.2700000e-009  2.2300000e-009  1.8700000e-009  1.4800000e-009  1.5100000e-009  1.1600000e-009  1.0700000e-009  1.1200000e-009  1.0500000e-009  1.1200000e-009  1.0700000e-009  1.1300000e-009  1.1900000e-009  1.2500000e-009  1.3300000e-009             NaN
  1.3000000e+002  1.5700000e-009  1.0900000e-009  1.0450000e-009  1.0400000e-009  1.0300000e-009  1.0400000e-009  9.9300000e-010  1.0250000e-009  1.0400000e-009  1.1000000e-009  9.1850000e-010  9.3600000e-010  1.2650000e-009  8.5800000e-010  5.7400000e-010  6.5200000e-010  1.0335000e-009  1.6890000e-009  1.3100000e-009  8.1650000e-010  7.0750000e-010  9.0100000e-010  1.2550000e-009  1.3300000e-009  1.1400000e-009  1.1300000e-009  1.0000000e-009  1.0100000e-009  1.0200000e-009  9.9500000e-010  1.0100000e-009  1.0200000e-009  1.0800000e-009  1.0900000e-009  1.0100000e-009  1.2250000e-009
  1.1500000e+002  9.7550000e-010  1.0900000e-009  9.9900000e-010  1.0200000e-009  1.0800000e-009  9.8450000e-010  1.0000000e-009  9.5600000e-010  9.3500000e-010  8.0050000e-010  3.7450000e-010  2.8850000e-010  4.3550000e-010  3.7250000e-010  3.9200000e-010  6.0450000e-010  5.4600000e-010  1.0755000e-009  7.3150000e-010  5.5550000e-010  5.1400000e-010  4.5200000e-010  3.9000000e-010  3.2700000e-010  2.8300000e-010  2.2550000e-010  2.5250000e-010  2.2100000e-010  3.0300000e-010  8.4400000e-010  8.4200000e-010  9.0250000e-010  1.0400000e-009  1.0600000e-009  1.0850000e-009  9.5600000e-010
  1.0000000e+002  5.6050000e-010  2.3600000e-010  2.2450000e-010  2.0250000e-010  1.8800000e-010  1.8250000e-010  1.8900000e-010  1.8400000e-010  1.8200000e-010  1.9000000e-010  2.8000000e-010  1.8300000e-010  2.7700000e-010  3.2400000e-010  4.6600000e-010  6.0600000e-010  6.0400000e-010  5.3100000e-010  6.3600000e-010  5.5400000e-010  4.1900000e-010  3.3400000e-010  3.4500000e-010  2.4600000e-010  2.0850000e-010  2.0650000e-010  1.9550000e-010  1.9900000e-010  1.8700000e-010  1.8950000e-010  1.8350000e-010  1.8950000e-010  1.9400000e-010  2.1000000e-010  1.9150000e-010  2.0700000e-010
  9.0000000e+001  2.1700000e-010  2.1900000e-010  1.9900000e-010  1.9750000e-010  1.9450000e-010  1.8000000e-010  1.7550000e-010  1.8000000e-010  1.8350000e-010  1.7900000e-010  1.8050000e-010  2.0100000e-010  2.3500000e-010  3.5700000e-010  3.8100000e-010  4.8400000e-010  5.1750000e-010  4.3500000e-010  4.1600000e-010  4.3400000e-010  3.3000000e-010  3.2200000e-010  2.9650000e-010  2.2600000e-010  1.9300000e-010  1.8300000e-010  1.8600000e-010  1.9250000e-010  1.8000000e-010  1.7800000e-010  1.7850000e-010  1.8200000e-010  1.8850000e-010  1.9100000e-010  1.7800000e-010             NaN
  8.0000000e+001  2.0300000e-010  2.0350000e-010  1.9550000e-010  1.9600000e-010  1.8700000e-010  1.8300000e-010  1.8000000e-010  1.7450000e-010  1.8100000e-010  1.7800000e-010  1.7500000e-010  1.8350000e-010  2.5700000e-010  2.3500000e-010  2.9100000e-010  5.3300000e-010  6.0750000e-010  4.6050000e-010  3.8450000e-010  3.6700000e-010  3.0600000e-010  2.7000000e-010  2.1700000e-010  1.9200000e-010  1.8150000e-010  1.7400000e-010  1.7350000e-010  1.7300000e-010  1.6950000e-010  1.7400000e-010  1.6600000e-010  1.7750000e-010  1.7600000e-010  1.8500000e-010  1.9200000e-010  1.9950000e-010
  7.0000000e+001  1.9500000e-010  2.0000000e-010  1.9800000e-010  1.9300000e-010  1.8400000e-010  1.7900000e-010  1.7450000e-010  1.7400000e-010  1.7100000e-010  1.7900000e-010  1.8800000e-010  2.1700000e-010  2.8800000e-010  2.8600000e-010  3.3800000e-010  4.0300000e-010  3.1800000e-010  3.8700000e-010  3.7800000e-010  3.2000000e-010  3.2600000e-010  2.4500000e-010  2.2100000e-010  1.9900000e-010  1.8200000e-010  1.7700000e-010  1.7300000e-010  1.7400000e-010  1.7100000e-010  1.6950000e-010  1.6900000e-010  1.7200000e-010  1.8350000e-010  1.9100000e-010  1.9300000e-010  1.9900000e-010
  5.0000000e+001  2.7100000e-010  2.5750000e-010  2.4550000e-010  2.3100000e-010  2.1600000e-010  2.1100000e-010  2.0600000e-010  2.1500000e-010  2.1250000e-010  2.1600000e-010  2.1850000e-010  2.6650000e-010  3.0300000e-010  3.9100000e-010  3.5250000e-010  3.4000000e-010  3.3300000e-010  3.4050000e-010  3.2100000e-010  3.0150000e-010  2.6800000e-010  2.4700000e-010  2.4100000e-010  2.2600000e-010  2.2550000e-010  2.1500000e-010  2.0600000e-010  2.0000000e-010  2.0450000e-010  2.0900000e-010  2.1300000e-010  2.1200000e-010  2.1800000e-010  2.2700000e-010  2.4250000e-010  2.3900000e-010
  3.0000000e+001  3.1400000e-010  2.9200000e-010  2.8200000e-010  2.7000000e-010  2.5500000e-010  2.5300000e-010  2.5500000e-010  2.5800000e-010  2.5900000e-010  2.6500000e-010  2.9650000e-010  3.9600000e-010  5.0000000e-010  5.2100000e-010  5.1700000e-010  4.7600000e-010  4.1900000e-010  3.9300000e-010  3.8400000e-010  3.5000000e-010  3.2800000e-010  3.1400000e-010  2.9900000e-010  2.8600000e-010  2.9700000e-010  2.6800000e-010  2.6400000e-010  2.6150000e-010  2.6300000e-010  2.5500000e-010  2.5800000e-010  2.8300000e-010  2.8800000e-010  3.3000000e-010  3.5600000e-010  3.7100000e-010
  2.0000000e+001  2.6800000e-010  2.7000000e-010  2.8000000e-010  2.7000000e-010  2.6650000e-010  2.4150000e-010  2.3400000e-010  2.3500000e-010  2.4200000e-010  2.4800000e-010  2.6600000e-010  5.2200000e-010  5.8100000e-010  4.8600000e-010  5.5250000e-010  4.2500000e-010  3.9500000e-010  3.9350000e-010  3.8100000e-010  3.3250000e-010  3.3000000e-010  3.0800000e-010  2.9900000e-010  2.7600000e-010  2.6700000e-010  2.4400000e-010  2.4200000e-010  2.4700000e-010  2.3150000e-010  2.4300000e-010  2.4100000e-010  2.7100000e-010  3.1900000e-010  4.4500000e-010  5.4150000e-010  6.3250000e-010
  1.5000000e+001  2.7650000e-010  2.7150000e-010  2.5900000e-010  2.5200000e-010  2.5800000e-010  2.6500000e-010  2.5900000e-010  2.6400000e-010  2.5800000e-010  2.7700000e-010  2.8450000e-010  5.1800000e-010  5.7250000e-010  5.2100000e-010  5.0400000e-010  4.6050000e-010  4.3400000e-010  4.0600000e-010  3.9600000e-010  3.6850000e-010  3.5000000e-010  3.3400000e-010  3.2350000e-010  2.9800000e-010  2.9000000e-010  2.6500000e-010  2.6250000e-010  2.6400000e-010  2.4200000e-010  2.4300000e-010  2.4300000e-010  2.5050000e-010  3.9200000e-010  5.3150000e-010  6.0200000e-010  5.9950000e-010
  1.0000000e+001  2.7100000e-010  2.6600000e-010  2.6300000e-010  2.9800000e-010  3.1200000e-010  3.4200000e-010  3.4900000e-010  2.8900000e-010  3.2200000e-010  3.4200000e-010  3.5350000e-010  4.6250000e-010  6.3600000e-010  6.6900000e-010  6.0700000e-010  6.0150000e-010  5.8700000e-010  5.0300000e-010  5.1600000e-010  4.8200000e-010  4.5750000e-010  4.2650000e-010  4.2150000e-010  3.8200000e-010  3.5400000e-010  3.3700000e-010  3.2600000e-010  3.0050000e-010  3.0850000e-010  2.9600000e-010  3.0000000e-010  3.1350000e-010  4.9850000e-010  6.3400000e-010  6.4100000e-010  7.8300000e-010
  7.0000000e+000  3.7700000e-010  3.8500000e-010  4.5700000e-010  4.6350000e-010  5.1300000e-010  5.7400000e-010  5.4200000e-010  4.4000000e-010  4.3550000e-010  6.4500000e-010  5.1850000e-010  5.6000000e-010  9.1100000e-010  9.2450000e-010  8.4050000e-010  8.0500000e-010  8.1150000e-010  7.5250000e-010  7.1500000e-010  6.9600000e-010  6.5500000e-010  6.5700000e-010  6.0800000e-010  6.2850000e-010  5.4200000e-010  5.2000000e-010  4.8250000e-010  4.6000000e-010  4.2200000e-010  3.8900000e-010  4.1900000e-010  3.9300000e-010  6.5300000e-010  8.3800000e-010  8.7900000e-010  1.2400000e-009
  5.0000000e+000  4.8100000e-010  5.6200000e-010  6.0300000e-010  7.6900000e-010  9.7500000e-010  1.1000000e-009  9.5600000e-010  9.1750000e-010  6.1800000e-010  7.1100000e-010  1.0090000e-009  9.2900000e-010  1.2400000e-009  1.2100000e-009  1.0500000e-009  1.1200000e-009  1.0300000e-009  1.0600000e-009  9.1300000e-010  8.6400000e-010  8.4800000e-010  8.3300000e-010  8.6200000e-010  8.1200000e-010  7.9650000e-010  6.9050000e-010  6.9400000e-010  7.2000000e-010  6.1900000e-010  5.3300000e-010  4.9200000e-010  8.2400000e-010  1.0550000e-009  1.4600000e-009  1.5600000e-009  1.6700000e-009
  3.0000000e+000  1.0115000e-009  1.0300000e-009  1.0150000e-009  1.6100000e-009  1.9150000e-009  1.9600000e-009  1.4350000e-009  1.6900000e-009  7.2900000e-010  7.3600000e-010  1.1900000e-009  1.6100000e-009  1.8300000e-009  1.7800000e-009  1.5500000e-009  1.6850000e-009  1.6000000e-009  1.4900000e-009  1.2500000e-009  1.2500000e-009  1.2100000e-009  1.2600000e-009  1.2400000e-009  1.2200000e-009  1.1800000e-009  1.2200000e-009  1.2200000e-009  1.1600000e-009  1.2500000e-009  7.3300000e-010  6.6050000e-010  6.4950000e-010  1.5650000e-009  2.4600000e-009  2.0150000e-009  2.5900000e-009
  2.0000000e+000  1.5900000e-009  1.3000000e-009  1.5900000e-009  3.5100000e-009  4.2350000e-009  3.7300000e-009  3.6300000e-009  2.5400000e-009  9.1600000e-010  9.9500000e-010  1.1200000e-009  2.2650000e-009  2.5300000e-009  2.2400000e-009  2.3300000e-009  2.0750000e-009  2.1150000e-009  1.8950000e-009  1.5850000e-009  1.5900000e-009  1.6600000e-009  1.5800000e-009  1.6700000e-009  1.6000000e-009  1.6350000e-009  1.5850000e-009  1.6850000e-009  1.8550000e-009  1.7000000e-009  1.0000000e-009  9.3300000e-010  8.7550000e-010  8.7700000e-010  8.5750000e-010  3.1900000e-009  2.6830000e-009
  1.5000000e+000  2.5250000e-009  3.1850000e-009  3.3600000e-009  6.7700000e-009  7.4000000e-009  6.6500000e-009  7.1100000e-009  9.9400000e-010  1.1050000e-009  1.0650000e-009  1.4550000e-009  3.2400000e-009  2.9450000e-009  3.0300000e-009  2.8200000e-009  2.4100000e-009  2.4650000e-009  2.3350000e-009  1.9400000e-009  1.9300000e-009  1.9300000e-009  1.7300000e-009  1.9900000e-009  1.9300000e-009  2.0100000e-009  2.0600000e-009  2.3200000e-009  2.6150000e-009  2.8400000e-009  3.2850000e-009  1.2100000e-009  1.1300000e-009  1.2850000e-009  1.0100000e-009  6.6800000e-009  7.6300000e-009
  1.0000000e+000  5.2200000e-009  4.0600000e-009  3.5450000e-009  1.2100000e-008  1.2100000e-008  1.2250000e-008  1.1100000e-008  8.3600000e-009  2.0700000e-009  1.7900000e-009  4.1400000e-009  3.8000000e-009  4.0500000e-009  3.8700000e-009  3.3700000e-009  3.0600000e-009  3.1850000e-009  3.0600000e-009  2.5400000e-009  2.6450000e-009  2.4800000e-009  2.4850000e-009  2.4250000e-009  2.3900000e-009  2.6550000e-009  2.7550000e-009  3.8000000e-009  3.6700000e-009  4.5500000e-009  1.8950000e-009  4.1200000e-009  5.8400000e-009  1.9850000e-009  1.7500000e-009  9.9650000e-009  1.7950000e-009
  7.0000000e-001  5.8500000e-009  7.2950000e-009  9.9000000e-009  2.0750000e-008  2.1700000e-008  2.1050000e-008  1.9900000e-008  2.1500000e-008  6.9050000e-009  6.2900000e-009  7.8200000e-009  2.2100000e-009  4.8200000e-009  4.9100000e-009  4.4950000e-009  4.0150000e-009  4.4900000e-009  3.9400000e-009  3.3700000e-009  3.3500000e-009  3.1800000e-009  3.2450000e-009  3.5500000e-009  3.6950000e-009  3.7550000e-009  4.3500000e-009  3.1300000e-009  2.7950000e-009  5.2300000e-009  8.3000000e-009  2.4500000e-009  1.1200000e-008  4.1700000e-009  1.2900000e-008  1.8350000e-008  3.9100000e-008
  5.0000000e-001  9.8300000e-009  9.0600000e-009  9.2400000e-009  1.8450000e-008  2.5900000e-008  2.7700000e-008  3.2500000e-008  3.2800000e-008  2.3300000e-008  1.3600000e-008  6.9800000e-009  6.6250000e-009  4.1750000e-009  5.2400000e-009  6.3000000e-009  5.7300000e-009  5.7000000e-009  5.4400000e-009  4.7700000e-009  4.5900000e-009  4.3550000e-009  4.4600000e-009  4.9400000e-009  5.1550000e-009  5.9050000e-009  5.0500000e-009  5.0300000e-009  6.1300000e-009  8.3200000e-009  4.6400000e-009  5.2700000e-009  3.9150000e-009  2.2200000e-008  3.3900000e-008  5.4900000e-008  2.8000000e-008
  3.0000000e-001  1.2150000e-008  6.1500000e-009  8.1150000e-009  2.2000000e-008  3.1700000e-008  3.8500000e-008  4.0850000e-008  4.5600000e-008  4.6200000e-008  4.6800000e-008  2.6800000e-008  1.5300000e-008  1.1600000e-008  9.3700000e-009  8.7600000e-009  8.1450000e-009  8.7550000e-009  8.1050000e-009  6.6800000e-009  6.4900000e-009  6.4400000e-009  6.4000000e-009  6.9600000e-009  7.5800000e-009  9.3100000e-009  9.0900000e-009  8.1050000e-009  5.3700000e-009  9.2300000e-009  1.7700000e-008  2.0300000e-008  2.1300000e-008  3.7150000e-008  6.5900000e-008  8.9800000e-008  8.2900000e-008
  2.0000000e-001             NaN  4.0600000e-009  5.1850000e-009  8.2500000e-009  1.2300000e-008  2.1100000e-008  4.3500000e-008  4.5950000e-008  5.2500000e-008  3.7750000e-008  5.5450000e-008  2.4650000e-008  1.6150000e-008  1.4300000e-008  1.3650000e-008  1.3900000e-008  1.2600000e-008  1.3100000e-008  1.1450000e-008  1.0100000e-008  1.0200000e-008  1.0600000e-008  1.1100000e-008  1.0800000e-008  1.3900000e-008  2.2900000e-008  1.9100000e-008  9.2500000e-009  2.0200000e-008  1.0200000e-008  2.8000000e-008  4.5600000e-008  5.7100000e-008  7.0150000e-008  8.8400000e-008  7.0300000e-008
  1.5000000e-001             NaN             NaN  7.8400000e-009  7.8800000e-008  7.8650000e-009  1.4100000e-008  5.7400000e-008  6.7500000e-008  7.8300000e-008  7.5250000e-008  5.1800000e-008  5.0000000e-008  2.7200000e-008  2.3800000e-008  2.0850000e-008  1.9300000e-008  1.8100000e-008  1.9900000e-008  1.7400000e-008  1.5000000e-008  1.5000000e-008  1.5000000e-008  1.5900000e-008  1.8750000e-008  1.7700000e-008  1.6650000e-008  1.6950000e-008  2.6750000e-008  3.2100000e-008  3.3000000e-008  4.6400000e-008  4.5250000e-008  4.8600000e-008  8.8950000e-008  7.9900000e-008  1.0400000e-007
  1.0000000e-001             NaN  9.5350000e-009  1.1250000e-008  1.2400000e-008  9.6100000e-008  5.0600000e-008  9.4800000e-008  8.1100000e-008  8.2100000e-008  9.3600000e-008  7.5050000e-008  6.7700000e-008  5.9750000e-008  6.4450000e-008  3.1650000e-008  2.7800000e-008  3.1900000e-008  2.7650000e-008  2.5500000e-008  2.2600000e-008  2.3700000e-008  2.1100000e-008  2.3150000e-008  2.1300000e-008  3.5100000e-008  4.6900000e-008  5.2400000e-008  5.8700000e-008  4.6100000e-008  4.4950000e-008  6.4800000e-008  5.1300000e-008  6.4900000e-008  7.0600000e-008  1.0030000e-007  1.2100000e-007
