             NaN -8.7500000e+001 -8.2500000e+001 -7.7500000e+001 -7.2500000e+001 -6.7500000e+001 -6.2500000e+001 -5.7500000e+001 -5.2500000e+001 -4.7500000e+001 -4.2500000e+001 -3.7500000e+001 -3.2500000e+001 -2.7500000e+001 -2.2500000e+001 -1.7500000e+001 -1.2500000e+001 -7.5000000e+000 -2.5000000e+000  2.5000000e+000  7.5000000e+000  1.2500000e+001  1.7500000e+001  2.2500000e+001  2.7500000e+001  3.2500000e+001  3.7500000e+001  4.2500000e+001  4.7500000e+001  5.2500000e+001  5.7500000e+001  6.2500000e+001  6.7500000e+001  7.2500000e+001  7.7500000e+001  8.2500000e+001  8.7500000e+001
  1.0000000e+003             NaN             NaN             NaN             NaN             NaN             NaN             NaN             NaN             NaN             NaN             NaN             NaN             NaN             NaN             NaN             NaN             NaN             NaN             NaN             NaN             NaN             NaN             NaN             NaN             NaN             NaN             NaN             NaN             NaN             NaN             NaN             NaN             NaN             NaN             NaN             NaN
  8.5000000e+002             NaN             NaN             NaN             NaN             NaN             NaN             NaN             NaN             NaN             NaN             NaN             NaN             NaN             NaN             NaN             NaN             NaN             NaN             NaN             NaN             NaN             NaN             NaN             NaN             NaN             NaN             NaN             NaN             NaN             NaN             NaN             NaN             NaN             NaN             NaN             NaN
  7.0000000e+002             NaN             NaN             NaN             NaN             NaN             NaN             NaN             NaN             NaN             NaN             NaN             NaN             NaN             NaN             NaN             NaN             NaN             NaN             NaN             NaN             NaN             NaN             NaN             NaN             NaN             NaN             NaN             NaN             NaN             NaN             NaN             NaN             NaN             NaN             NaN             NaN
  5.0000000e+002             NaN             NaN             NaN             NaN             NaN             NaN             NaN             NaN             NaN  6.6188840e-008  6.2710969e-008  6.0094038e-008  7.0144828e-008  6.9442599e-008  6.9492796e-008  6.7768042e-008  7.6376865e-008  7.0742051e-008  7.8097375e-008  1.0150375e-007  1.0081901e-007  9.5085308e-008  1.0125443e-007             NaN             NaN             NaN             NaN             NaN             NaN             NaN             NaN             NaN             NaN             NaN             NaN             NaN
  4.0000000e+002             NaN             NaN             NaN             NaN             NaN             NaN             NaN             NaN  5.7136921e-008  6.4224383e-008  6.1160909e-008  6.4295657e-008  6.8665978e-008  7.3160388e-008  7.1096997e-008  6.7215091e-008  7.7990309e-008             NaN             NaN  1.0666965e-007  9.7338625e-008  1.0479027e-007  1.0136159e-007             NaN             NaN             NaN             NaN             NaN             NaN             NaN             NaN             NaN             NaN             NaN             NaN             NaN
  3.0000000e+002             NaN  3.0455638e-008  3.2571910e-008  3.0814332e-008  3.2768441e-008  3.3039649e-008  4.1810223e-008  4.5344358e-008  5.8745165e-008  5.7144935e-008  6.1804468e-008  6.4503549e-008  6.7001674e-008  7.2159183e-008  7.3951001e-008  7.5434642e-008  7.9456755e-008  8.0779796e-008  7.7090045e-008  1.0084609e-007  9.3703359e-008  1.0131158e-007  9.4185354e-008  1.0442755e-007             NaN  8.9147478e-008             NaN  7.6189336e-008  5.5717653e-008  6.0573890e-008  5.4277674e-008  5.2274604e-008  5.6926376e-008             NaN             NaN             NaN
  2.5000000e+002             NaN  2.2879965e-008  2.5746601e-008  2.6635390e-008  2.6014169e-008  2.7634457e-008  3.0496178e-008  3.7841684e-008  4.8928123e-008  5.5099254e-008  5.8838450e-008  6.3073977e-008  6.3421440e-008  6.8522407e-008  7.7187920e-008  7.4491765e-008  7.9804066e-008             NaN  6.1332226e-008  1.0046263e-007  8.9259377e-008  9.3414689e-008  8.7893274e-008  9.5258193e-008  7.6321149e-008  6.6804988e-008  5.7208625e-008  5.2723301e-008  4.7262583e-008  4.7347327e-008  4.5960109e-008  4.4001731e-008  4.4600571e-008  4.5475227e-008  5.1991032e-008             NaN
  2.0000000e+002             NaN  1.9478988e-008  2.0092686e-008  2.1551031e-008  2.2060522e-008  2.2522812e-008  2.4449238e-008  2.8593013e-008  3.4177752e-008  4.5774599e-008  5.0225484e-008  5.6948574e-008  5.8384732e-008  6.8473898e-008  7.2908661e-008  7.8645599e-008  7.7895756e-008             NaN             NaN  9.1649026e-008  8.6521157e-008  7.9227848e-008  8.6617342e-008  7.8025087e-008  6.6129303e-008  4.7064590e-008  3.9284647e-008  3.8863278e-008  3.4893766e-008  3.4995742e-008  3.6683981e-008  3.4060799e-008  3.5179419e-008  3.4290928e-008  3.5452761e-008             NaN
  1.7000000e+002             NaN             NaN  1.9713917e-008  1.9280584e-008  1.9573314e-008  2.1052437e-008  2.2805224e-008  2.4581579e-008  2.9063614e-008  3.4872726e-008  4.0528690e-008  5.2587530e-008  5.6920871e-008  7.0555314e-008  6.6609072e-008  7.0134278e-008  6.8136855e-008  8.1126656e-008             NaN  8.7054239e-008  8.3357947e-008  7.7578989e-008             NaN  6.6481777e-008  5.9269469e-008  4.1246748e-008  3.4991354e-008  3.0962965e-008  3.0626155e-008  2.9025837e-008  2.7105168e-008  2.7578414e-008  2.7359994e-008  2.6023782e-008  2.4128247e-008  2.5201123e-008
  1.5000000e+002             NaN  1.6878915e-008  1.5671354e-008  1.7173328e-008  1.9106360e-008  1.9099780e-008  2.1265406e-008  2.2803860e-008  2.4445487e-008  2.7323291e-008  3.7076355e-008  4.8676400e-008  5.4094382e-008  6.7791234e-008  6.9409056e-008  6.9561572e-008  8.1785497e-008             NaN             NaN  9.3321244e-008  7.8542847e-008  7.5154545e-008  6.3203126e-008  4.8096983e-008  5.0145949e-008  3.8921014e-008  3.3044095e-008  2.8260739e-008  2.6504661e-008  2.4192592e-008  2.4406093e-008  2.2883750e-008  2.1542847e-008  2.2405562e-008  2.2316831e-008             NaN
  1.3000000e+002             NaN  1.5276592e-008  1.5248347e-008  1.5269201e-008  1.6122678e-008  1.6941209e-008  1.9677472e-008  2.0364378e-008  2.3122364e-008  2.7888748e-008  3.1212819e-008  3.4888845e-008  4.2702395e-008  5.0475306e-008  5.5971076e-008  5.8254036e-008  6.3348759e-008             NaN             NaN  7.4404643e-008  6.5956441e-008  6.2210478e-008  4.6612892e-008  3.9559628e-008  3.7254059e-008  3.0347502e-008  2.6580870e-008  2.5759563e-008  2.3730836e-008  2.1784802e-008  2.0945942e-008  2.0418052e-008  1.9830641e-008  1.8226403e-008  1.7381267e-008  1.8256791e-008
  1.1500000e+002             NaN  1.5467857e-008  1.5252569e-008  1.4748533e-008  1.6413216e-008  1.7031099e-008  1.6811344e-008  1.7904581e-008  1.8999040e-008  2.0154248e-008  2.5237035e-008  3.1082590e-008  3.5242933e-008  4.2939408e-008  4.7770202e-008  5.3601117e-008  5.8204116e-008  6.2330485e-008             NaN             NaN  5.4977287e-008  5.5877277e-008  3.3247728e-008  2.9860257e-008  2.7993361e-008  2.3176350e-008  2.2374627e-008  2.2068339e-008  2.0639419e-008  1.8817914e-008  1.8651587e-008  1.8206394e-008  1.8933765e-008  1.8092199e-008  1.8826302e-008             NaN
  1.0000000e+002             NaN  1.5429772e-008  1.5122801e-008  1.6332508e-008  1.6509440e-008  1.5644854e-008  1.5869468e-008  1.7243320e-008  1.6707249e-008  1.8843887e-008  2.0949828e-008  2.2172108e-008  3.2722926e-008  3.3330808e-008  3.9363940e-008  4.6890433e-008  4.8214579e-008  5.7537606e-008             NaN  5.8981158e-008  5.5975129e-008  4.8717798e-008  2.8258447e-008  2.2744032e-008  1.9668598e-008  2.0705236e-008  1.8046629e-008  1.8246750e-008  1.7029412e-008  1.7486335e-008  1.5749130e-008  1.5807039e-008  1.5826390e-008  1.5708465e-008  1.5570695e-008             NaN
  9.0000000e+001             NaN  1.5353222e-008  1.4760367e-008  1.4710729e-008  1.5134010e-008  1.6462129e-008  1.5092262e-008  1.5516691e-008  1.6830087e-008  1.5531542e-008  1.8990996e-008  2.1007396e-008  2.8684957e-008  3.1964850e-008  3.6153259e-008  3.6863364e-008  3.7934796e-008  4.9490603e-008  4.9364557e-008  5.5571240e-008  4.1679860e-008  2.5854387e-008  2.2695202e-008  1.8016855e-008  1.6809040e-008  1.6427050e-008  1.6322249e-008  1.6243021e-008  1.5672886e-008  1.5760773e-008  1.5318486e-008  1.5425158e-008  1.5411271e-008  1.5260324e-008  1.5518049e-008             NaN
  8.0000000e+001             NaN  1.4472325e-008  1.4589966e-008  1.4711568e-008  1.4735804e-008  1.4913320e-008  1.4403666e-008  1.4850805e-008  1.5483590e-008  1.5379266e-008  1.4544120e-008  1.7979431e-008  2.4470767e-008  2.7788796e-008  3.1007397e-008  3.2365552e-008  3.6711983e-008  3.6886161e-008             NaN  4.6216955e-008  4.6675708e-008  2.8741527e-008  1.9137560e-008  1.4641609e-008  1.6776611e-008  1.5311608e-008  1.5287177e-008  1.4905037e-008  1.5203734e-008  1.4716480e-008  1.5184048e-008  1.4784503e-008  1.4947256e-008  1.5321273e-008  1.5125952e-008  1.5020682e-008
  7.0000000e+001             NaN  1.4827266e-008  1.4712778e-008  1.4585291e-008  1.4521467e-008  1.4341957e-008  1.4073191e-008  1.4094070e-008  1.4122709e-008  1.4401032e-008  1.5439744e-008  1.6139454e-008  1.8292801e-008  2.0185407e-008  2.1441424e-008  2.4207479e-008  2.6223637e-008  2.6077587e-008  2.8280123e-008  3.1109645e-008  2.8468156e-008  1.6885800e-008  1.8501002e-008  1.4790129e-008  1.3474583e-008  1.3863193e-008  1.3606929e-008  1.3788962e-008  1.3856383e-008  1.3948840e-008  1.4362479e-008  1.4826527e-008  1.4907445e-008  1.5007970e-008  1.4952239e-008  1.5910889e-008
  5.0000000e+001             NaN  1.6844830e-008  1.7042497e-008  1.6153426e-008  1.5911540e-008  1.5727160e-008  1.5328154e-008  1.5076063e-008  1.4825676e-008  1.4944444e-008  1.4253389e-008  1.3972307e-008  1.4020343e-008  1.4127054e-008  1.4115411e-008  1.3980291e-008  1.4725623e-008  1.3362064e-008  1.4420308e-008  1.5978687e-008  1.6054737e-008  1.4082312e-008  1.3506617e-008  1.3663252e-008  1.3835582e-008  1.3781193e-008  1.4106291e-008  1.3994950e-008  1.4171236e-008  1.4215687e-008  1.4729165e-008  1.4884544e-008  1.5173534e-008  1.5476825e-008  1.4947738e-008  1.4180975e-008
  3.0000000e+001             NaN  1.8384880e-008  1.8047621e-008  1.8015776e-008  1.7728423e-008  1.7596308e-008  1.7238227e-008  1.6987784e-008  1.6508848e-008  1.6458477e-008  1.5117957e-008  1.4365992e-008  1.3655634e-008  1.2800780e-008  1.2892769e-008  1.2772403e-008  1.2452242e-008  1.1996390e-008  1.2589475e-008  1.2372657e-008  1.2993668e-008  1.2942203e-008  1.4333007e-008  1.4918861e-008  1.5629820e-008  1.5517001e-008  1.5701230e-008  1.5444244e-008  1.5402163e-008  1.5397738e-008  1.5248030e-008  1.4707549e-008  1.4534113e-008  1.3771565e-008  1.3033715e-008  1.1878802e-008
  2.0000000e+001             NaN  1.8663388e-008  1.8894415e-008  1.8858601e-008  1.9349041e-008  1.8425652e-008  1.8249980e-008  1.8230511e-008  1.7320679e-008  1.6574841e-008  1.6273567e-008  1.5719548e-008  1.5229136e-008  1.4619235e-008  1.4340713e-008  1.4157313e-008  1.4315414e-008  1.4906026e-008  1.4690867e-008  1.4416666e-008  1.4253870e-008  1.5087998e-008  1.7121653e-008  1.8562224e-008  1.7473738e-008  1.7457446e-008  1.6907432e-008  1.6629802e-008  1.6778526e-008  1.5879339e-008  1.5420927e-008  1.3861793e-008  1.3498518e-008  1.4916295e-008  1.4616710e-008  1.6234451e-008
  1.5000000e+001             NaN  1.9042419e-008  2.1184277e-008  2.0744753e-008  2.0408081e-008  2.0430023e-008  1.9961927e-008  1.9484747e-008  1.8746573e-008  1.8072865e-008  1.7587150e-008  1.7202281e-008  1.7056958e-008  1.7189328e-008  1.7428241e-008  1.7709259e-008  1.7406462e-008  1.8197054e-008  1.8098181e-008  1.8048745e-008  1.7783687e-008  2.0008867e-008  2.0907426e-008  2.0573214e-008  2.0733406e-008  2.0035665e-008  1.9465306e-008  1.7971156e-008  1.8387803e-008  1.7063565e-008  1.6905193e-008  2.2013535e-008  2.6144205e-008  3.8503142e-008  6.5272210e-008  1.3125527e-007
  1.0000000e+001             NaN  2.0207389e-008  2.1242612e-008  2.1041974e-008  2.1405921e-008  2.1096973e-008  2.0972761e-008  2.0597322e-008  1.9848730e-008  1.9762780e-008  1.9146017e-008  1.9390441e-008  1.9400325e-008  1.9729430e-008  2.0211629e-008  2.0940540e-008  2.0979929e-008  2.2030054e-008  2.1688996e-008  2.1711552e-008  2.1301083e-008  2.3222063e-008  2.2839565e-008  2.2685184e-008  2.2570613e-008  2.2247935e-008  2.1654257e-008  2.0547078e-008  2.1766427e-008  2.1936136e-008  2.9149417e-008  5.3810537e-008  7.7601098e-008  9.7238172e-008  1.1034325e-007  1.5304346e-007
  7.0000000e+000             NaN             NaN  2.1650427e-008  2.1540338e-008  2.1558918e-008  2.1538892e-008  2.0898621e-008  2.0954341e-008  2.0754495e-008  2.1266892e-008  2.0988594e-008  2.1601323e-008  2.2240660e-008  2.3447678e-008  2.3525907e-008  2.4527477e-008  2.5132449e-008  2.5736583e-008  2.4852124e-008  2.4860092e-008  2.4824186e-008  2.4857223e-008  2.4529199e-008  2.4365093e-008  2.4515823e-008  2.2714779e-008  2.4011833e-008  2.5671009e-008  2.3355883e-008  3.2643653e-008  4.9500197e-008  1.0064861e-007  1.3011538e-007  1.3844527e-007  1.6285487e-007             NaN
  5.0000000e+000             NaN             NaN  2.1177965e-008  2.1111982e-008  2.1321253e-008  2.0606913e-008  2.0903079e-008  2.1676767e-008  2.1143787e-008  2.1838834e-008  2.3834792e-008  2.4448676e-008  2.5855831e-008  2.5891113e-008  2.7035802e-008  2.8527303e-008  2.8963616e-008  2.9694009e-008  2.7929532e-008  2.7881124e-008  2.8372751e-008  2.7218944e-008  2.7561206e-008  2.5269444e-008  2.4669941e-008  2.4485036e-008  2.4621856e-008  2.6291719e-008  2.7137549e-008  3.7303837e-008  8.2606653e-008  1.3483136e-007  1.7701414e-007  1.9138218e-007  3.3132558e-007  4.4660916e-007
  3.0000000e+000             NaN             NaN  2.0039161e-008  2.0807743e-008  2.0193479e-008  2.0491279e-008  2.0102536e-008  2.0589443e-008  2.1382320e-008  2.3084429e-008  2.4771566e-008  2.6031179e-008  2.9302369e-008  3.0269319e-008  3.2115523e-008  3.3295346e-008  3.3685097e-008  3.4452882e-008  3.1857709e-008  3.0470386e-008  2.8355345e-008  2.9162665e-008  2.8718429e-008  2.7686482e-008  2.8215539e-008  2.8468618e-008  3.1432051e-008  2.9221494e-008  3.5714999e-008  6.0436322e-008  1.1346540e-007  1.7275732e-007  2.3310661e-007  2.2803765e-007  2.8328829e-007  3.4898174e-007
  2.0000000e+000             NaN             NaN             NaN  1.9966027e-008  1.9619458e-008  1.9713808e-008  1.9656516e-008  2.0541662e-008  2.1548279e-008  2.2525142e-008  2.5048727e-008  2.7697069e-008  2.9833747e-008  3.3114472e-008  3.6006198e-008  3.7059265e-008  3.9962550e-008  3.9084712e-008  3.4765714e-008  3.3022194e-008  3.2819991e-008  2.8252274e-008  3.0461694e-008  3.3256192e-008  3.2909345e-008  4.1434275e-008  3.7477333e-008  4.3355400e-008  5.3298796e-008  8.2769983e-008  1.3420430e-007  1.9837979e-007  3.1249925e-007  2.7294626e-007  4.1617664e-007  2.7306558e-007
  1.5000000e+000             NaN             NaN  2.0393809e-008  2.0246060e-008  1.9956809e-008  1.9593082e-008  1.9338073e-008  2.0120712e-008  2.1997777e-008  2.2963654e-008  2.4570137e-008  2.8197020e-008  3.0555937e-008  3.2970564e-008  3.5986045e-008  3.7676640e-008  4.0215497e-008  4.2164790e-008  3.8448057e-008  3.4665819e-008  3.5008886e-008  3.4460884e-008  3.4671280e-008  3.7050513e-008  3.6647693e-008  4.3537692e-008  4.3403695e-008  5.1156317e-008  8.6365445e-008  1.2990920e-007  1.6922962e-007  1.9501488e-007  2.6871003e-007  2.9991308e-007  3.5680797e-007  4.7845103e-007
  1.0000000e+000             NaN  2.1539428e-008  2.1414419e-008  2.0934111e-008  2.1440045e-008  2.1869616e-008  2.1441032e-008  2.2728238e-008  2.3168993e-008  2.5164519e-008  2.6590712e-008  3.1062699e-008  3.1750823e-008  3.4748653e-008  3.9246744e-008  3.9080456e-008  4.0397323e-008  4.2399623e-008  3.9825512e-008  4.1536784e-008  4.0894625e-008  4.2832887e-008  3.7264408e-008  3.6524530e-008  3.8659627e-008  5.2650646e-008  5.7267143e-008  8.9377480e-008  1.0448115e-007  1.3455931e-007  1.9465958e-007  2.6778327e-007  3.6134019e-007  4.3866708e-007  4.4765788e-007  1.0655992e-007
  7.0000000e-001             NaN  2.4869966e-008  2.3887380e-008  2.4200503e-008  2.4021918e-008  2.4656768e-008  2.4668487e-008  2.5200324e-008  2.6666873e-008  2.7373973e-008  2.9493613e-008  3.2454651e-008  3.5490840e-008  3.6399601e-008  3.8593592e-008  3.8377554e-008  4.2017696e-008  4.0274257e-008  3.9275175e-008  4.2372495e-008  3.9860426e-008  4.0905113e-008  4.2371949e-008  4.9135434e-008  5.8745467e-008  6.7075572e-008  9.4253890e-008  1.5834482e-007  1.7522438e-007  1.8326183e-007  2.6308299e-007  3.4540971e-007  4.1249310e-007  5.0974798e-007  5.1995919e-007  8.0842567e-007
  5.0000000e-001             NaN  2.9703341e-008  2.8788620e-008  2.8616293e-008  2.9241945e-008  2.8019993e-008  2.8792524e-008  2.9851060e-008  3.1022367e-008  3.1026207e-008  3.3505009e-008  3.5215966e-008  3.9103953e-008  4.1209729e-008  3.8733622e-008  4.4924264e-008  4.5012118e-008  4.5505390e-008  4.8829166e-008  4.9561589e-008  5.6822105e-008  5.8826630e-008  4.9947678e-008  8.3140530e-008  8.0806705e-008  1.1916567e-007  1.5271999e-007  2.2671979e-007  2.6137313e-007  3.4089305e-007  3.4062348e-007  4.7800851e-007  6.0998503e-007  7.1442187e-007  9.5607334e-007  1.0787504e-006
  3.0000000e-001             NaN  3.6973438e-008  3.5698760e-008  3.6207322e-008  3.5498638e-008  3.6124417e-008  3.6833181e-008  3.6827755e-008  3.6534618e-008  3.7094939e-008  3.7721818e-008  4.0151300e-008  4.2351200e-008  4.3108281e-008  4.6346612e-008  5.0126335e-008  5.4691561e-008  5.7744575e-008  6.0467178e-008  6.6251935e-008  7.7089011e-008  9.4745585e-008  1.7323558e-007  1.2653078e-007  1.9814184e-007  3.1835807e-007  3.4362663e-007  3.6791300e-007  4.7283269e-007  4.7546515e-007  6.5280074e-007  7.3446307e-007  8.3297013e-007  9.1984567e-007  1.3417355e-006  1.4392632e-006
  2.0000000e-001             NaN  4.8065698e-008  4.5333520e-008  4.4197271e-008  4.3129119e-008  4.5363306e-008  4.3240143e-008  4.4610432e-008  4.6104834e-008  4.4689043e-008  4.5386294e-008  4.6306314e-008  4.9953798e-008  5.1089787e-008  5.2752383e-008  5.7010881e-008  6.7671800e-008  6.9138325e-008  9.0451348e-008  1.1097298e-007  1.1585522e-007  1.0383190e-007  2.4120949e-007  2.9320692e-007  4.9447394e-007  5.3763938e-007  5.6070032e-007  6.9755123e-007  7.6865011e-007  8.3199691e-007  7.7845017e-007  1.1618310e-006  1.3770745e-006  1.3127736e-006  1.4375464e-006  2.6406452e-006
  1.5000000e-001             NaN  6.8331736e-008  5.8920898e-008  5.9997441e-008  5.4185051e-008  5.4059119e-008  5.3449706e-008  5.6402505e-008  5.3439638e-008  5.2095612e-008  5.3172522e-008  5.5228609e-008  5.3054295e-008  6.2227858e-008  5.8045630e-008  7.0851468e-008  8.2146322e-008  9.3250639e-008  1.4579246e-007  1.4204904e-007  1.5339655e-007  3.5561305e-007  5.0509659e-007  6.4258970e-007  6.4481751e-007  8.0351309e-007  1.0761708e-006  1.0548371e-006  1.1454288e-006  1.3089657e-006  1.3422340e-006  1.4192585e-006  1.4938543e-006  1.1830796e-006  2.3329683e-006             NaN
  1.0000000e-001             NaN             NaN             NaN  7.4007422e-008  7.5187367e-008  6.9976897e-008  7.6642014e-008  7.0575987e-008  7.1264491e-008  6.7097773e-008  6.7433849e-008  7.1634799e-008  6.7825688e-008  7.6961448e-008  7.5517988e-008  8.2920931e-008  9.9215511e-008  1.6653805e-007  2.0524187e-007  2.0821496e-007  2.2324432e-007  5.2933463e-007  8.8111980e-007  1.1004790e-006  1.1442108e-006  1.4257430e-006  1.6356825e-006  1.4788965e-006  1.7285816e-006  1.6391951e-006  1.7922200e-006  1.7273235e-006  1.8025488e-006  2.1597679e-006  2.7524135e-006             NaN
             NaN -8.7500000e+001 -8.2500000e+001 -7.7500000e+001 -7.2500000e+001 -6.7500000e+001 -6.2500000e+001 -5.7500000e+001 -5.2500000e+001 -4.7500000e+001 -4.2500000e+001 -3.7500000e+001 -3.2500000e+001 -2.7500000e+001 -2.2500000e+001 -1.7500000e+001 -1.2500000e+001 -7.5000000e+000 -2.5000000e+000  2.5000000e+000  7.5000000e+000  1.2500000e+001  1.7500000e+001  2.2500000e+001  2.7500000e+001  3.2500000e+001  3.7500000e+001  4.2500000e+001  4.7500000e+001  5.2500000e+001  5.7500000e+001  6.2500000e+001  6.7500000e+001  7.2500000e+001  7.7500000e+001  8.2500000e+001  8.7500000e+001
  1.0000000e+003             NaN             NaN             NaN             NaN             NaN             NaN             NaN             NaN             NaN             NaN             NaN             NaN             NaN             NaN             NaN             NaN             NaN             NaN             NaN             NaN             NaN             NaN             NaN             NaN             NaN             NaN             NaN             NaN             NaN             NaN             NaN             NaN             NaN             NaN             NaN             NaN
  8.5000000e+002             NaN             NaN             NaN             NaN             NaN             NaN             NaN             NaN             NaN             NaN             NaN             NaN             NaN             NaN             NaN             NaN             NaN             NaN             NaN             NaN             NaN             NaN             NaN             NaN             NaN             NaN             NaN             NaN             NaN             NaN             NaN             NaN             NaN             NaN             NaN             NaN
  7.0000000e+002             NaN             NaN             NaN             NaN             NaN             NaN             NaN             NaN             NaN             NaN             NaN             NaN             NaN             NaN             NaN             NaN             NaN             NaN             NaN             NaN             NaN             NaN             NaN             NaN             NaN             NaN             NaN             NaN             NaN             NaN             NaN             NaN             NaN             NaN             NaN             NaN
  5.0000000e+002             NaN             NaN             NaN             NaN             NaN             NaN             NaN             NaN             NaN  1.9763789e-008  7.0435501e-009  9.9056749e-009  1.4111135e-008  1.4639756e-008  1.1285760e-008  1.9159977e-008  1.7583776e-008  7.3448457e-009  1.7011264e-008  1.1652498e-008  1.5465810e-008  5.9019292e-009  1.4540715e-008             NaN             NaN             NaN             NaN             NaN             NaN             NaN             NaN             NaN             NaN             NaN             NaN             NaN
  4.0000000e+002             NaN             NaN             NaN             NaN             NaN             NaN             NaN             NaN  5.7422200e-009  6.9033518e-009  8.3095274e-009  7.5214523e-009  1.1937329e-008  1.3830872e-008  1.3595905e-008  1.4928108e-008  1.4254441e-008             NaN             NaN  1.3941775e-008  1.5281613e-008  1.8353388e-008  1.3806500e-008             NaN             NaN             NaN             NaN             NaN             NaN             NaN             NaN             NaN             NaN             NaN             NaN             NaN
  3.0000000e+002             NaN  3.1721634e-009  4.8402035e-009  5.9250729e-009  3.3220705e-009  6.9814866e-009  6.4538361e-009  6.3641857e-009  7.3722385e-009  7.2716201e-009  7.6649216e-009  9.4575882e-009  1.1270040e-008  1.1323366e-008  1.0825254e-008  1.8788873e-008  1.6067282e-008  1.2190258e-008  1.9598086e-008  9.8516317e-009  1.2079068e-008  1.4858016e-008  8.5749231e-009  1.1966416e-008             NaN  6.0929986e-009             NaN  9.6940952e-009  9.8123542e-009  1.3950276e-008  1.1470622e-008  9.2374991e-009  6.2960175e-009             NaN             NaN             NaN
  2.5000000e+002             NaN  2.7493142e-009  4.0691352e-009  4.4623955e-009  3.6470369e-009  4.3769523e-009  6.0747753e-009  7.9178712e-009  6.8899883e-009  7.0968786e-009  7.9898486e-009  9.5465161e-009  8.2493144e-009  1.3202001e-008  1.6483745e-008  1.7820329e-008  1.6352861e-008             NaN  4.8156041e-008  1.0118067e-008  1.1548146e-008  8.8238015e-009  5.9011704e-009  1.4373788e-008  1.4496778e-008  1.8701374e-008  2.0915107e-008  1.5315396e-008  1.1743414e-008  9.4780909e-009  8.8189472e-009  7.1653055e-009  7.0207915e-009  1.0273618e-008  1.7801540e-008             NaN
  2.0000000e+002             NaN  1.5701758e-009  1.9213298e-009  2.0057532e-009  3.3280495e-009  2.9553832e-009  4.1261596e-009  5.7009517e-009  8.5234264e-009  6.5258657e-009  7.8231354e-009  8.1809435e-009  6.0833258e-009  1.1468117e-008  1.2736361e-008  2.0548212e-008  2.6306714e-008             NaN             NaN  1.3600217e-008  1.0437712e-008  4.3993814e-009  6.9316276e-009  1.5253533e-008  1.8141059e-008  1.3046538e-008  9.3632434e-009  1.0334791e-008  7.3033989e-009  7.5860886e-009  8.7389416e-009  7.2128802e-009  7.9813984e-009  7.1141767e-009  9.7588782e-009             NaN
  1.7000000e+002             NaN             NaN  3.4838005e-009  2.4395421e-009  1.9649995e-009  2.1982895e-009  3.6139368e-009  4.0617959e-009  5.8155376e-009  7.4725879e-009  9.0770821e-009  9.2298746e-009  5.6377447e-009  1.1498054e-008  1.1592014e-008  1.4401257e-008  2.0864928e-008  1.1457246e-008             NaN  3.8787872e-009  9.7973605e-009  1.8620007e-008             NaN  8.4845265e-009  1.0802894e-008  9.6349274e-009  7.4298877e-009  5.7203077e-009  5.3750271e-009  5.1606751e-009  5.4547321e-009  5.7246654e-009  4.6471583e-009  4.7667554e-009  4.7548403e-009  6.6691877e-009
  1.5000000e+002             NaN  2.1369227e-009  1.9055217e-009  2.3628634e-009  2.8022178e-009  2.6013065e-009  3.1723179e-009  3.3039964e-009  3.7502466e-009  5.6759502e-009  1.0642646e-008  8.7663674e-009  1.1524582e-008  1.1673124e-008  1.0366375e-008  1.0920868e-008  2.4365003e-008             NaN             NaN  1.0764153e-008  1.0651869e-008  9.2816393e-009  1.0902597e-008  1.0037392e-008  6.2680037e-009  6.8414608e-009  5.9436333e-009  5.6555788e-009  5.6823336e-009  4.5822000e-009  3.9851537e-009  3.9447132e-009  3.5357934e-009  4.6810511e-009  4.3703190e-009             NaN
  1.3000000e+002             NaN  7.7941445e-010  1.9013267e-009  1.5327531e-009  3.2216091e-009  2.0454737e-009  4.0717820e-009  3.1930387e-009  5.8044496e-009  7.5431615e-009  9.2899131e-009  1.2738842e-008  1.3121607e-008  9.3481216e-009  1.3625761e-008  1.0228742e-008  8.8953117e-009             NaN             NaN  9.5800300e-009  7.6243755e-009  5.1597974e-009  1.4477083e-008  9.6929260e-009  1.1035790e-008  7.4261045e-009  5.8647284e-009  4.9090854e-009  5.1365619e-009  4.7510301e-009  4.4711522e-009  3.2634664e-009  2.9977271e-009  3.0731701e-009  2.5330971e-009  3.4552104e-009
  1.1500000e+002             NaN  9.9545381e-010  8.9611274e-010  1.0215997e-009  1.1833822e-009  2.1719744e-009  1.9925855e-009  2.2582098e-009  2.5407085e-009  3.3898837e-009  7.1414802e-009  1.0435308e-008  1.1542374e-008  1.0249408e-008  1.0493697e-008  7.4024221e-009  1.2405416e-008  2.7662506e-010             NaN             NaN  1.2309344e-008  7.8611489e-009  6.7415294e-009  9.6417647e-009  7.8010892e-009  6.5175368e-009  4.7764281e-009  4.7569389e-009  4.4183021e-009  4.3355842e-009  4.4952106e-009  3.5926400e-009  4.0385162e-009  3.1477723e-009  3.4441967e-009             NaN
  1.0000000e+002             NaN  7.1960941e-010  1.2032799e-009  2.6621432e-009  3.8006822e-009  1.3190764e-009  1.3100357e-009  2.3726202e-009  1.7904162e-009  4.7089683e-009  6.4738621e-009  8.1628592e-009  9.5269652e-009  1.0531150e-008  8.7440630e-009  8.9827003e-009  1.2060448e-008  5.0330135e-009             NaN  5.0289615e-009  8.2396891e-009  1.2076283e-008  1.4143291e-008  6.0516464e-009  4.1955884e-009  4.5198452e-009  3.5337144e-009  3.1962540e-009  2.5210271e-009  2.5445640e-009  1.7257070e-009  1.1292760e-009  1.4522890e-009  1.4014533e-009  1.1860040e-009             NaN
  9.0000000e+001             NaN  1.0318336e-009  6.8316739e-010  4.1886267e-010  1.5709637e-009  3.6946433e-009  9.6468134e-010  1.3858078e-009  3.0237452e-009  1.2790089e-009  5.9260975e-009  8.2556712e-009  1.1829190e-008  8.2494131e-009  6.4502509e-009  8.7544289e-009  8.3357310e-009  3.7286547e-009  6.5989683e-009  2.9146214e-009  1.9763594e-008  1.1004155e-008  1.2041147e-008  3.2867894e-009  2.8583083e-009  2.4335651e-009  2.2936967e-009  2.1809254e-009  1.8054851e-009  2.1420384e-009  1.4411765e-009  1.0110860e-009  7.4765052e-010  6.4518228e-010  6.8897554e-010             NaN
  8.0000000e+001             NaN  7.4014915e-010  8.3522287e-010  9.7347751e-010  6.5130970e-010  8.4130657e-010  1.2960063e-009  1.9601502e-009  3.2274920e-009  3.8413145e-009  1.7141993e-009  5.2011148e-009  6.1701336e-009  4.6027545e-009  5.5753850e-009  4.8274880e-009  5.5457784e-009  5.5698273e-009             NaN  2.8000629e-009  2.5876778e-009  1.2364052e-008  9.5471881e-009  1.8601449e-009  6.4185100e-009  1.9254677e-009  1.8895599e-009  1.5662926e-009  1.5870213e-009  1.6187321e-009  1.3605312e-009  9.3127654e-010  8.9656450e-010  9.1561679e-010  7.5826000e-010  6.4768227e-010
  7.0000000e+001             NaN  9.1879150e-010  2.6724232e-010  4.8281472e-010  8.1623521e-010  8.3039775e-010  8.1212129e-010  9.2895117e-010  9.0104705e-010  1.7001490e-009  2.8410201e-009  3.3154692e-009  4.2281910e-009  3.4203492e-009  3.9529375e-009  4.8465802e-009  5.9108656e-009  5.7160450e-009  5.4003106e-009  4.5028822e-009  3.2849026e-009  7.0804537e-009  7.2717568e-009  2.9646766e-009  8.0213667e-010  1.0891091e-009  9.2009176e-010  8.3046426e-010  8.2896210e-010  9.7014491e-010  8.5074085e-010  8.4437244e-010  9.5949563e-010  9.8814189e-010  8.0089977e-010  7.1896058e-010
  5.0000000e+001             NaN  1.3666331e-009  1.9327074e-009  1.5788245e-009  1.3725040e-009  1.5934986e-009  1.5149942e-009  1.3363879e-009  1.3333432e-009  1.2348025e-009  1.1921703e-009  1.1203966e-009  1.2935432e-009  1.9558788e-009  2.1567995e-009  1.9390081e-009  2.7909970e-009  2.1228378e-009  2.9281253e-009  4.2426220e-009  3.5795665e-009  1.4679656e-009  1.3211365e-009  8.3196226e-010  8.5978765e-010  8.2528812e-010  7.9878519e-010  7.7411073e-010  8.9964311e-010  8.5470170e-010  8.4792920e-010  1.0099135e-009  1.1272776e-009  1.1926282e-009  1.4767399e-009  1.7502603e-009
  3.0000000e+001             NaN  8.5092926e-010  1.1101634e-009  1.5947491e-009  1.0588366e-009  1.3136482e-009  1.2236961e-009  1.3710964e-009  1.3552850e-009  1.5285326e-009  1.0620405e-009  8.6687103e-010  8.3941655e-010  7.5680652e-010  7.3893442e-010  8.4825522e-010  9.7642227e-010  7.5148487e-010  1.1515839e-009  1.4388291e-009  1.3121868e-009  1.1164205e-009  1.6278788e-009  1.2627368e-009  1.2026603e-009  1.3140816e-009  1.4479520e-009  1.3418545e-009  1.2322313e-009  1.3064239e-009  1.3289514e-009  1.7136179e-009  2.7774122e-009  2.6488130e-009  2.3896822e-009  1.8140564e-009
  2.0000000e+001             NaN  1.4360814e-009  1.6744429e-009  1.3092527e-009  1.1512058e-009  1.3733820e-009  1.1951257e-009  1.2756670e-009  1.0882109e-009  1.0584837e-009  1.1826033e-009  1.2238909e-009  9.6642714e-010  9.6409223e-010  1.0888296e-009  1.2083848e-009  1.4125908e-009  1.4961244e-009  2.2023571e-009  1.6877630e-009  1.2053525e-009  1.3850304e-009  3.0217317e-009  2.3417843e-009  2.1213232e-009  1.8636003e-009  1.8783774e-009  2.0265970e-009  1.9462689e-009  2.1151859e-009  3.0943211e-009  5.2245520e-009  6.5218106e-009  1.0008906e-008  1.3700210e-008  1.1127979e-008
  1.5000000e+001             NaN  1.6746812e-009  1.1912891e-009  1.1781273e-009  1.3341965e-009  1.4773230e-009  1.5039130e-009  1.7198301e-009  1.1124485e-009  1.1015788e-009  8.4260791e-010  9.8754321e-010  8.6676094e-010  1.1211844e-009  1.3566169e-009  1.0155446e-009  1.1752312e-009  1.4157466e-009  1.6451964e-009  1.6641256e-009  1.5772948e-009  2.2375968e-009  3.4641138e-009  2.8885999e-009  2.5118714e-009  2.3791554e-009  2.5993103e-009  2.9754067e-009  3.0988486e-009  5.0273063e-009  9.5561786e-009  1.6310790e-008  2.4413587e-008  3.1266356e-008  4.0324360e-008  2.0443979e-008
  1.0000000e+001             NaN  9.3900340e-010  1.7622096e-009  1.6195023e-009  1.0421395e-009  1.2275651e-009  1.2713390e-009  1.3087221e-009  1.3133347e-009  1.3178031e-009  1.0145103e-009  9.9621989e-010  9.6165017e-010  1.4034933e-009  1.3668324e-009  1.6296837e-009  1.3655388e-009  1.5430130e-009  1.3416050e-009  1.6926405e-009  1.0668665e-009  2.1434447e-009  3.7137398e-009  2.9479875e-009  2.6566374e-009  3.0491935e-009  3.9384044e-009  4.3895772e-009  7.6976818e-009  1.2734970e-008  2.5307504e-008  4.2442774e-008  5.3679517e-008  7.2517349e-008  7.7671466e-008  8.5902842e-008
  7.0000000e+000             NaN             NaN  8.9389646e-010  9.7275241e-010  1.1020913e-009  1.0318543e-009  1.1968509e-009  1.1153511e-009  1.4302062e-009  1.3786019e-009  1.0341370e-009  1.1290231e-009  1.7715082e-009  1.7394882e-009  1.7397824e-009  1.7770683e-009  1.4219942e-009  1.2976228e-009  1.1713215e-009  1.0940836e-009  2.1598493e-009  2.0454182e-009  3.3879720e-009  3.2739106e-009  2.9257488e-009  2.9456906e-009  7.5954091e-009  9.7132191e-009  1.1656666e-008  2.4854975e-008  3.7370605e-008  7.3993982e-008  9.5685627e-008  1.0003936e-007  1.3685547e-007             NaN
  5.0000000e+000             NaN             NaN  1.8831213e-009  1.5667789e-009  1.7335797e-009  1.9207626e-009  1.9431753e-009  1.8617373e-009  2.0234702e-009  2.0898476e-009  2.1250386e-009  2.2051499e-009  2.2958757e-009  2.3839215e-009  2.5027593e-009  1.9806501e-009  1.4089322e-009  2.0502898e-009  1.6036904e-009  2.1940501e-009  1.4728414e-009  3.3215175e-009  4.4547535e-009  3.9715000e-009  3.9512072e-009  4.2557128e-009  6.8487321e-009  1.2353499e-008  1.4781092e-008  2.3422515e-008  8.0004714e-008  1.0202742e-007  1.2097802e-007  1.3697094e-007  2.3314272e-007  1.9339137e-007
  3.0000000e+000             NaN             NaN  1.7199347e-009  1.5444818e-009  1.8936108e-009  1.9571794e-009  1.6752942e-009  1.9523231e-009  2.3767258e-009  2.7259520e-009  2.6411020e-009  3.4844748e-009  2.8718967e-009  2.9725757e-009  3.1164322e-009  3.5066535e-009  2.3115468e-009  3.2426936e-009  2.8862111e-009  2.2209744e-009  6.4960516e-009  5.8244344e-009  6.5095562e-009  5.8937683e-009  6.8226296e-009  8.1262941e-009  1.4276254e-008  1.1248171e-008  2.1009667e-008  5.3546117e-008  1.1858277e-007  1.6257066e-007  1.9882761e-007  1.6723847e-007  1.6943392e-007  1.1171391e-007
  2.0000000e+000             NaN             NaN             NaN  1.2479973e-009  1.2619953e-009  9.2524910e-010  1.3860589e-009  1.7248383e-009  1.9671681e-009  2.4613102e-009  2.7412267e-009  3.7959597e-009  3.5279202e-009  3.4008583e-009  3.5971408e-009  4.5065163e-009  4.9695568e-009  4.6026775e-009  7.5568985e-009  7.7224139e-009  6.7090435e-009  7.6874082e-009  7.2340357e-009  7.9578754e-009  9.4694190e-009  1.3711410e-008  1.3707001e-008  2.6310682e-008  3.3510782e-008  7.5737414e-008  1.2525269e-007  1.8465551e-007  2.7259755e-007  2.6200210e-007  2.4171376e-007  2.3108194e-007
  1.5000000e+000             NaN             NaN  9.6020093e-010  1.1618286e-009  1.1672712e-009  1.4057714e-009  1.6181646e-009  2.2503067e-009  2.3880085e-009  2.5977228e-009  1.9711331e-009  4.1314511e-009  5.1257768e-009  4.8988476e-009  5.8155346e-009  5.0897018e-009  5.7643516e-009  3.7390131e-009  4.9882979e-009  5.9946554e-009  5.8678501e-009  9.4427329e-009  9.4957477e-009  9.2398643e-009  1.1523540e-008  1.7031224e-008  1.6824675e-008  2.4337697e-008  6.6773719e-008  1.1043913e-007  1.5948890e-007  1.8956428e-007  2.6028343e-007  3.0011598e-007  2.8548835e-007  4.0659421e-007
  1.0000000e+000             NaN  1.4245620e-009  1.1248702e-009  1.3462561e-009  1.7482216e-009  1.4455007e-009  2.1720969e-009  2.0788918e-009  2.1476439e-009  2.8147247e-009  3.9074049e-009  5.4610463e-009  6.3587641e-009  5.2633606e-009  7.4631924e-009  6.5747450e-009  4.2562104e-009  7.1290234e-009  6.4043685e-009  9.3176266e-009  9.3650521e-009  1.2443488e-008  1.1194491e-008  8.9382365e-009  1.4169780e-008  2.6458514e-008  3.1658642e-008  7.3635291e-008  9.4485810e-008  1.1309952e-007  1.5651906e-007  1.8878109e-007  2.9363795e-007  2.8687398e-007  3.3276700e-007  4.0125749e-008
  7.0000000e-001             NaN  1.3462104e-009  1.6026456e-009  1.9372564e-009  1.5651406e-009  2.1539526e-009  1.8650160e-009  2.4171889e-009  2.3659364e-009  3.1363924e-009  4.1676680e-009  5.5289350e-009  6.4325475e-009  5.8143677e-009  5.8998415e-009  6.6176819e-009  4.6283857e-009  4.3382240e-009  4.8440760e-009  9.9070941e-009  1.1149748e-008  1.1628427e-008  1.1081989e-008  1.5613333e-008  4.0574739e-008  4.7810422e-008  8.9405739e-008  1.4240129e-007  1.4458564e-007  1.5892043e-007  1.7624313e-007  2.5400028e-007  3.5752281e-007  3.3807820e-007  3.7427769e-007  6.3333028e-007
  5.0000000e-001             NaN  4.4905245e-009  2.4942135e-009  2.5080680e-009  3.1193235e-009  2.3976346e-009  2.6774887e-009  3.6607137e-009  3.2925023e-009  3.2961187e-009  5.9675722e-009  4.7048071e-009  5.5613468e-009  6.8839845e-009  7.4543824e-009  7.0991574e-009  5.2853839e-009  6.0434522e-009  3.7862445e-009  1.0235399e-008  2.3250583e-008  3.3772409e-008  1.6623577e-008  9.0307774e-008  6.6411677e-008  1.2879590e-007  1.4587419e-007  2.1565007e-007  2.1660746e-007  2.5794614e-007  2.4465613e-007  3.1956950e-007  3.9339147e-007  7.7062809e-007  1.1230173e-006  1.4816898e-006
  3.0000000e-001             NaN  4.6287963e-009  3.5674205e-009  4.6198802e-009  3.7544979e-009  4.3605482e-009  4.1691578e-009  4.4803103e-009  4.1011230e-009  4.1167786e-009  4.4837141e-009  6.5983682e-009  8.0299857e-009  7.1684005e-009  8.3905064e-009  1.0970264e-008  1.5585817e-008  9.9790064e-009  1.8192567e-008  1.3951365e-008  2.7708568e-008  7.9264623e-008  2.3002926e-007  1.5336771e-007  2.2870319e-007  3.3274475e-007  3.2856115e-007  3.1361045e-007  3.4167338e-007  3.3935367e-007  4.3802889e-007  4.2883275e-007  7.4058716e-007  1.2382604e-006  1.7421943e-006  1.6966050e-006
  2.0000000e-001             NaN  1.9959897e-009  6.6310003e-009  6.7473458e-009  6.0906382e-009  4.9462201e-009  4.8618998e-009  7.0224126e-009  6.0670574e-009  6.4637794e-009  6.6693257e-009  6.9872713e-009  7.5867780e-009  1.2878567e-008  1.3228192e-008  1.8580831e-008  2.0206946e-008  1.6199007e-008  3.2957374e-008  6.0911203e-008  1.8749753e-008  8.1107259e-008  2.5898757e-007  3.0065545e-007  4.2881096e-007  4.9231331e-007  4.2446149e-007  4.2802987e-007  4.7561351e-007  6.4701761e-007  5.4658611e-007  1.0103679e-006  1.5123679e-006  1.3938514e-006  1.5254940e-006  2.1398046e-006
  1.5000000e-001             NaN  1.6936139e-008  1.9302127e-008  1.5571382e-008  1.2441458e-008  8.5784722e-009  8.9135021e-009  1.0379933e-008  1.0926422e-008  1.1338051e-008  9.4263827e-009  1.6651787e-008  1.3957727e-008  2.0609156e-008  2.2613607e-008  2.9151108e-008  3.7036061e-008  4.2896100e-008  4.3214760e-008  4.8596597e-008  8.5388893e-008  3.5101877e-007  4.9385694e-007  4.9442856e-007  4.8982252e-007  6.7955256e-007  7.3455844e-007  6.1782482e-007  7.5935364e-007  8.8979228e-007  1.0310838e-006  1.0395011e-006  9.0985977e-007  1.2961242e-006  2.4764229e-006             NaN
  1.0000000e-001             NaN             NaN             NaN  1.1812520e-008  1.3243026e-008  2.6630970e-008  2.6701568e-008  2.1636868e-008  1.8769875e-008  2.5487592e-008  2.0717080e-008  3.0814881e-008  1.9266982e-008  4.2411325e-008  3.6260430e-008  4.3672768e-008  6.0494636e-008  5.1323055e-008  6.3141173e-008  6.5775620e-008  1.1485953e-007  5.8154362e-007  6.4805798e-007  7.5245648e-007  7.0891665e-007  8.9718948e-007  8.2420736e-007  1.0498072e-006  1.0734678e-006  1.0629462e-006  1.3808868e-006  1.3267875e-006  1.2607533e-006  1.3124783e-006  1.7889311e-006             NaN
             NaN -8.7500000e+001 -8.2500000e+001 -7.7500000e+001 -7.2500000e+001 -6.7500000e+001 -6.2500000e+001 -5.7500000e+001 -5.2500000e+001 -4.7500000e+001 -4.2500000e+001 -3.7500000e+001 -3.2500000e+001 -2.7500000e+001 -2.2500000e+001 -1.7500000e+001 -1.2500000e+001 -7.5000000e+000 -2.5000000e+000  2.5000000e+000  7.5000000e+000  1.2500000e+001  1.7500000e+001  2.2500000e+001  2.7500000e+001  3.2500000e+001  3.7500000e+001  4.2500000e+001  4.7500000e+001  5.2500000e+001  5.7500000e+001  6.2500000e+001  6.7500000e+001  7.2500000e+001  7.7500000e+001  8.2500000e+001  8.7500000e+001
  1.0000000e+003             NaN             NaN             NaN             NaN             NaN             NaN             NaN             NaN             NaN             NaN             NaN             NaN             NaN             NaN             NaN             NaN             NaN             NaN             NaN             NaN             NaN             NaN             NaN             NaN             NaN             NaN             NaN             NaN             NaN             NaN             NaN             NaN             NaN             NaN             NaN             NaN
  8.5000000e+002             NaN             NaN             NaN             NaN             NaN             NaN             NaN             NaN             NaN             NaN             NaN             NaN             NaN             NaN             NaN             NaN             NaN             NaN             NaN             NaN             NaN             NaN             NaN             NaN             NaN             NaN             NaN             NaN             NaN             NaN             NaN             NaN             NaN             NaN             NaN             NaN
  7.0000000e+002             NaN             NaN             NaN             NaN             NaN             NaN             NaN             NaN             NaN             NaN             NaN             NaN             NaN             NaN             NaN             NaN             NaN             NaN             NaN             NaN             NaN             NaN             NaN             NaN             NaN             NaN             NaN             NaN             NaN             NaN             NaN             NaN             NaN             NaN             NaN             NaN
  5.0000000e+002             NaN             NaN             NaN             NaN             NaN             NaN             NaN             NaN             NaN  1.1300000e-008  8.1800000e-009  7.5900000e-009  7.5700000e-009  7.1000000e-009  7.4150000e-009  5.8900000e-009  1.5000000e-008  1.1400000e-008  8.7000000e-009  5.6700000e-009  7.7400000e-009  6.3200000e-009  7.0200000e-009             NaN             NaN             NaN             NaN             NaN             NaN             NaN             NaN             NaN             NaN             NaN             NaN             NaN
  4.0000000e+002             NaN             NaN             NaN             NaN             NaN             NaN             NaN             NaN  3.7500000e-009  4.7950000e-009  4.1600000e-009  4.7000000e-009  4.5500000e-009  4.9400000e-009  5.2800000e-009  4.7900000e-009  5.5300000e-009             NaN             NaN  5.9100000e-009  5.5400000e-009  4.4650000e-009  4.9850000e-009             NaN             NaN             NaN             NaN             NaN             NaN             NaN             NaN             NaN             NaN             NaN             NaN             NaN
  3.0000000e+002             NaN  1.8900000e-009  1.5600000e-009  2.2750000e-009  1.5700000e-009  1.9600000e-009  1.9600000e-009  2.0950000e-009  2.8150000e-009  2.7650000e-009  3.2800000e-009  3.1500000e-009  3.0100000e-009  3.3500000e-009  3.4800000e-009  4.5000000e-009  4.9000000e-009  4.5450000e-009  3.6900000e-009  4.7100000e-009  4.2700000e-009  3.8400000e-009  3.8600000e-009  3.5650000e-009             NaN  2.5500000e-009             NaN  4.0200000e-009  3.1050000e-009  2.8700000e-009  2.8100000e-009  2.3100000e-009  2.4800000e-009             NaN             NaN             NaN
  2.5000000e+002             NaN  2.1250000e-009  1.9250000e-009  1.5200000e-009  1.5500000e-009  1.7600000e-009  1.9500000e-009  1.9950000e-009  2.1700000e-009  2.2500000e-009  2.1900000e-009  2.6000000e-009  2.5000000e-009  2.8050000e-009  3.2100000e-009  3.3400000e-009  3.2800000e-009             NaN  4.7000000e-009  3.9750000e-009  3.4100000e-009  3.1500000e-009  2.7700000e-009  3.1400000e-009  2.3900000e-009  2.9300000e-009  2.3300000e-009  2.2300000e-009  2.0250000e-009  1.9500000e-009  2.0750000e-009  1.9300000e-009  1.8900000e-009  1.8250000e-009  1.8200000e-009             NaN
  2.0000000e+002             NaN  1.2200000e-009  1.2400000e-009  1.2150000e-009  1.2850000e-009  1.3200000e-009  1.3050000e-009  1.4400000e-009  1.9500000e-009  1.9100000e-009  1.8600000e-009  2.4150000e-009  2.0950000e-009  2.2400000e-009  2.7450000e-009  3.8450000e-009  2.9200000e-009             NaN             NaN  4.6300000e-009  2.7600000e-009  2.3650000e-009  2.8200000e-009  2.4900000e-009  2.1600000e-009  2.0600000e-009  1.8300000e-009  1.8050000e-009  1.8000000e-009  1.7300000e-009  1.8000000e-009  1.8800000e-009  1.7750000e-009  1.9600000e-009  2.0750000e-009             NaN
  1.7000000e+002             NaN             NaN  1.1900000e-009  1.2000000e-009  1.1500000e-009  1.2200000e-009  1.3500000e-009  1.3200000e-009  1.4000000e-009  1.5900000e-009  2.2500000e-009  2.1950000e-009  1.9900000e-009  2.6350000e-009  1.9000000e-009  2.3700000e-009  2.8100000e-009  2.8400000e-009             NaN  3.3700000e-009  2.8500000e-009  3.2650000e-009             NaN  2.2750000e-009  3.0700000e-009  2.4150000e-009  1.9900000e-009  1.8700000e-009  1.7100000e-009  1.6800000e-009  1.6500000e-009  1.7250000e-009  1.9000000e-009  1.6450000e-009  1.9100000e-009  1.9300000e-009
  1.5000000e+002             NaN  9.9300000e-010  9.8850000e-010  1.2200000e-009  1.1400000e-009  1.1400000e-009  9.9300000e-010  1.1300000e-009  1.3700000e-009  1.3450000e-009  1.5000000e-009  2.0800000e-009  2.0800000e-009  1.8550000e-009  1.8700000e-009  2.0600000e-009  2.3100000e-009             NaN             NaN  3.1600000e-009  2.3800000e-009  2.3300000e-009  2.5900000e-009  2.1800000e-009  1.7750000e-009  1.7700000e-009  1.9000000e-009  1.7450000e-009  1.6200000e-009  1.5800000e-009  1.8650000e-009  1.6800000e-009  1.6050000e-009  1.8150000e-009  1.7100000e-009             NaN
  1.3000000e+002             NaN  9.4000000e-010  1.0200000e-009  1.0150000e-009  9.8000000e-010  9.9300000e-010  1.0050000e-009  9.9600000e-010  1.0400000e-009  1.0500000e-009  1.1700000e-009  1.2400000e-009  1.2850000e-009  1.3800000e-009  9.5700000e-010  1.3900000e-009  7.3300000e-010             NaN             NaN  1.4400000e-009  8.5050000e-010  5.7750000e-010  1.4300000e-009  1.5500000e-009  1.5150000e-009  1.5600000e-009  1.4200000e-009  1.2400000e-009  1.3200000e-009  1.3900000e-009  1.4600000e-009  1.5600000e-009  1.4400000e-009  1.5650000e-009  1.3650000e-009  1.2650000e-009
  1.1500000e+002             NaN  8.1000000e-010  2.1700000e-010  9.1450000e-010  8.2700000e-010  8.5700000e-010  4.6750000e-010  3.7200000e-010  3.5000000e-010  3.5050000e-010  3.5800000e-010  3.2400000e-010  3.3300000e-010  4.1100000e-010  4.4200000e-010  4.5100000e-010  5.1900000e-010  1.2200000e-009             NaN             NaN  9.0000000e-010  5.2000000e-010  4.0200000e-010  3.9000000e-010  5.1700000e-010  5.0000000e-010  5.0500000e-010  1.1300000e-009  1.3100000e-009  1.3000000e-009  1.3900000e-009  1.5550000e-009  1.4600000e-009  1.5450000e-009  1.3800000e-009             NaN
  1.0000000e+002             NaN  1.9200000e-010  2.2800000e-010  2.0850000e-010  1.8800000e-010  1.9500000e-010  2.1400000e-010  2.4400000e-010  2.3100000e-010  2.4200000e-010  2.1300000e-010  2.4750000e-010  3.4200000e-010  4.5400000e-010  4.9600000e-010  5.5300000e-010  5.4550000e-010  4.6500000e-010             NaN  5.6450000e-010  8.6300000e-010  4.7300000e-010  4.6100000e-010  2.5500000e-010  2.8800000e-010  2.8200000e-010  2.5200000e-010  2.7400000e-010  2.5600000e-010  2.7100000e-010  2.7100000e-010  2.6450000e-010  3.1600000e-010  3.0850000e-010  3.1450000e-010             NaN
  9.0000000e+001             NaN  2.3400000e-010  1.8750000e-010  1.9400000e-010  2.1450000e-010  2.2700000e-010  2.0100000e-010  2.0900000e-010  2.0700000e-010  2.1200000e-010  2.1300000e-010  2.2700000e-010  3.0500000e-010  2.5600000e-010  2.8950000e-010  3.3650000e-010  3.8500000e-010  4.8400000e-010  5.6300000e-010  4.0600000e-010  4.3950000e-010  2.6250000e-010  3.5350000e-010  3.0600000e-010  2.3100000e-010  2.2800000e-010  2.3300000e-010  2.3800000e-010  2.4450000e-010  2.4500000e-010  2.4200000e-010  2.4600000e-010  2.4550000e-010  2.4700000e-010  2.5900000e-010             NaN
  8.0000000e+001             NaN  2.0900000e-010  2.0300000e-010  2.1500000e-010  2.1900000e-010  1.9000000e-010  1.8400000e-010  2.1100000e-010  1.9550000e-010  1.9750000e-010  1.9200000e-010  2.0850000e-010  2.7500000e-010  2.7850000e-010  2.1000000e-010  2.9600000e-010  2.8550000e-010  3.2300000e-010             NaN  3.6650000e-010  4.3450000e-010  3.3100000e-010  3.0800000e-010  2.3400000e-010  2.8200000e-010  2.5800000e-010  2.3050000e-010  2.5400000e-010  2.1100000e-010  2.4500000e-010  2.2600000e-010  2.1350000e-010  2.4800000e-010  2.3550000e-010  2.2600000e-010  2.5500000e-010
  7.0000000e+001             NaN  1.8000000e-010  1.7800000e-010  1.9000000e-010  1.8400000e-010  1.8800000e-010  2.0350000e-010  2.0500000e-010  1.9500000e-010  1.9900000e-010  1.9200000e-010  2.0300000e-010  2.1900000e-010  2.5750000e-010  2.8300000e-010  3.3800000e-010  3.0700000e-010  3.0700000e-010  3.4350000e-010  3.1100000e-010  2.5550000e-010  2.3550000e-010  2.7250000e-010  2.5000000e-010  2.2800000e-010  2.5100000e-010  2.2050000e-010  2.3600000e-010  2.3100000e-010  2.3000000e-010  2.2450000e-010  2.3000000e-010  2.2300000e-010  2.2900000e-010  2.4000000e-010  2.3800000e-010
  5.0000000e+001             NaN  3.0400000e-010  2.1900000e-010  2.3200000e-010  2.2800000e-010  2.6100000e-010  2.4300000e-010  2.4150000e-010  2.4400000e-010  2.4100000e-010  2.4250000e-010  2.6050000e-010  2.3200000e-010  2.3200000e-010  2.7400000e-010  2.5200000e-010  3.2050000e-010  2.9150000e-010  3.4700000e-010  2.7650000e-010  3.2250000e-010  3.2400000e-010  3.5000000e-010  3.1000000e-010  3.1050000e-010  3.0850000e-010  3.1000000e-010  3.1650000e-010  3.0100000e-010  2.9300000e-010  2.7600000e-010  2.7500000e-010  2.8200000e-010  2.8000000e-010  2.8200000e-010  2.8450000e-010
  3.0000000e+001             NaN  2.7300000e-010  2.7450000e-010  2.8550000e-010  2.7600000e-010  2.8900000e-010  2.9300000e-010  2.9550000e-010  3.1000000e-010  3.1200000e-010  3.3750000e-010  3.0450000e-010  2.9600000e-010  3.0550000e-010  2.9800000e-010  3.2100000e-010  3.3950000e-010  3.3400000e-010  3.7300000e-010  3.8450000e-010  4.1100000e-010  4.6600000e-010  4.7150000e-010  3.7500000e-010  3.7300000e-010  3.9200000e-010  3.9600000e-010  3.7500000e-010  3.5700000e-010  3.5200000e-010  3.2700000e-010  3.3700000e-010  3.9800000e-010  4.3100000e-010  4.9650000e-010  4.9400000e-010
  2.0000000e+001             NaN  2.4700000e-010  2.9250000e-010  2.6000000e-010  2.5000000e-010  2.6900000e-010  2.6300000e-010  2.5000000e-010  2.6800000e-010  2.5900000e-010  3.1400000e-010  2.7600000e-010  2.8100000e-010  2.9200000e-010  2.8800000e-010  2.9800000e-010  3.1200000e-010  3.3050000e-010  3.5000000e-010  3.6500000e-010  3.7000000e-010  4.0100000e-010  3.3150000e-010  3.6800000e-010  3.7700000e-010  3.4200000e-010  3.7050000e-010  3.4200000e-010  3.2300000e-010  3.6100000e-010  3.7100000e-010  4.5650000e-010  5.8200000e-010  6.4300000e-010  7.2400000e-010  8.8550000e-010
  1.5000000e+001             NaN  3.4700000e-010  2.6550000e-010  2.6650000e-010  2.5550000e-010  2.7550000e-010  2.6800000e-010  2.8400000e-010  2.6700000e-010  2.8950000e-010  3.2700000e-010  2.9100000e-010  2.9350000e-010  3.1500000e-010  3.0050000e-010  3.2900000e-010  3.2400000e-010  3.3350000e-010  3.5750000e-010  4.0100000e-010  3.7900000e-010  4.2950000e-010  4.1550000e-010  3.9600000e-010  3.8500000e-010  3.6750000e-010  3.7800000e-010  3.8200000e-010  3.7400000e-010  4.1950000e-010  4.3500000e-010  6.5300000e-010  7.2200000e-010  8.8450000e-010  1.0050000e-009  1.2300000e-009
  1.0000000e+001             NaN  4.2100000e-010  3.6300000e-010  3.4000000e-010  3.1900000e-010  3.2050000e-010  3.3850000e-010  3.3300000e-010  3.5200000e-010  3.7450000e-010  3.7500000e-010  3.7700000e-010  3.7400000e-010  4.1750000e-010  3.8900000e-010  4.0000000e-010  4.2400000e-010  4.6850000e-010  4.4800000e-010  4.8250000e-010  4.7300000e-010  5.0100000e-010  5.2700000e-010  4.7350000e-010  5.0100000e-010  4.6800000e-010  4.7750000e-010  4.7000000e-010  5.2400000e-010  5.3000000e-010  6.2300000e-010  9.4150000e-010  1.1400000e-009  1.2500000e-009  1.4300000e-009  1.5000000e-009
  7.0000000e+000             NaN             NaN  4.0500000e-010  4.0600000e-010  4.1000000e-010  3.9900000e-010  4.2300000e-010  4.3000000e-010  4.9100000e-010  5.1800000e-010  5.1650000e-010  5.2450000e-010  5.8400000e-010  6.1800000e-010  5.5100000e-010  5.9900000e-010  6.4700000e-010  6.7600000e-010  6.1500000e-010  6.5000000e-010  6.6400000e-010  7.0300000e-010  7.2300000e-010  7.7200000e-010  6.9500000e-010  7.0050000e-010  6.8800000e-010  8.1100000e-010  7.6700000e-010  9.1100000e-010  1.0400000e-009  1.3800000e-009  1.6600000e-009  1.7200000e-009  1.9400000e-009             NaN
  5.0000000e+000             NaN             NaN  5.1000000e-010  4.8250000e-010  4.6950000e-010  4.8900000e-010  4.9350000e-010  4.9800000e-010  5.7500000e-010  5.9900000e-010  6.5200000e-010  7.3600000e-010  7.8650000e-010  7.6250000e-010  8.0100000e-010  8.1400000e-010  8.4600000e-010  9.3150000e-010  8.8200000e-010  8.3900000e-010  9.4000000e-010  9.8800000e-010  1.0300000e-009  1.0600000e-009  1.1500000e-009  1.0400000e-009  1.1400000e-009  1.2000000e-009  1.3200000e-009  1.5300000e-009  1.7200000e-009  2.2500000e-009  2.5400000e-009  2.7350000e-009  3.6100000e-009  3.5800000e-009
  3.0000000e+000             NaN             NaN  5.1600000e-010  5.3800000e-010  5.4250000e-010  5.5000000e-010  5.5400000e-010  6.6100000e-010  7.0400000e-010  8.2300000e-010  8.8700000e-010  9.9000000e-010  1.1300000e-009  1.1000000e-009  1.2350000e-009  1.2400000e-009  1.3500000e-009  1.3650000e-009  1.3450000e-009  1.3200000e-009  1.5650000e-009  1.6250000e-009  1.6350000e-009  1.6200000e-009  1.6750000e-009  2.1300000e-009  1.8550000e-009  2.1800000e-009  2.4700000e-009  2.8100000e-009  3.3100000e-009  3.8050000e-009  4.3300000e-009  4.4750000e-009  4.4650000e-009  4.4850000e-009
  2.0000000e+000             NaN             NaN             NaN  6.0250000e-010  6.1700000e-010  6.4200000e-010  6.7400000e-010  7.5000000e-010  8.5400000e-010  9.8900000e-010  1.0650000e-009  1.1700000e-009  1.3100000e-009  1.4050000e-009  1.5400000e-009  1.5950000e-009  1.7400000e-009  1.7000000e-009  1.8500000e-009  1.7500000e-009  1.8400000e-009  2.4400000e-009  2.2500000e-009  2.5950000e-009  2.9500000e-009  3.4300000e-009  3.4650000e-009  3.3400000e-009  4.7200000e-009  5.1300000e-009  6.2600000e-009  6.8200000e-009  7.3600000e-009  6.8500000e-009  8.1900000e-009  5.9100000e-009
  1.5000000e+000             NaN             NaN  7.0800000e-010  7.3000000e-010  6.9800000e-010  7.0400000e-010  7.3200000e-010  8.2500000e-010  1.0150000e-009  1.1400000e-009  1.1350000e-009  1.4100000e-009  1.6300000e-009  1.7300000e-009  1.8550000e-009  1.7500000e-009  1.8800000e-009  1.8900000e-009  2.0500000e-009  2.9300000e-009  2.7300000e-009  3.3400000e-009  3.0150000e-009  3.3100000e-009  3.3900000e-009  4.3750000e-009  5.5250000e-009  5.6300000e-009  7.4400000e-009  8.3900000e-009  9.8950000e-009  1.0500000e-008  1.1600000e-008  1.1550000e-008  1.0500000e-008  1.3850000e-008
  1.0000000e+000             NaN  8.2900000e-010  8.4400000e-010  8.4000000e-010  8.5450000e-010  9.2300000e-010  9.6200000e-010  1.1100000e-009  1.2650000e-009  1.3900000e-009  1.5700000e-009  1.7050000e-009  1.8700000e-009  2.0900000e-009  2.2550000e-009  2.2550000e-009  2.2000000e-009  2.3400000e-009  2.6200000e-009  3.5100000e-009  4.2100000e-009  3.7000000e-009  4.4500000e-009  4.4600000e-009  4.7300000e-009  7.1800000e-009  7.0700000e-009  9.1150000e-009  1.1300000e-008  1.3400000e-008  1.5100000e-008  1.6400000e-008  1.9300000e-008  1.8700000e-008  2.2900000e-008  2.1100000e-008
  7.0000000e-001             NaN  1.1050000e-009  1.0000000e-009  1.0950000e-009  1.0600000e-009  1.1700000e-009  1.2500000e-009  1.3300000e-009  1.5800000e-009  1.6500000e-009  2.0250000e-009  2.2900000e-009  2.4100000e-009  2.4850000e-009  2.9400000e-009  2.8500000e-009  2.9650000e-009  2.9800000e-009  3.3800000e-009  4.7750000e-009  6.5400000e-009  5.8100000e-009  6.0400000e-009  6.7650000e-009  6.6200000e-009  9.1500000e-009  1.2950000e-008  1.7500000e-008  1.6550000e-008  1.9300000e-008  2.3150000e-008  2.8350000e-008  3.0100000e-008  3.1200000e-008  2.7400000e-008  4.9350000e-008
  5.0000000e-001             NaN  1.4000000e-009  1.3650000e-009  1.3700000e-009  1.4100000e-009  1.3700000e-009  1.4200000e-009  1.6800000e-009  2.0150000e-009  2.0600000e-009  2.6650000e-009  2.9000000e-009  3.0300000e-009  3.7800000e-009  3.7800000e-009  3.8400000e-009  3.9800000e-009  4.0100000e-009  4.2100000e-009  5.0400000e-009  6.7750000e-009  8.2600000e-009  7.7900000e-009  1.1400000e-008  1.1600000e-008  1.5050000e-008  1.9000000e-008  2.4900000e-008  2.4550000e-008  2.8800000e-008  3.1900000e-008  3.7050000e-008  4.0400000e-008  4.0000000e-008  4.5000000e-008  4.4250000e-008
  3.0000000e-001             NaN  3.2050000e-009  1.9600000e-009  2.0150000e-009  2.0400000e-009  2.0850000e-009  2.0900000e-009  2.1300000e-009  2.3050000e-009  2.8550000e-009  3.0400000e-009  4.1150000e-009  4.2150000e-009  4.6350000e-009  5.0850000e-009  5.4000000e-009  5.4200000e-009  5.5350000e-009  6.5350000e-009  7.1050000e-009  9.0800000e-009  1.4700000e-008  2.1900000e-008  1.6250000e-008  2.0100000e-008  3.3400000e-008  3.2800000e-008  3.5150000e-008  3.9800000e-008  4.1900000e-008  4.9600000e-008  5.3750000e-008  6.1400000e-008  5.7700000e-008  6.3600000e-008  5.0250000e-008
  2.0000000e-001             NaN  3.9400000e-009  4.4200000e-009  3.1200000e-009  3.3350000e-009  3.0050000e-009  3.3850000e-009  3.3900000e-009  3.5900000e-009  4.3500000e-009  3.7400000e-009  4.8500000e-009  5.9450000e-009  6.7900000e-009  7.9400000e-009  8.3150000e-009  8.4000000e-009  8.7300000e-009  1.0500000e-008  1.2050000e-008  1.2150000e-008  1.1160000e-008  3.0200000e-008  3.4000000e-008  3.8550000e-008  4.5950000e-008  4.6800000e-008  5.2600000e-008  5.6150000e-008  6.2500000e-008  6.3200000e-008  7.5700000e-008  7.6400000e-008  6.8300000e-008  8.2300000e-008  1.3000000e-007
  1.5000000e-001             NaN  6.0500000e-009  5.8700000e-009  5.0600000e-009  4.4100000e-009  4.3000000e-009  4.9300000e-009  4.6100000e-009  4.4500000e-009  4.6400000e-009  4.6200000e-009  5.6800000e-009  5.8000000e-009  1.0400000e-008  6.2700000e-009  1.1650000e-008  1.1600000e-008  1.3950000e-008  1.5400000e-008  1.5850000e-008  1.8100000e-008  3.2900000e-008  4.8750000e-008  5.9300000e-008  5.1000000e-008  6.5500000e-008  7.6550000e-008  7.5000000e-008  8.1900000e-008  8.6700000e-008  8.7900000e-008  9.0350000e-008  1.0900000e-007  7.8300000e-008  1.0800000e-007             NaN
  1.0000000e-001             NaN             NaN             NaN  7.2500000e-009  7.6300000e-009  6.8300000e-009  7.0000000e-009  7.7300000e-009  8.2100000e-009  8.0300000e-009  8.0150000e-009  1.0200000e-008  9.2200000e-009  9.9800000e-009  8.9850000e-009  1.4000000e-008  1.6800000e-008  2.0200000e-008  2.2200000e-008  2.3600000e-008  2.5100000e-008  5.7700000e-008  6.9650000e-008  7.4500000e-008  7.9200000e-008  9.3450000e-008  9.1750000e-008  1.0500000e-007  1.1400000e-007  1.1600000e-007  1.1750000e-007  1.1100000e-007  1.2200000e-007  1.3000000e-007  1.4600000e-007             NaN
