             NaN -8.7500000e+001 -8.2500000e+001 -7.7500000e+001 -7.2500000e+001 -6.7500000e+001 -6.2500000e+001 -5.7500000e+001 -5.2500000e+001 -4.7500000e+001 -4.2500000e+001 -3.7500000e+001 -3.2500000e+001 -2.7500000e+001 -2.2500000e+001 -1.7500000e+001 -1.2500000e+001 -7.5000000e+000 -2.5000000e+000  2.5000000e+000  7.5000000e+000  1.2500000e+001  1.7500000e+001  2.2500000e+001  2.7500000e+001  3.2500000e+001  3.7500000e+001  4.2500000e+001  4.7500000e+001  5.2500000e+001  5.7500000e+001  6.2500000e+001  6.7500000e+001  7.2500000e+001  7.7500000e+001  8.2500000e+001  8.7500000e+001
  1.0000000e+003             NaN             NaN             NaN             NaN             NaN             NaN             NaN             NaN             NaN             NaN             NaN             NaN             NaN             NaN             NaN             NaN             NaN             NaN             NaN             NaN             NaN             NaN             NaN             NaN             NaN             NaN             NaN             NaN             NaN             NaN             NaN             NaN             NaN             NaN             NaN             NaN
  8.5000000e+002             NaN             NaN             NaN             NaN             NaN             NaN             NaN             NaN             NaN             NaN             NaN             NaN             NaN             NaN             NaN             NaN             NaN             NaN             NaN             NaN             NaN             NaN             NaN             NaN             NaN             NaN             NaN             NaN             NaN             NaN             NaN             NaN             NaN             NaN             NaN             NaN
  7.0000000e+002             NaN             NaN             NaN             NaN             NaN             NaN             NaN             NaN             NaN             NaN             NaN             NaN             NaN             NaN             NaN             NaN             NaN             NaN             NaN             NaN             NaN             NaN             NaN             NaN             NaN             NaN             NaN             NaN             NaN             NaN             NaN             NaN             NaN             NaN             NaN             NaN
  5.0000000e+002             NaN             NaN             NaN             NaN             NaN             NaN             NaN             NaN             NaN             NaN             NaN  1.0510250e-007  1.2076984e-007  1.0738099e-007  1.1003233e-007  9.1234571e-008  1.0271768e-007  1.0366905e-007             NaN  9.1250273e-008  1.1552759e-007  1.0249288e-007  8.8643647e-008  8.6046158e-008  8.7153544e-008  9.4705801e-008             NaN             NaN             NaN             NaN             NaN             NaN             NaN             NaN             NaN             NaN
  4.0000000e+002             NaN             NaN             NaN             NaN             NaN             NaN             NaN             NaN             NaN  9.3177066e-008  1.1210956e-007  1.0860128e-007  1.0842152e-007  1.0799482e-007  1.0823358e-007  9.8952780e-008  9.0981932e-008  1.0257951e-007             NaN  1.1699401e-007  1.0973715e-007  1.0188198e-007  8.8252883e-008  9.3640173e-008  9.4036902e-008  9.3458505e-008  9.9365509e-008  9.7182163e-008             NaN             NaN             NaN             NaN             NaN             NaN             NaN             NaN
  3.0000000e+002             NaN             NaN             NaN  4.0149395e-008  4.0641932e-008  4.6606842e-008  4.7357953e-008  5.5402259e-008  6.7062112e-008  8.4683181e-008  8.4897212e-008  1.0610354e-007  1.0234109e-007  1.0849201e-007  1.1163416e-007  9.8820505e-008  9.7417046e-008  9.5500231e-008             NaN  9.4881604e-008  9.5348073e-008  9.3819653e-008  8.3363875e-008  8.3953030e-008  8.8231280e-008  8.6792243e-008  8.4996627e-008  8.5977692e-008  8.3068009e-008  7.5980253e-008  6.6523046e-008  6.7494763e-008  6.0826490e-008  6.0690103e-008  4.8433077e-008  4.4352364e-008
  2.5000000e+002  3.4006558e-008  3.4835970e-008  3.5586950e-008  3.5072974e-008  3.3715016e-008  3.6160409e-008  3.7668031e-008  4.0921122e-008  4.9219531e-008  5.8753861e-008  6.6338691e-008  8.8114455e-008  9.7082795e-008  9.9138624e-008  1.0109093e-007  9.8306027e-008  9.0527994e-008  8.5841781e-008             NaN  9.5345962e-008  8.5722543e-008  8.0579895e-008  8.0389636e-008  8.3448505e-008  7.5116728e-008  8.0982364e-008  7.7423868e-008  6.5570421e-008  5.6988174e-008  5.4156453e-008  4.8730077e-008  4.7523764e-008  4.7236510e-008  4.5691937e-008  4.4840255e-008  4.3040008e-008
  2.0000000e+002  2.8250855e-008  3.0580125e-008  2.8757996e-008  2.7665289e-008  2.9108365e-008  2.8197691e-008  2.9655572e-008  3.1479955e-008  3.2897276e-008  3.9023919e-008  4.8103103e-008  6.6552680e-008  7.5782851e-008  9.0406027e-008  8.5189562e-008  9.6716561e-008  9.6762541e-008  7.8848327e-008             NaN  7.2893630e-008  8.8621585e-008  9.1086346e-008  7.6020661e-008  7.2497258e-008  7.1200666e-008  6.4661104e-008  5.5863446e-008  4.4819658e-008  3.9233362e-008  3.6746249e-008  3.5272978e-008  3.4849676e-008  3.5001580e-008  3.4832119e-008  3.7483412e-008             NaN
  1.7000000e+002             NaN  2.3017614e-008  2.4595484e-008  2.5339416e-008  2.4834807e-008  2.4617431e-008  2.5172674e-008  2.5793661e-008  2.9205464e-008  2.9491096e-008  3.5035072e-008  4.7096164e-008  5.7822249e-008  7.0526090e-008  8.9407416e-008  9.8312231e-008  8.0264377e-008  7.1269791e-008             NaN  8.9522082e-008  8.0978960e-008  8.1606130e-008  6.7484012e-008  6.9167615e-008  6.0452753e-008  5.1743886e-008  4.5001614e-008  3.9764081e-008  3.3963072e-008  3.2628000e-008  2.9818344e-008  2.8851236e-008  2.8568176e-008  2.9213543e-008  2.7892903e-008             NaN
  1.5000000e+002             NaN  1.9888907e-008  2.0803060e-008  2.0980904e-008  2.0554236e-008  2.1084260e-008  2.1536742e-008  2.2849580e-008  2.5288825e-008  2.7158602e-008  2.8591377e-008  3.4562457e-008  4.4080869e-008  6.6259944e-008  7.9010892e-008  9.6754960e-008  8.7522830e-008  7.6178341e-008             NaN  9.1994610e-008  8.0579353e-008  8.0596700e-008  7.0383201e-008  5.4003903e-008  4.3377150e-008  4.0371413e-008  3.7374086e-008  3.2796361e-008  2.9701713e-008  2.8187763e-008  2.5999451e-008  2.5459298e-008  2.4587580e-008  2.3489677e-008  2.2916424e-008             NaN
  1.3000000e+002  1.6864911e-008  1.9288843e-008  1.8101574e-008  1.8479621e-008  1.9487733e-008  1.8469803e-008  1.8726456e-008  2.0291061e-008  2.0905325e-008  2.2865396e-008  2.7516016e-008  2.8903541e-008  4.0378324e-008  5.3571011e-008  7.0844913e-008  7.6542523e-008  7.5602805e-008  6.6594272e-008             NaN  7.8444760e-008  6.6426041e-008  5.8555747e-008  5.8023427e-008  4.2453565e-008  3.9864808e-008  3.4519627e-008  2.9922461e-008  2.5994456e-008  2.5759300e-008  2.3231775e-008  2.3036802e-008  2.1569101e-008  2.1085584e-008  2.0617834e-008  2.0746370e-008  2.1023940e-008
  1.1500000e+002  1.5156448e-008  1.7201845e-008  1.7210352e-008  1.6877563e-008  1.6917337e-008  1.6220008e-008  1.6713771e-008  1.8409436e-008  1.9423681e-008  1.9524900e-008  2.1370038e-008  2.4791360e-008  2.7378422e-008  3.2221122e-008  4.3887558e-008  5.5675919e-008  5.9710759e-008  5.3089280e-008             NaN  6.3256975e-008  6.9303758e-008  3.3456393e-008  3.7317045e-008  3.3784985e-008  3.0208028e-008  2.6895555e-008  2.4831260e-008  2.1128950e-008  2.0833821e-008  2.0348929e-008  1.9604009e-008  1.8711234e-008  1.8419766e-008  1.7830878e-008  1.8167149e-008             NaN
  1.0000000e+002             NaN  1.7631279e-008  1.7025138e-008  1.6878223e-008  1.7036583e-008  1.6233182e-008  1.5808889e-008  1.6175854e-008  1.6599347e-008  1.8342018e-008  1.8582158e-008  1.9904216e-008  2.1448627e-008  2.8407957e-008  3.8573454e-008  4.4905750e-008  4.9304353e-008  4.4613276e-008             NaN  4.8071427e-008  4.8629399e-008  3.4794283e-008  3.8291810e-008  2.9569606e-008  2.3217139e-008  2.0944289e-008  2.0063806e-008  1.9542793e-008  1.7991010e-008  1.7984480e-008  1.7319346e-008  1.6903579e-008  1.6646862e-008  1.6673819e-008  1.6155210e-008             NaN
  9.0000000e+001  1.6982868e-008  1.6985282e-008  1.6899691e-008  1.7024745e-008  1.6645413e-008  1.5261466e-008  1.4964998e-008  1.5086665e-008  1.6382933e-008  1.7647020e-008  1.7595799e-008  1.8645369e-008  2.0433048e-008  2.3447635e-008  2.8421235e-008  3.8412914e-008  3.7633621e-008  3.9476376e-008             NaN  3.2506056e-008  4.0949353e-008  3.4503320e-008  2.6825396e-008  2.6372166e-008  2.0118952e-008  1.8522217e-008  1.8847615e-008  1.7109378e-008  1.6872819e-008  1.6164071e-008  1.6211224e-008  1.5823617e-008  1.5843751e-008  1.5507677e-008  1.5558077e-008             NaN
  8.0000000e+001  1.6085062e-008  1.6299470e-008  1.6265635e-008  1.6600298e-008  1.6268933e-008  1.5221421e-008  1.3939827e-008  1.4996723e-008  1.4306990e-008  1.5159797e-008  1.4963296e-008  1.5312624e-008  1.6387403e-008  2.1967886e-008  2.3923634e-008  2.9494094e-008  2.9068775e-008  2.9924972e-008             NaN  2.9475351e-008             NaN  3.5444523e-008  2.3271048e-008  1.8346230e-008  1.8501384e-008  1.7088199e-008  1.6121632e-008  1.5760546e-008  1.5316606e-008  1.5630516e-008  1.5375609e-008  1.5201548e-008  1.5280905e-008  1.5051282e-008  1.5214486e-008  1.5437617e-008
  7.0000000e+001  1.5664107e-008  1.6615834e-008  1.6275873e-008  1.5703692e-008  1.6008235e-008  1.4752216e-008  1.3800359e-008  1.3578731e-008  1.3841420e-008  1.3741432e-008  1.3976678e-008  1.4383730e-008  1.5234495e-008  1.7445766e-008  1.9182332e-008  2.1692800e-008  2.0471217e-008  2.0825376e-008             NaN  2.0734958e-008  1.9654703e-008  2.0425347e-008  1.8566717e-008  1.8280661e-008  1.5497088e-008  1.5062201e-008  1.4868748e-008  1.4858310e-008  1.4874246e-008  1.4842430e-008  1.4730161e-008  1.4899113e-008  1.4992543e-008  1.5071696e-008  1.5116256e-008  1.5144205e-008
  5.0000000e+001  2.2829991e-008  1.8562529e-008  1.9266266e-008  1.8293763e-008  1.7605693e-008  1.5556056e-008  1.4507550e-008  1.4261271e-008  1.4101692e-008  1.4052313e-008  1.3961777e-008  1.3708236e-008  1.3466208e-008  1.3817882e-008  1.3699128e-008  1.4318222e-008  1.3556428e-008  1.3996673e-008             NaN  1.3922477e-008  1.4044914e-008  1.4186781e-008  1.4053734e-008  1.4184416e-008  1.4086878e-008  1.4331943e-008  1.4654481e-008  1.4802631e-008  1.4977859e-008  1.5174901e-008  1.5419615e-008  1.5860746e-008  1.6150440e-008  1.6377116e-008  1.6604913e-008  1.6928559e-008
  3.0000000e+001  1.8659083e-008  1.8278049e-008  2.0224894e-008  1.7989122e-008  1.8288869e-008  1.5446721e-008  1.5806410e-008  1.5746782e-008  1.5746591e-008  1.5511408e-008  1.5383990e-008  1.4925876e-008  1.4517061e-008  1.4049774e-008  1.3033782e-008  1.2782476e-008  1.2237586e-008  1.2416745e-008             NaN  1.2313998e-008  1.2682495e-008  1.2624116e-008  1.3545762e-008  1.3645742e-008  1.4063902e-008  1.4319640e-008  1.4736926e-008  1.4983504e-008  1.5164303e-008  1.5402635e-008  1.5700983e-008  1.5863626e-008  1.6421745e-008  1.6829087e-008  1.7225209e-008  1.7209052e-008
  2.0000000e+001  2.4109117e-008  1.5556375e-008  1.6038855e-008  1.7910218e-008  1.6193696e-008  1.8784130e-008  1.6804644e-008  1.7590265e-008  1.7573183e-008  1.7261569e-008  1.7237009e-008  1.7272020e-008  1.6163368e-008  1.5697027e-008  1.4938979e-008  1.4173252e-008  1.4292908e-008  1.4125123e-008             NaN  1.4706980e-008  1.4256996e-008  1.4397121e-008  1.5506370e-008  1.5258912e-008  1.5376259e-008  1.5894428e-008  1.5227479e-008  1.5684362e-008  1.5241525e-008  1.5057559e-008  1.5082670e-008  1.4979131e-008  1.5100195e-008  1.5139033e-008  1.5381521e-008  1.5827400e-008
  1.5000000e+001  4.5206100e-008  5.1915428e-008  4.6172396e-008  4.9258664e-008  3.8326855e-008  2.9258216e-008  2.0078745e-008  1.9107100e-008  1.9291045e-008  1.9075235e-008  1.8998502e-008  1.8706942e-008  1.8885217e-008  1.8203197e-008  1.7923177e-008  1.7664820e-008  1.8020570e-008  1.8397501e-008             NaN  1.8260208e-008  1.9468356e-008  1.8810889e-008  1.9032247e-008  1.7857163e-008  1.8034502e-008  1.7710038e-008  1.7198588e-008  1.6425880e-008  1.5656623e-008  1.4888496e-008  1.4245077e-008  1.3568350e-008  1.4008695e-008  1.4340864e-008  1.4686185e-008  1.4884454e-008
  1.0000000e+001  1.0484230e-007  9.7854554e-008  1.0658647e-007  8.7459731e-008  6.5230992e-008  4.0336212e-008  2.1106689e-008  1.9486538e-008  1.9510333e-008  1.9820977e-008  1.9614955e-008  1.9236306e-008  1.9907054e-008  2.0262375e-008  2.1157586e-008  2.1627224e-008  2.1366043e-008  2.2681426e-008             NaN  2.2752809e-008  2.2105785e-008  2.2918609e-008  2.2552109e-008  2.0357995e-008  2.0337376e-008  1.8177430e-008  1.7126459e-008  1.5768198e-008  1.4983435e-008  1.3580252e-008  1.2856049e-008  1.1872491e-008  1.2363897e-008  1.2313213e-008  1.2735678e-008  1.2699797e-008
  7.0000000e+000  2.0475138e-007  1.2204182e-007  8.7059626e-008  6.8718251e-008  5.8651677e-008  3.1497077e-008  2.2307278e-008  2.0036202e-008  1.9994561e-008  2.0097988e-008  1.9634954e-008  1.9724347e-008  2.0784057e-008  2.1755938e-008  2.4040595e-008  2.5132650e-008  2.6197428e-008  2.6376465e-008             NaN  2.6171945e-008  2.5662589e-008  2.5784781e-008  2.4549743e-008  2.2674721e-008  2.0682208e-008  1.7730883e-008  1.6303464e-008  1.5152885e-008  1.4019796e-008  1.3024135e-008  1.1624033e-008  1.1209580e-008  1.1078450e-008  1.1035375e-008  1.1276376e-008  1.1213121e-008
  5.0000000e+000  4.1666252e-008  9.6269998e-008  9.2428664e-008  5.9819069e-008  4.5295449e-008  2.5536209e-008  2.1014300e-008  2.0471828e-008  2.0005657e-008  2.0008782e-008  1.9996741e-008  2.0233368e-008  2.0813466e-008  2.2096023e-008  2.4030490e-008  2.7323085e-008  2.8452176e-008  2.8457886e-008             NaN  2.9094335e-008  2.8159836e-008  2.6557094e-008  2.6745414e-008  2.5179759e-008  2.0312276e-008  1.8676230e-008  1.6131923e-008  1.5443852e-008  1.3775092e-008  1.2349747e-008  1.0713449e-008  9.9502667e-009  9.2040054e-009  9.4869226e-009  9.4436779e-009  9.6279833e-009
  3.0000000e+000  7.3220892e-008  7.2919408e-008  4.9076392e-008  4.3913354e-008  3.1062585e-008  2.3654927e-008  2.2298293e-008  2.1621606e-008  2.0799424e-008  2.0902630e-008  2.0797370e-008  2.1607354e-008  2.1833795e-008  2.3302504e-008  2.6078858e-008  2.7040560e-008  2.6279496e-008  2.8289727e-008             NaN  2.7490502e-008  2.6295276e-008  2.8013944e-008  2.8125233e-008  2.4820109e-008  2.0392454e-008  1.8513896e-008  1.8130293e-008  1.6153677e-008  1.4598921e-008  1.2406571e-008  1.0989082e-008  1.0283004e-008  9.2826118e-009  8.7745700e-009  8.3884269e-009  7.8129686e-009
  2.0000000e+000  1.6427198e-007  5.4444655e-008  4.5333483e-008  3.3461448e-008  2.8211972e-008  2.5277207e-008  2.2201401e-008  2.3853848e-008  2.0612259e-008  2.1141853e-008  2.1845826e-008  2.1895081e-008  2.2764238e-008  2.4199986e-008  2.5286592e-008  2.5250565e-008  2.6501676e-008  2.9495325e-008             NaN  2.7073281e-008  2.8279979e-008  2.8673318e-008  2.9207386e-008  2.4974287e-008  2.1018190e-008  2.0313425e-008  1.8978420e-008  1.7373285e-008  1.5954531e-008  1.3693905e-008  1.2466067e-008  1.1327204e-008  9.9035194e-009  8.8375045e-009  7.4419132e-009  6.6907137e-009
  1.5000000e+000  4.1323879e-008  5.6374889e-008  4.3435492e-008  3.0601305e-008  2.9208464e-008  2.8003861e-008  2.4938567e-008  2.3831001e-008  2.4172216e-008  2.2545006e-008  2.2113176e-008  2.3563128e-008  2.4016470e-008  2.4509405e-008  2.4187685e-008  2.6967153e-008  2.6368778e-008  3.0605760e-008             NaN  2.8463336e-008  2.8835048e-008  2.9275256e-008  2.6785232e-008  2.5853285e-008  2.4446326e-008  2.1161901e-008  2.1716533e-008  1.9029426e-008  2.0056238e-008  1.5087534e-008  1.2963597e-008  1.4597583e-008  1.1305164e-008  8.6314489e-009  9.2378415e-009  7.4644847e-009
  1.0000000e+000  7.7951449e-008  4.0570604e-008  4.5008281e-008  3.0149423e-008  3.1119586e-008  2.7600577e-008  3.0906247e-008  3.5215151e-008  3.5885342e-008  2.9297594e-008  2.5557322e-008  2.5881828e-008  2.5586839e-008  2.7317377e-008  2.8031561e-008  2.8713567e-008  2.9960505e-008  2.9603534e-008             NaN  3.0671483e-008  2.9815177e-008  3.1560392e-008  2.8997466e-008  2.7511083e-008  2.8334948e-008  2.6875271e-008  3.0011632e-008  2.5655997e-008  2.2874413e-008  2.2303857e-008  1.9516849e-008  2.5355970e-008  2.1174385e-008  1.3659410e-008  1.3111348e-008  1.2143895e-008
  7.0000000e-001  8.4583168e-008  8.0869704e-008  5.0236895e-008  4.3874943e-008  3.6494858e-008  3.5206617e-008  3.5078416e-008  3.4057774e-008  3.4359646e-008  3.3413129e-008  3.3166869e-008  3.1123760e-008  3.2222354e-008  3.1354209e-008  3.3026829e-008  3.2614421e-008  3.3177200e-008  3.3433731e-008             NaN  3.5924021e-008  3.5682287e-008  2.8645133e-008  3.0166274e-008  3.2810227e-008  3.0311449e-008  3.1571796e-008  3.8359578e-008  4.0064167e-008  3.7122230e-008  3.1137272e-008  4.1023616e-008  4.4326662e-008  3.7581898e-008  2.7171838e-008  2.2888014e-008  2.3896689e-008
  5.0000000e-001  1.1689126e-007  4.8727679e-008  4.8286622e-008  4.8595813e-008  5.3457641e-008  5.0300548e-008  4.5163823e-008  5.1844684e-008  4.7794487e-008  4.7247679e-008  4.3086858e-008  4.0544654e-008  3.7135482e-008  3.6871086e-008  3.7707861e-008  3.8648573e-008  3.8432450e-008  3.8057620e-008             NaN  4.0801275e-008  3.6365603e-008  3.9942673e-008  3.6900882e-008  4.8062445e-008  4.0263826e-008  5.8262090e-008  5.2443644e-008  5.9753985e-008  5.0127385e-008  6.3800274e-008  9.7006468e-008  7.3937636e-008  4.8098826e-008  4.5719450e-008  3.5151176e-008  4.1296270e-008
  3.0000000e-001             NaN  7.8102467e-008  8.2660906e-008  6.6076262e-008  6.2361830e-008  6.5839511e-008  6.0799849e-008  6.2939427e-008  6.1828053e-008  6.1136821e-008  7.9638895e-008  8.2897074e-008  5.9075971e-008  5.2190718e-008  4.8027965e-008  5.1782251e-008  4.1501002e-008  4.6463496e-008             NaN  6.1211002e-008  5.2807127e-008  6.1595114e-008  4.8041502e-008  7.2640975e-008  6.1591087e-008  7.0170165e-008  8.9479448e-008  8.0185705e-008  9.8014162e-008  9.3131322e-008  9.3336734e-008  1.2689351e-007  8.2885046e-008  7.7428936e-008  5.9070965e-008  5.8067121e-008
  2.0000000e-001  1.2070523e-007  1.2313713e-007  6.2279982e-008  8.9738375e-008  6.9225183e-008  8.6665391e-008  8.4514550e-008  7.3479032e-008  9.4905715e-008  1.3188982e-007  1.3596378e-007  1.1258908e-007  1.0724687e-007  7.9215987e-008  6.3893678e-008  5.5965557e-008  5.7605893e-008  6.1514280e-008             NaN  5.3286194e-008  9.2661372e-008  1.1518946e-007  4.2971441e-008  9.7689716e-008  1.2027739e-007  1.5628706e-007  1.4644873e-007  2.0678193e-007  1.5437656e-007  1.2504509e-007  1.9729175e-007  1.2926685e-007  1.1595236e-007  1.0588630e-007  8.4216984e-008  9.0550754e-008
  1.5000000e-001  8.7789309e-008  1.0458549e-007  1.1070599e-007  7.8188354e-008  1.0440008e-007  9.9062423e-008  9.8905039e-008  1.0575462e-007  1.1342433e-007  1.6419387e-007  1.8012199e-007  2.3766977e-007  1.4651973e-007  1.2998918e-007  8.2913432e-008  8.3224608e-008  8.5672393e-008  6.7952634e-008             NaN  7.3795816e-008  5.9688035e-008  9.0537809e-008  1.2895560e-007  1.5695413e-007  1.5764785e-007  2.4006259e-007  2.2283231e-007  2.3323393e-007  2.3960161e-007  2.0153777e-007  1.9301463e-007  1.5729591e-007  1.2624407e-007  1.2341685e-007  1.0382314e-007  1.3757970e-007
  1.0000000e-001             NaN  2.1289515e-007  1.7687957e-007  2.6119990e-007  1.7934736e-007  1.7501515e-007  1.5780810e-007  1.6276861e-007  1.7709916e-007  1.8550938e-007  2.3809483e-007  2.3309500e-007  3.0924995e-007  1.5603277e-007  1.5863514e-007  1.2015619e-007  1.2241451e-007  8.3787434e-008             NaN  9.2829294e-008  1.3846706e-007  1.0870446e-007  3.2394749e-007  2.7232995e-007  3.5039496e-007  3.7531692e-007  4.8234482e-007  3.9158960e-007  3.4207749e-007  3.1521226e-007  2.3123500e-007  2.1537940e-007  2.1374459e-007  1.6104978e-007  1.6466774e-007  1.6688282e-007
             NaN -8.7500000e+001 -8.2500000e+001 -7.7500000e+001 -7.2500000e+001 -6.7500000e+001 -6.2500000e+001 -5.7500000e+001 -5.2500000e+001 -4.7500000e+001 -4.2500000e+001 -3.7500000e+001 -3.2500000e+001 -2.7500000e+001 -2.2500000e+001 -1.7500000e+001 -1.2500000e+001 -7.5000000e+000 -2.5000000e+000  2.5000000e+000  7.5000000e+000  1.2500000e+001  1.7500000e+001  2.2500000e+001  2.7500000e+001  3.2500000e+001  3.7500000e+001  4.2500000e+001  4.7500000e+001  5.2500000e+001  5.7500000e+001  6.2500000e+001  6.7500000e+001  7.2500000e+001  7.7500000e+001  8.2500000e+001  8.7500000e+001
  1.0000000e+003             NaN             NaN             NaN             NaN             NaN             NaN             NaN             NaN             NaN             NaN             NaN             NaN             NaN             NaN             NaN             NaN             NaN             NaN             NaN             NaN             NaN             NaN             NaN             NaN             NaN             NaN             NaN             NaN             NaN             NaN             NaN             NaN             NaN             NaN             NaN             NaN
  8.5000000e+002             NaN             NaN             NaN             NaN             NaN             NaN             NaN             NaN             NaN             NaN             NaN             NaN             NaN             NaN             NaN             NaN             NaN             NaN             NaN             NaN             NaN             NaN             NaN             NaN             NaN             NaN             NaN             NaN             NaN             NaN             NaN             NaN             NaN             NaN             NaN             NaN
  7.0000000e+002             NaN             NaN             NaN             NaN             NaN             NaN             NaN             NaN             NaN             NaN             NaN             NaN             NaN             NaN             NaN             NaN             NaN             NaN             NaN             NaN             NaN             NaN             NaN             NaN             NaN             NaN             NaN             NaN             NaN             NaN             NaN             NaN             NaN             NaN             NaN             NaN
  5.0000000e+002             NaN             NaN             NaN             NaN             NaN             NaN             NaN             NaN             NaN             NaN             NaN  1.6635807e-008  2.5395531e-008  2.3165410e-008  2.6071965e-008  2.7283979e-008  3.0607132e-008  1.5316836e-008             NaN  1.0219285e-008  1.3675460e-008  2.8712693e-008  9.7641431e-009  1.5945475e-008  1.7177450e-008  9.4771259e-009             NaN             NaN             NaN             NaN             NaN             NaN             NaN             NaN             NaN             NaN
  4.0000000e+002             NaN             NaN             NaN             NaN             NaN             NaN             NaN             NaN             NaN  1.7476106e-008  4.3229155e-008  3.3401296e-008  2.4092399e-008  2.6311095e-008  3.1725454e-008  2.2895886e-008  2.3238113e-008  2.4648058e-008             NaN  2.0815276e-008  2.0303951e-008  1.2425337e-008  1.4039390e-008  1.4384404e-008  1.0126102e-008  1.2393915e-008  1.6834497e-008  1.8210053e-008             NaN             NaN             NaN             NaN             NaN             NaN             NaN             NaN
  3.0000000e+002             NaN             NaN             NaN  1.7979070e-009  6.2438886e-009  6.7258603e-009  6.7914016e-009  1.0821438e-008  1.4091992e-008  1.1414150e-008  1.0444031e-008  3.2599764e-008  2.2408616e-008  3.1608957e-008  3.0135648e-008  2.7384000e-008  2.4200599e-008  2.3863970e-008             NaN  1.7902114e-008  1.2972199e-008  1.4647179e-008  1.3647179e-008  9.9542885e-009  1.0862641e-008  1.2573069e-008  9.5750493e-009  1.1421801e-008  1.4149049e-008  1.4529448e-008  1.3871727e-008  1.3219855e-008  7.5651030e-009  1.0358329e-008  1.0824121e-008  1.4277449e-009
  2.5000000e+002  4.7473345e-009  5.8567663e-009  6.1227241e-009  5.5369938e-009  6.7352254e-009  7.8769308e-009  8.2506823e-009  1.0566216e-008  1.3926408e-008  1.5398276e-008  1.8644879e-008  2.0125073e-008  2.6099894e-008  2.5087259e-008  2.5438068e-008  2.8952532e-008  2.1201729e-008  2.3203066e-008             NaN  2.1263310e-008  1.3832187e-008  1.5488398e-008  1.3881447e-008  1.0459659e-008  1.0739046e-008  1.3261528e-008  8.7230674e-009  1.7106966e-008  1.4767160e-008  1.3881130e-008  1.0978744e-008  8.6104517e-009  7.7887289e-009  7.0515400e-009  7.7053869e-009  7.3302757e-009
  2.0000000e+002  6.5701700e-009  6.4861929e-009  5.9339907e-009  5.7319480e-009  6.0621132e-009  6.1434231e-009  6.0152390e-009  6.5125232e-009  7.0244830e-009  1.0859256e-008  1.3839275e-008  1.7324475e-008  1.4645792e-008  2.1447293e-008  2.2885816e-008  2.2516125e-008  3.3105821e-008  2.0294479e-008             NaN  1.2656833e-008  1.9212524e-008  1.9231719e-008  9.2616526e-009  9.3459867e-009  6.1103487e-009  1.2625538e-008  1.2732517e-008  1.0130497e-008  7.7575194e-009  6.6015858e-009  5.8745605e-009  5.5467009e-009  4.6948279e-009  4.6388388e-009  4.2317257e-009             NaN
  1.7000000e+002             NaN  4.8445839e-009  5.9704394e-009  5.8177121e-009  5.3911234e-009  5.2870136e-009  4.9796622e-009  3.5781509e-009  5.4138537e-009  5.4266412e-009  9.0914250e-009  1.3821265e-008  1.5665156e-008  1.6241169e-008  2.5511005e-008  2.7233945e-008  1.6145457e-008  1.4243341e-008             NaN  2.3037916e-008  1.4343255e-008  1.8407738e-008  1.0949505e-008  8.0919379e-009  6.5100737e-009  8.5079665e-009  9.5335770e-009  7.9432039e-009  6.0815668e-009  4.8483560e-009  3.3472623e-009  3.6515813e-009  3.5161809e-009  4.2223771e-009  2.4926365e-009             NaN
  1.5000000e+002             NaN  3.6814884e-009  4.3563244e-009  4.5841613e-009  3.9648476e-009  4.0750265e-009  3.7745345e-009  3.6863533e-009  3.8408267e-009  4.6760101e-009  5.8802958e-009  1.0880893e-008  1.3909641e-008  1.2623234e-008  1.8258968e-008  2.0320996e-008  1.6585677e-008  1.4325640e-008             NaN  1.8466494e-008  1.0584206e-008  1.3379101e-008  1.1651389e-008  1.3320583e-008  1.3258496e-008  1.1886700e-008  7.3309350e-009  5.9386242e-009  4.4176368e-009  4.1175395e-009  3.4391179e-009  3.0763371e-009  3.2391826e-009  1.9912306e-009  2.2683999e-009             NaN
  1.3000000e+002  1.9385441e-009  3.4236815e-009  2.5372726e-009  3.3411510e-009  3.6323956e-009  3.5601707e-009  3.1319853e-009  4.1606680e-009  4.2323553e-009  4.1865840e-009  6.5992977e-009  9.8088299e-009  1.2915184e-008  1.5266627e-008  1.4618346e-008  1.6749024e-008  1.7534521e-008  3.9835469e-009             NaN  1.1987846e-008  1.6707229e-008  1.2452427e-008  9.6318804e-009  1.1158358e-008  8.9850003e-009  8.8147334e-009  6.1479761e-009  5.4414629e-009  5.1389296e-009  3.6409806e-009  3.3821123e-009  2.4308509e-009  2.5894472e-009  2.3565851e-009  1.8151023e-009  3.3979861e-009
  1.1500000e+002  3.0951614e-009  2.7500508e-009  3.0918758e-009  2.8182312e-009  2.3403347e-009  2.3912569e-009  2.8367248e-009  2.9827943e-009  3.0934106e-009  3.2689652e-009  3.3097789e-009  6.8264350e-009  8.0850722e-009  1.1456042e-008  1.0254040e-008  1.4595709e-008  8.7663029e-009  4.1940375e-009             NaN  5.1269072e-009  4.5120306e-009  1.0972256e-008  1.1912864e-008  9.2896030e-009  8.0282467e-009  7.8948447e-009  5.3363975e-009  3.5149250e-009  3.1776711e-009  2.8471497e-009  2.8124851e-009  1.8847236e-009  2.1945793e-009  1.6215176e-009  1.2649564e-009             NaN
  1.0000000e+002             NaN  1.5710080e-009  1.6029000e-009  1.5786027e-009  1.5049683e-009  1.7996946e-009  2.0260369e-009  2.8060974e-009  2.2799942e-009  5.4608764e-009  3.5662042e-009  4.5113754e-009  7.7304968e-009  1.1326796e-008  1.2532798e-008  7.3074607e-009  7.2228431e-009  6.5073922e-009             NaN  7.5185360e-009  7.0674967e-009  1.2246331e-008  1.5200277e-008  1.1551659e-008  5.7567803e-009  3.6993318e-009  3.1256078e-009  3.1852745e-009  2.0883812e-009  2.3768224e-009  1.8339096e-009  1.4154146e-009  1.0552486e-009  1.3788630e-009  1.4100025e-009             NaN
  9.0000000e+001  2.1682397e-009  1.0324134e-009  1.0387188e-009  8.4899847e-010  1.1478532e-009  1.2756310e-009  1.9197378e-009  2.3428469e-009  3.2515379e-009  3.6029086e-009  4.8114881e-009  4.8478302e-009  6.9585138e-009  7.2511305e-009  7.2662679e-009  6.0633955e-009  4.7372217e-009  4.6455649e-009             NaN  1.9275300e-009  6.2442310e-009  1.0468931e-009  1.1819006e-008  6.7143279e-009  3.9629407e-009  3.4966423e-009  3.2255836e-009  1.8636587e-009  1.8217245e-009  1.2342458e-009  1.3078295e-009  1.2083207e-009  9.6247381e-010  7.6023085e-010  9.0808249e-010             NaN
  8.0000000e+001  1.0831009e-009  1.0254533e-009  9.4465431e-010  9.7204227e-010  1.0257744e-009  1.2501561e-009  1.0363779e-009  3.2154630e-009  1.2165922e-009  2.6259053e-009  2.2688511e-009  2.5964258e-009  3.3607325e-009  6.5709024e-009  5.0034490e-009  2.9208916e-009  3.4032018e-009  3.6749823e-009             NaN  6.5014256e-009             NaN  6.7156898e-009  6.3216539e-009  4.9559098e-009  3.8470395e-009  2.3372558e-009  1.2841687e-009  1.4770142e-009  1.1890803e-009  1.1276946e-009  1.2761965e-009  8.9803731e-010  6.9276011e-010  6.8161161e-010  7.4214180e-010  7.9799949e-010
  7.0000000e+001  1.9801817e-009  1.8525243e-009  2.0001523e-009  2.0371513e-009  1.3130065e-009  9.7900747e-010  6.2891608e-010  8.6661083e-010  1.2430254e-009  8.1623011e-010  1.1105535e-009  1.7515143e-009  2.7158343e-009  3.2149453e-009  3.2858518e-009  3.6176967e-009  2.6024660e-009  2.9291637e-009             NaN  3.5809655e-009  3.7183424e-009  3.0924598e-009  3.4074139e-009  4.8281461e-009  2.3048204e-009  1.5583990e-009  1.1278607e-009  7.8243810e-010  8.1620790e-010  8.0048207e-010  6.9889851e-010  7.3683701e-010  6.4905010e-010  6.7231816e-010  6.0278808e-010  7.9438683e-010
  5.0000000e+001  8.2506112e-009  3.5256317e-009  5.3939615e-009  3.2284496e-009  2.6614252e-009  1.4102858e-009  8.5517277e-010  9.1183134e-010  8.7969836e-010  9.0178952e-010  8.7008999e-010  6.9156653e-010  8.4227346e-010  1.2206904e-009  1.2793592e-009  1.5078313e-009  1.4572988e-009  1.2926889e-009             NaN  1.4197717e-009  1.2887815e-009  1.3413312e-009  1.6741044e-009  1.2863581e-009  8.5708525e-010  7.7030711e-010  6.5167724e-010  6.3717009e-010  8.6605081e-010  8.1870067e-010  7.5764596e-010  8.5200680e-010  8.6792177e-010  1.0387664e-009  8.4199944e-010  1.0018288e-009
  3.0000000e+001  8.8942825e-009  1.1398355e-008  1.1114247e-008  1.0668328e-008  8.1602463e-009  3.7515197e-009  1.9654562e-009  1.1947480e-009  1.1081428e-009  9.9260742e-010  1.0547678e-009  9.3289939e-010  8.4396028e-010  9.1501726e-010  8.5182756e-010  7.4084343e-010  6.5903515e-010  5.6168657e-010             NaN  6.4413773e-010  6.8541359e-010  1.0168836e-009  9.8878692e-010  7.3573221e-010  7.6002237e-010  6.7268721e-010  5.5081677e-010  6.5930873e-010  6.6503980e-010  7.1562040e-010  9.1064113e-010  9.0375971e-010  8.8459265e-010  9.0863673e-010  8.1001336e-010  8.6423375e-010
  2.0000000e+001  2.2005562e-008  8.6154574e-009  7.8679375e-009  9.0500692e-009  7.9929912e-009  6.8550175e-009  3.5552812e-009  1.6543184e-009  1.2808043e-009  1.4962641e-009  1.4309180e-009  1.4405154e-009  1.3858861e-009  1.4442975e-009  1.4342054e-009  1.3836823e-009  1.5473710e-009  1.5047048e-009             NaN  1.2023720e-009  1.4393804e-009  1.5536426e-009  1.2966873e-009  1.3243296e-009  1.2768998e-009  1.1859452e-009  9.4043757e-010  7.0720469e-010  9.3994784e-010  7.5218917e-010  9.3075313e-010  1.2752325e-009  1.1589724e-009  1.1212110e-009  1.0870275e-009  9.7894277e-010
  1.5000000e+001  3.6274309e-008  4.4988524e-008  4.3122517e-008  4.5226728e-008  3.4870949e-008  2.1962008e-008  4.8727071e-009  1.1181438e-009  1.0378744e-009  9.1837683e-010  9.8101289e-010  1.1103613e-009  1.5082329e-009  1.2936800e-009  1.2743417e-009  9.1068762e-010  1.4497822e-009  1.1431064e-009             NaN  1.7704197e-009  1.9373752e-009  2.7122373e-009  1.3583134e-009  2.0508219e-009  1.6937475e-009  8.5555101e-010  8.9320875e-010  1.0604475e-009  1.2070145e-009  1.2751558e-009  1.5335806e-009  1.8925448e-009  1.5158015e-009  1.4036980e-009  1.3218959e-009  1.4820122e-009
  1.0000000e+001  1.0540950e-007  9.0174708e-008  9.3459417e-008  8.6160968e-008  7.3307986e-008  4.4509180e-008  4.3340432e-009  1.2437047e-009  1.1332307e-009  1.0889806e-009  1.1645099e-009  1.0490017e-009  1.4504814e-009  1.7290664e-009  1.9253683e-009  1.6157314e-009  1.7611874e-009  2.1496027e-009             NaN  1.9180200e-009  1.3932834e-009  9.1197610e-010  1.7117741e-009  1.5176829e-009  1.7745772e-009  1.6164126e-009  1.4569529e-009  1.4290195e-009  1.5156042e-009  1.5099363e-009  1.7928174e-009  1.8439901e-009  1.6351553e-009  1.2225557e-009  1.3113020e-009  1.1108806e-009
  7.0000000e+000  1.2915903e-007  1.1850828e-007  9.2868668e-008  6.7399928e-008  6.1787045e-008  3.0863644e-008  7.1888860e-009  1.9683383e-009  1.3152352e-009  1.4533529e-009  1.6012374e-009  1.4891131e-009  2.4501066e-009  2.2941098e-009  2.1418326e-009  1.7818285e-009  1.6972894e-009  1.6707086e-009             NaN  1.3299885e-009  1.6583986e-009  1.6411161e-009  2.2126315e-009  1.8364692e-009  1.6739226e-009  2.5819567e-009  1.8796719e-009  1.9003035e-009  1.6905814e-009  1.9691155e-009  1.8329526e-009  1.9887078e-009  1.9244992e-009  1.6955331e-009  1.3234090e-009  1.2200702e-009
  5.0000000e+000  7.5093398e-008  1.0386102e-007  9.3010799e-008  6.7574166e-008  4.5208230e-008  1.6701290e-008  4.7042185e-009  3.6074980e-009  2.0446742e-009  2.2113503e-009  2.0772152e-009  2.5891845e-009  2.6521879e-009  3.7477332e-009  3.2018651e-009  2.9363817e-009  3.2898004e-009  2.7481562e-009             NaN  1.9772586e-009  1.6157169e-009  1.9849959e-009  2.3993376e-009  3.3544614e-009  3.1501015e-009  2.9875203e-009  2.1429501e-009  2.0730060e-009  2.1490553e-009  1.8671959e-009  2.2910400e-009  2.3760132e-009  2.1142419e-009  1.5941641e-009  1.2343814e-009  1.0954886e-009
  3.0000000e+000  1.0351451e-007  9.2612051e-008  5.4719675e-008  4.7437501e-008  2.8417197e-008  1.3025405e-008  7.7814881e-009  5.7138130e-009  2.2651778e-009  2.2362711e-009  2.5396724e-009  2.5736170e-009  3.0661975e-009  4.3002923e-009  4.6676246e-009  4.2852730e-009  3.3107008e-009  4.7881568e-009             NaN  3.1866283e-009  1.8782834e-009  3.1183831e-009  3.6331153e-009  5.6621410e-009  4.3430228e-009  3.0317465e-009  3.3059056e-009  2.7386507e-009  2.4473017e-009  2.8177710e-009  2.3454746e-009  2.3780822e-009  1.7237584e-009  1.4963338e-009  1.1557616e-009  1.2517266e-009
  2.0000000e+000  5.4583575e-008  8.4166989e-008  6.3945278e-008  4.0463250e-008  2.5938828e-008  1.9463005e-008  9.1038751e-009  1.3369995e-008  2.6073093e-009  2.9733045e-009  4.0895213e-009  3.2265340e-009  3.4629894e-009  4.5663549e-009  4.8619885e-009  4.5147089e-009  4.9309372e-009  5.3747282e-009             NaN  5.1273499e-009  4.8088261e-009  3.9072108e-009  3.3254598e-009  3.9668746e-009  3.7905424e-009  5.0224941e-009  3.5704049e-009  3.8965900e-009  3.9773411e-009  7.5803544e-009  6.8797551e-009  8.9063729e-009  9.3658690e-009  1.2153367e-008  2.9377119e-009  1.3448872e-009
  1.5000000e+000  6.6435117e-008  1.3871989e-007  7.2103466e-008  3.9627773e-008  3.0161557e-008  2.5815723e-008  1.7412065e-008  1.3001932e-008  8.5553775e-009  4.4357443e-009  3.8239895e-009  4.2662953e-009  4.7471485e-009  4.9584333e-009  4.8644769e-009  3.7562152e-009  4.0499236e-009  4.3071282e-009             NaN  4.2253760e-009  5.2669166e-009  6.2991390e-009  3.7421262e-009  4.5852152e-009  4.2099711e-009  4.2294112e-009  8.4852977e-009  6.8145024e-009  1.3004174e-008  1.2547459e-008  9.6579356e-009  2.4311521e-008  1.0273957e-008  5.7692569e-009  1.8686309e-008  2.1384269e-009
  1.0000000e+000  1.2521382e-007  1.0022463e-007  9.1588034e-008  3.9481511e-008  3.5624174e-008  2.3309919e-008  2.8339635e-008  3.5443049e-008  3.3909014e-008  1.8015865e-008  4.9947256e-009  3.8956095e-009  4.4392301e-009  4.4159997e-009  5.9261389e-009  3.9605340e-009  4.0469680e-009  4.0505359e-009             NaN  5.3328808e-009  4.1369274e-009  4.3299711e-009  3.3799421e-009  5.7954969e-009  9.1360620e-009  1.7222859e-008  3.2343304e-008  2.3171055e-008  2.2743630e-008  3.1161236e-008  2.7210621e-008  6.2757488e-008  6.0993719e-008  2.6973546e-008  1.4282707e-008  4.3780460e-009
  7.0000000e-001  1.8782007e-007  1.8851406e-007  1.0017427e-007  6.7869758e-008  4.5682726e-008  4.6133144e-008  3.4849361e-008  3.5384639e-008  2.5740723e-008  2.3307331e-008  1.0887934e-008  6.6916720e-009  5.2214675e-009  4.8588507e-009  4.8419539e-009  4.6604880e-009  4.1720800e-009  5.9327783e-009             NaN  4.4159154e-009  5.2898721e-009  5.2528625e-009  5.1396417e-009  1.0953292e-008  6.2923166e-009  2.9033527e-008  5.2623138e-008  5.4824378e-008  7.2570507e-008  5.0484476e-008  9.9818926e-008  1.1383810e-007  1.1528661e-007  6.9258258e-008  2.8742010e-008  1.1398042e-008
  5.0000000e-001  3.0853990e-007  8.6622379e-008  9.0605617e-008  8.1397158e-008  8.8354998e-008  7.7539422e-008  5.9664278e-008  6.8968218e-008  5.1360369e-008  4.8197091e-008  3.5258741e-008  1.6856023e-008  1.0171567e-008  1.4706835e-008  6.4638735e-009  7.3630480e-009  7.6414210e-009  6.3813944e-009             NaN  8.2712979e-009  7.3159353e-009  1.1499239e-008  6.6157201e-009  4.3825457e-008  3.1366113e-008  9.7807968e-008  8.3062864e-008  1.0441312e-007  9.4330035e-008  1.4866124e-007  2.1293974e-007  2.0389105e-007  1.4086022e-007  1.1521702e-007  3.9720490e-008  4.6550850e-008
  3.0000000e-001             NaN  1.5926394e-007  1.7050922e-007  1.1551045e-007  9.5926665e-008  1.0365850e-007  9.6489290e-008  8.8978667e-008  8.6922113e-008  8.1741994e-008  1.0296304e-007  1.1300967e-007  7.4975120e-008  3.5207001e-008  9.9869197e-009  1.2101886e-008  8.6273532e-009  1.0692441e-008             NaN  7.1659508e-008  1.9136049e-008  4.1777637e-008  5.1650780e-008  1.3072750e-007  1.1614449e-007  1.2335530e-007  1.7451063e-007  1.8030489e-007  2.1641658e-007  2.2481979e-007  2.1849374e-007  3.2054944e-007  2.2204253e-007  2.0181115e-007  7.8880057e-008  5.4319100e-008
  2.0000000e-001  2.1492028e-007  2.7032765e-007  1.8882886e-008  1.8090942e-007  1.0035319e-007  1.6145938e-007  1.4007591e-007  8.5650381e-008  1.4749047e-007  2.2192875e-007  1.8976351e-007  1.5282040e-007  1.5969465e-007  6.5000599e-008  2.9124429e-008  9.0058466e-009  1.2587621e-008  1.7085458e-008             NaN  1.4971494e-008  1.6395865e-007  1.5514813e-007  1.4430715e-008  2.2894654e-007  2.4126290e-007  2.5725420e-007  3.3791840e-007  3.8118245e-007  3.8128302e-007  2.9696417e-007  4.5150348e-007  2.9292561e-007  2.8538468e-007  2.5572997e-007  1.8412884e-007  4.2163278e-008
  1.5000000e-001  2.7592452e-008  6.4558900e-008  9.9303283e-008  5.4412355e-008  1.3619433e-007  1.4442318e-007  1.3403134e-007  1.5587811e-007  1.6920850e-007  2.4204804e-007  2.8102571e-007  3.4791041e-007  2.3814102e-007  1.9283066e-007  2.5939735e-008  3.0476939e-008  2.3525117e-008  2.2855020e-008             NaN  2.6289184e-008  2.1829937e-008  1.1432680e-007  1.9073559e-007  3.7681479e-007  2.4205927e-007  4.2019359e-007  4.8031424e-007  4.8853183e-007  5.0403518e-007  4.6998806e-007  4.6618258e-007  3.9281504e-007  2.9817311e-007  2.8087676e-007  2.8499646e-007  1.3879780e-007
  1.0000000e-001             NaN  2.3583194e-007  7.5688467e-008  2.4356226e-007  2.3376222e-007  2.5305575e-007  2.4696881e-007  2.3526534e-007  2.8185310e-007  3.0719296e-007  3.6331224e-007  3.8900170e-007  4.3663612e-007  2.2220862e-007  2.6676176e-007  5.4459456e-008  3.0844940e-008  2.5625704e-008             NaN  3.8701174e-008  1.6868806e-007  5.3910594e-008  5.7037633e-007  4.9438959e-007  5.2268436e-007  6.3440004e-007  7.9800464e-007  7.6220031e-007  6.4422352e-007  6.4145661e-007  4.7952170e-007  4.4996730e-007  4.4894551e-007  3.4818664e-007  3.5872010e-007  1.7339246e-007
             NaN -8.7500000e+001 -8.2500000e+001 -7.7500000e+001 -7.2500000e+001 -6.7500000e+001 -6.2500000e+001 -5.7500000e+001 -5.2500000e+001 -4.7500000e+001 -4.2500000e+001 -3.7500000e+001 -3.2500000e+001 -2.7500000e+001 -2.2500000e+001 -1.7500000e+001 -1.2500000e+001 -7.5000000e+000 -2.5000000e+000  2.5000000e+000  7.5000000e+000  1.2500000e+001  1.7500000e+001  2.2500000e+001  2.7500000e+001  3.2500000e+001  3.7500000e+001  4.2500000e+001  4.7500000e+001  5.2500000e+001  5.7500000e+001  6.2500000e+001  6.7500000e+001  7.2500000e+001  7.7500000e+001  8.2500000e+001  8.7500000e+001
  1.0000000e+003             NaN             NaN             NaN             NaN             NaN             NaN             NaN             NaN             NaN             NaN             NaN             NaN             NaN             NaN             NaN             NaN             NaN             NaN             NaN             NaN             NaN             NaN             NaN             NaN             NaN             NaN             NaN             NaN             NaN             NaN             NaN             NaN             NaN             NaN             NaN             NaN
  8.5000000e+002             NaN             NaN             NaN             NaN             NaN             NaN             NaN             NaN             NaN             NaN             NaN             NaN             NaN             NaN             NaN             NaN             NaN             NaN             NaN             NaN             NaN             NaN             NaN             NaN             NaN             NaN             NaN             NaN             NaN             NaN             NaN             NaN             NaN             NaN             NaN             NaN
  7.0000000e+002             NaN             NaN             NaN             NaN             NaN             NaN             NaN             NaN             NaN             NaN             NaN             NaN             NaN             NaN             NaN             NaN             NaN             NaN             NaN             NaN             NaN             NaN             NaN             NaN             NaN             NaN             NaN             NaN             NaN             NaN             NaN             NaN             NaN             NaN             NaN             NaN
  5.0000000e+002             NaN             NaN             NaN             NaN             NaN             NaN             NaN             NaN             NaN             NaN             NaN  1.1250000e-008  1.0700000e-008  1.0400000e-008  1.1000000e-008  1.0800000e-008  8.3100000e-009  1.4500000e-008             NaN  9.6200000e-009  9.7400000e-009  1.5600000e-008  1.1100000e-008  1.0100000e-008  9.9200000e-009  7.8400000e-009             NaN             NaN             NaN             NaN             NaN             NaN             NaN             NaN             NaN             NaN
  4.0000000e+002             NaN             NaN             NaN             NaN             NaN             NaN             NaN             NaN             NaN  5.4900000e-009  6.6800000e-009  6.2550000e-009  5.9650000e-009  7.1100000e-009  7.0900000e-009  7.6750000e-009  7.2000000e-009  6.2900000e-009             NaN  7.8850000e-009  5.6400000e-009  5.2400000e-009  5.7000000e-009  6.2200000e-009  5.0400000e-009  6.9750000e-009  5.1500000e-009  5.7200000e-009             NaN             NaN             NaN             NaN             NaN             NaN             NaN             NaN
  3.0000000e+002             NaN             NaN             NaN  2.3800000e-009  2.7650000e-009  1.7450000e-009  1.7450000e-009  2.2850000e-009  2.5500000e-009  3.1000000e-009  4.0100000e-009  4.5900000e-009  4.5900000e-009  4.7750000e-009  5.4100000e-009  6.3300000e-009  4.8900000e-009  6.5200000e-009             NaN  7.4850000e-009  8.4100000e-009  4.9400000e-009  4.0800000e-009  3.5400000e-009  3.8250000e-009  3.4800000e-009  3.9550000e-009  3.3600000e-009  3.6900000e-009  2.2750000e-009  2.3400000e-009  2.2500000e-009  1.8400000e-009  2.6950000e-009  1.8300000e-009  1.9100000e-009
  2.5000000e+002  1.7300000e-009  2.0150000e-009  1.6500000e-009  1.7200000e-009  1.5550000e-009  1.6300000e-009  1.6950000e-009  1.6800000e-009  1.8900000e-009  2.0400000e-009  2.4800000e-009  2.9850000e-009  3.2000000e-009  3.6800000e-009  4.9600000e-009  4.7600000e-009  5.1300000e-009  5.0350000e-009             NaN  6.9500000e-009  3.4800000e-009  3.2100000e-009  3.4500000e-009  3.3800000e-009  2.4600000e-009  3.5200000e-009  2.2400000e-009  2.2800000e-009  1.9950000e-009  1.9700000e-009  2.0800000e-009  2.0100000e-009  2.1600000e-009  2.0500000e-009  1.9000000e-009  3.5100000e-009
  2.0000000e+002  2.0950000e-009  1.5200000e-009  1.3400000e-009  1.3800000e-009  1.5250000e-009  1.3900000e-009  1.4000000e-009  1.3450000e-009  1.4600000e-009  1.5300000e-009  1.7450000e-009  2.3600000e-009  2.7700000e-009  3.1300000e-009  3.5100000e-009  3.6550000e-009  4.2100000e-009  3.5050000e-009             NaN  5.9450000e-009  4.2750000e-009  3.3300000e-009  2.4900000e-009  2.6800000e-009  2.2900000e-009  2.3300000e-009  2.1100000e-009  1.6500000e-009  1.6150000e-009  1.6500000e-009  1.7900000e-009  1.7000000e-009  1.6250000e-009  1.7050000e-009  1.8400000e-009             NaN
  1.7000000e+002             NaN  1.3500000e-009  1.5500000e-009  1.5300000e-009  1.5200000e-009  1.4100000e-009  1.3800000e-009  1.3100000e-009  1.2750000e-009  1.3350000e-009  1.5950000e-009  1.7800000e-009  1.9600000e-009  2.8500000e-009  3.2700000e-009  3.1100000e-009  3.6400000e-009  3.4200000e-009             NaN  4.0050000e-009  3.0300000e-009  2.6500000e-009  2.4650000e-009  2.6000000e-009  2.0900000e-009  1.8000000e-009  1.8150000e-009  1.5400000e-009  1.4700000e-009  1.3800000e-009  1.4600000e-009  1.6100000e-009  1.4950000e-009  1.4650000e-009  1.6650000e-009             NaN
  1.5000000e+002             NaN  1.4100000e-009  1.3500000e-009  1.4500000e-009  1.4000000e-009  1.2900000e-009  1.2300000e-009  1.1200000e-009  1.1000000e-009  1.1200000e-009  1.1500000e-009  1.3250000e-009  1.6150000e-009  1.9000000e-009  2.0200000e-009  2.2250000e-009  3.2000000e-009  2.7200000e-009             NaN  3.6900000e-009  2.2650000e-009  2.1200000e-009  2.2000000e-009  1.5250000e-009  1.2950000e-009  1.4600000e-009  1.3200000e-009  1.1950000e-009  1.2700000e-009  1.2400000e-009  1.3200000e-009  1.3200000e-009  1.3000000e-009  1.3800000e-009  1.5500000e-009             NaN
  1.3000000e+002  1.0400000e-009  1.5100000e-009  1.1800000e-009  1.2200000e-009  1.2500000e-009  1.1200000e-009  1.0900000e-009  1.0500000e-009  1.0250000e-009  1.0300000e-009  1.0500000e-009  1.1400000e-009  1.1200000e-009  1.4300000e-009  1.7000000e-009  1.8000000e-009  1.5200000e-009  1.4400000e-009             NaN  1.4700000e-009  1.3050000e-009  1.0450000e-009  1.3000000e-009  1.0400000e-009  1.1300000e-009  1.1300000e-009  1.1900000e-009  1.0650000e-009  1.0700000e-009  1.0700000e-009  1.1000000e-009  1.1000000e-009  1.1300000e-009  1.1750000e-009  1.1200000e-009  1.0850000e-009
  1.1500000e+002  1.9300000e-009  1.3000000e-009  1.2150000e-009  1.2450000e-009  1.1600000e-009  1.0700000e-009  9.8200000e-010  9.1400000e-010  7.9200000e-010  2.3700000e-010  2.7600000e-010  3.0500000e-010  3.0200000e-010  3.5950000e-010  4.4800000e-010  5.8700000e-010  6.8550000e-010  6.4200000e-010             NaN  8.3550000e-010  1.3750000e-009  7.2600000e-010  6.5000000e-010  3.9400000e-010  4.1000000e-010  3.3100000e-010  4.3150000e-010  7.9550000e-010  8.9200000e-010  8.9000000e-010  9.6300000e-010  9.7300000e-010  1.0600000e-009  1.0950000e-009  1.0400000e-009             NaN
  1.0000000e+002             NaN  1.4600000e-009  1.6250000e-009  1.1600000e-009  1.0500000e-009  2.4000000e-010  2.3100000e-010  1.9450000e-010  1.9650000e-010  2.1200000e-010  2.2500000e-010  2.3400000e-010  2.4250000e-010  2.9400000e-010  3.5700000e-010  4.5800000e-010  5.2800000e-010  5.1550000e-010             NaN  5.9800000e-010  8.6050000e-010  4.6000000e-010  6.4300000e-010  4.4600000e-010  2.6900000e-010  2.1200000e-010  2.1000000e-010  2.0900000e-010  2.0900000e-010  2.1450000e-010  2.4000000e-010  2.3300000e-010  2.4900000e-010  2.5650000e-010  2.7600000e-010             NaN
  9.0000000e+001  1.2585000e-009  3.1350000e-010  2.8800000e-010  2.5450000e-010  2.5200000e-010  2.3200000e-010  2.2200000e-010  1.9600000e-010  1.9050000e-010  1.9600000e-010  1.9350000e-010  1.9800000e-010  2.2000000e-010  2.3000000e-010  2.5950000e-010  3.3400000e-010  4.9050000e-010  3.6800000e-010             NaN  4.8600000e-010  4.4700000e-010  5.8300000e-010  3.6900000e-010  4.5100000e-010  2.0500000e-010  2.2250000e-010  2.1250000e-010  2.3200000e-010  1.9800000e-010  2.1000000e-010  2.0300000e-010  2.0200000e-010  2.4800000e-010  2.3700000e-010  2.6300000e-010             NaN
  8.0000000e+001  2.5400000e-010  2.5450000e-010  2.6150000e-010  2.5850000e-010  2.4650000e-010  2.0400000e-010  1.9200000e-010  1.8500000e-010  1.7900000e-010  1.8050000e-010  1.7900000e-010  1.7500000e-010  1.7700000e-010  2.3100000e-010  2.3150000e-010  2.8700000e-010  3.3350000e-010  3.0700000e-010             NaN  6.3400000e-010             NaN  4.5300000e-010  2.7250000e-010  2.6250000e-010  2.6200000e-010  2.0300000e-010  2.0800000e-010  1.7600000e-010  2.1000000e-010  1.8700000e-010  1.9900000e-010  2.0700000e-010  2.3500000e-010  2.2900000e-010  2.3600000e-010  1.8800000e-010
  7.0000000e+001  2.4050000e-010  2.6650000e-010  2.5400000e-010  2.4300000e-010  2.4200000e-010  2.1500000e-010  1.9200000e-010  1.9200000e-010  1.8050000e-010  1.9050000e-010  1.8700000e-010  1.8600000e-010  1.9400000e-010  2.1800000e-010  2.2450000e-010  2.9100000e-010  3.0300000e-010  3.1800000e-010             NaN  3.3900000e-010  3.9700000e-010  4.1400000e-010  4.2100000e-010  2.7950000e-010  2.2950000e-010  2.2700000e-010  2.0900000e-010  1.8000000e-010  1.9200000e-010  2.0100000e-010  2.0600000e-010  2.1700000e-010  2.2700000e-010  2.2500000e-010  2.3150000e-010  2.6300000e-010
  5.0000000e+001  3.2250000e-010  3.1500000e-010  3.1200000e-010  2.9700000e-010  2.8600000e-010  2.5550000e-010  2.3600000e-010  2.2800000e-010  2.2900000e-010  2.3900000e-010  2.3400000e-010  2.3200000e-010  2.5100000e-010  2.4300000e-010  2.7000000e-010  2.8000000e-010  3.3350000e-010  3.5300000e-010             NaN  3.7050000e-010  4.3000000e-010  4.3600000e-010  4.5700000e-010  3.8600000e-010  3.1300000e-010  2.5050000e-010  2.4000000e-010  2.2400000e-010  2.3600000e-010  2.2700000e-010  2.2800000e-010  2.3300000e-010  2.5500000e-010  2.7400000e-010  2.7300000e-010  2.7850000e-010
  3.0000000e+001  4.2050000e-010  4.3050000e-010  4.3800000e-010  4.2600000e-010  4.0600000e-010  3.2250000e-010  3.0100000e-010  2.8800000e-010  2.8600000e-010  2.8150000e-010  2.8650000e-010  2.9000000e-010  3.1100000e-010  3.0550000e-010  3.2900000e-010  3.5350000e-010  3.4350000e-010  4.3750000e-010             NaN  4.4450000e-010  4.9600000e-010  5.4350000e-010  7.8600000e-010  5.2600000e-010  4.3800000e-010  3.0600000e-010  2.7800000e-010  2.6300000e-010  2.6700000e-010  2.7700000e-010  2.5600000e-010  2.5600000e-010  2.6450000e-010  2.8000000e-010  3.0850000e-010  3.1000000e-010
  2.0000000e+001  5.6100000e-010  7.4500000e-010  6.6750000e-010  6.1600000e-010  6.3100000e-010  3.3950000e-010  2.9000000e-010  2.5350000e-010  2.6650000e-010  2.6550000e-010  2.6750000e-010  2.6850000e-010  2.7900000e-010  2.8650000e-010  2.9900000e-010  3.1600000e-010  3.2000000e-010  3.8400000e-010             NaN  4.2000000e-010  5.6200000e-010  4.6150000e-010  5.3800000e-010  4.5900000e-010  3.2200000e-010  3.0050000e-010  2.3400000e-010  2.3100000e-010  2.2650000e-010  2.3600000e-010  2.3000000e-010  2.2800000e-010  2.2700000e-010  2.4400000e-010  2.4500000e-010  2.5450000e-010
  1.5000000e+001  1.2750000e-009  1.1500000e-009  1.0150000e-009  1.0200000e-009  8.8900000e-010  3.4050000e-010  2.8900000e-010  2.6300000e-010  2.6500000e-010  2.6700000e-010  2.6350000e-010  2.7750000e-010  2.9650000e-010  3.0000000e-010  3.2300000e-010  3.4850000e-010  3.8400000e-010  4.0600000e-010             NaN  5.0750000e-010  5.5600000e-010  4.9400000e-010  6.0000000e-010  5.0200000e-010  3.6400000e-010  3.1800000e-010  2.5800000e-010  2.5000000e-010  2.5200000e-010  2.4450000e-010  2.3350000e-010  2.3200000e-010  2.3500000e-010  2.3050000e-010  2.3500000e-010  2.4200000e-010
  1.0000000e+001  1.4600000e-009  1.4600000e-009  1.5400000e-009  1.3300000e-009  1.0400000e-009  4.0600000e-010  3.3600000e-010  3.1350000e-010  3.1950000e-010  3.2200000e-010  3.1750000e-010  3.3200000e-010  3.5600000e-010  3.7400000e-010  4.2900000e-010  4.4150000e-010  4.9250000e-010  5.2000000e-010             NaN  6.1250000e-010  6.5750000e-010  6.5750000e-010  7.0400000e-010  6.1750000e-010  4.1700000e-010  3.9500000e-010  3.2700000e-010  3.1450000e-010  2.8700000e-010  2.9500000e-010  3.0000000e-010  3.1000000e-010  2.6050000e-010  2.7750000e-010  2.7000000e-010  2.6900000e-010
  7.0000000e+000  2.3700000e-009  1.6800000e-009  1.4000000e-009  1.2400000e-009  9.8100000e-010  4.6600000e-010  4.3400000e-010  4.1400000e-010  4.1800000e-010  4.3350000e-010  4.2500000e-010  4.3000000e-010  5.2500000e-010  5.4400000e-010  5.9500000e-010  6.1700000e-010  6.9100000e-010  7.2200000e-010             NaN  8.0050000e-010  9.5650000e-010  9.0100000e-010  9.6450000e-010  8.1550000e-010  6.7650000e-010  5.7450000e-010  5.0150000e-010  4.3600000e-010  4.0400000e-010  4.5700000e-010  4.9000000e-010  4.8250000e-010  3.1500000e-010  3.9400000e-010  3.6700000e-010  3.6400000e-010
  5.0000000e+000  5.9500000e-010  2.1300000e-009  2.0400000e-009  1.5600000e-009  1.1650000e-009  5.4000000e-010  5.1500000e-010  5.3400000e-010  5.2300000e-010  5.5900000e-010  5.9800000e-010  6.6500000e-010  6.8100000e-010  7.0350000e-010  7.6350000e-010  8.6150000e-010  8.7500000e-010  8.8000000e-010             NaN  1.1000000e-009  1.2600000e-009  1.1250000e-009  1.0900000e-009  1.1500000e-009  8.5600000e-010  8.6500000e-010  8.3500000e-010  7.5600000e-010  6.7250000e-010  6.2400000e-010  8.6100000e-010  9.4300000e-010  8.5300000e-010  5.7850000e-010  5.4450000e-010  5.5600000e-010
  3.0000000e+000  4.2400000e-009  3.4800000e-009  3.0200000e-009  2.4300000e-009  7.7500000e-010  6.8500000e-010  6.5400000e-010  6.8950000e-010  6.8600000e-010  7.9800000e-010  9.0950000e-010  1.0300000e-009  1.0700000e-009  1.1100000e-009  1.1600000e-009  1.1400000e-009  1.2500000e-009  1.2300000e-009             NaN  1.5050000e-009  1.6700000e-009  1.5700000e-009  1.6100000e-009  1.8400000e-009  1.4950000e-009  1.3800000e-009  1.5600000e-009  1.4000000e-009  8.8050000e-010  1.5100000e-009  1.5650000e-009  1.0900000e-009  1.2200000e-009  6.6100000e-010  8.6300000e-010  1.0400000e-009
  2.0000000e+000  5.6800000e-009  5.0600000e-009  4.5500000e-009  1.7400000e-009  8.5100000e-010  7.9600000e-010  8.1700000e-010  1.0600000e-009  1.0800000e-009  1.0600000e-009  1.6000000e-009  1.3400000e-009  1.3700000e-009  1.3350000e-009  1.5400000e-009  1.5900000e-009  1.5900000e-009  1.6950000e-009             NaN  1.9350000e-009  1.9300000e-009  2.1800000e-009  2.2700000e-009  2.3400000e-009  1.9300000e-009  2.3100000e-009  2.3700000e-009  8.9300000e-010  1.8200000e-009  2.0800000e-009  2.7800000e-009  2.3100000e-009  8.0300000e-010  1.5500000e-009  1.1950000e-009  1.5300000e-009
  1.5000000e+000  5.6200000e-009  7.4800000e-009  5.3900000e-009  9.5950000e-010  1.0500000e-009  1.0600000e-009  9.9750000e-010  1.1600000e-009  1.6200000e-009  1.9500000e-009  1.9400000e-009  2.0500000e-009  1.7400000e-009  1.7950000e-009  1.8700000e-009  1.9000000e-009  1.9400000e-009  1.9800000e-009             NaN  2.2800000e-009  2.5200000e-009  2.7300000e-009  2.6950000e-009  2.7850000e-009  2.4300000e-009  2.7600000e-009  3.0100000e-009  3.2000000e-009  3.4100000e-009  4.0400000e-009  2.9300000e-009  4.4600000e-009  3.7600000e-009  1.0200000e-009  1.8700000e-009  1.9900000e-009
  1.0000000e+000  9.9400000e-009  1.2200000e-009  6.1150000e-009  1.1700000e-009  1.2350000e-009  1.2500000e-009  1.6550000e-009  4.2100000e-009  4.4450000e-009  3.2500000e-009  2.6400000e-009  2.3050000e-009  2.4900000e-009  2.4200000e-009  2.3900000e-009  2.5100000e-009  2.5200000e-009  2.6950000e-009             NaN  3.1750000e-009  3.2400000e-009  3.3900000e-009  3.2900000e-009  3.5900000e-009  3.3400000e-009  3.6850000e-009  4.6150000e-009  4.0450000e-009  4.6700000e-009  6.0700000e-009  7.7100000e-009  9.9600000e-009  5.6800000e-009  1.8250000e-009  3.2900000e-009  3.2450000e-009
  7.0000000e-001  1.0400000e-008  1.6700000e-008  3.0200000e-009  1.9100000e-009  1.7200000e-009  1.6700000e-009  2.0900000e-009  1.9100000e-009  2.6550000e-009  2.7650000e-009  4.3900000e-009  3.6600000e-009  3.3550000e-009  3.2400000e-009  3.4500000e-009  3.6600000e-009  3.3400000e-009  4.0000000e-009             NaN  4.4500000e-009  4.3200000e-009  5.2100000e-009  4.6300000e-009  4.3300000e-009  2.1000000e-009  5.2100000e-009  6.0000000e-009  7.7700000e-009  8.9800000e-009  9.9800000e-009  1.3550000e-008  1.6250000e-008  1.0100000e-008  3.9000000e-009  4.3300000e-009  5.4600000e-009
  5.0000000e-001  2.9500000e-008  3.1050000e-009  2.2800000e-009  2.5300000e-009  2.7500000e-009  3.7400000e-009  2.8600000e-009  6.5900000e-009  6.1300000e-009  5.4100000e-009  5.2000000e-009  5.6500000e-009  4.4200000e-009  4.5000000e-009  4.5350000e-009  4.6500000e-009  4.9050000e-009  5.3500000e-009             NaN  5.8100000e-009  6.3500000e-009  6.3500000e-009  6.4800000e-009  6.8500000e-009  3.0200000e-009  9.7900000e-009  8.9200000e-009  1.1700000e-008  9.6900000e-009  1.5800000e-008  2.4200000e-008  2.6100000e-008  8.2900000e-009  7.5300000e-009  5.6150000e-009  8.1600000e-009
  3.0000000e-001             NaN  5.7100000e-009  5.2900000e-009  4.7800000e-009  4.4800000e-009  9.6800000e-009  3.9100000e-009  4.7800000e-009  5.0150000e-009  7.0250000e-009  1.1300000e-008  8.6300000e-009  6.5700000e-009  6.8900000e-009  6.9700000e-009  6.6950000e-009  6.8500000e-009  7.7600000e-009             NaN  8.6200000e-009  8.9300000e-009  9.8400000e-009  9.0050000e-009  9.5100000e-009  1.0450000e-008  1.4600000e-008  1.9900000e-008  1.5600000e-008  2.4350000e-008  2.6400000e-008  2.2200000e-008  3.5400000e-008  1.4400000e-008  1.2500000e-008  1.0100000e-008  9.2100000e-009
  2.0000000e-001  9.0700000e-009  2.7800000e-008  4.4500000e-009  5.6600000e-009  4.7000000e-009  5.9400000e-009  6.4650000e-009  5.2550000e-009  1.2400000e-008  2.0800000e-008  1.8500000e-008  1.5400000e-008  1.1450000e-008  1.0850000e-008  1.0200000e-008  1.0500000e-008  1.1250000e-008  1.2400000e-008             NaN  1.2950000e-008  1.4600000e-008  1.5250000e-008  1.4150000e-008  1.5100000e-008  2.3900000e-008  2.5600000e-008  3.7300000e-008  4.0550000e-008  3.4600000e-008  2.7800000e-008  4.1300000e-008  2.5500000e-008  1.8850000e-008  1.7500000e-008  9.3700000e-009  1.6900000e-008
  1.5000000e-001  9.8400000e-009  1.1100000e-008  1.0650000e-008  7.7550000e-009  9.1100000e-009  7.3250000e-009  7.4050000e-009  8.2500000e-009  1.2200000e-008  3.0950000e-008  3.0100000e-008  2.9400000e-008  1.7800000e-008  1.5550000e-008  1.6600000e-008  1.5700000e-008  1.6650000e-008  1.7550000e-008             NaN  1.9000000e-008  2.0650000e-008  2.1350000e-008  2.1200000e-008  2.4200000e-008  3.4600000e-008  4.3900000e-008  5.0950000e-008  5.6700000e-008  4.8600000e-008  4.7000000e-008  4.1750000e-008  2.7200000e-008  1.4300000e-008  1.4200000e-008  1.0000000e-008  2.0350000e-008
  1.0000000e-001             NaN  3.4100000e-008  1.3150000e-008  3.5300000e-008  1.5350000e-008  1.7150000e-008  1.7600000e-008  1.8200000e-008  2.4000000e-008  3.4950000e-008  3.9800000e-008  3.9100000e-008  3.8800000e-008  2.3200000e-008  2.3800000e-008  2.3950000e-008  2.6000000e-008  2.8350000e-008             NaN  3.0050000e-008  3.1000000e-008  3.2400000e-008  4.1550000e-008  3.8050000e-008  6.1800000e-008  6.3750000e-008  7.6100000e-008  8.8650000e-008  6.9400000e-008  6.4750000e-008  5.2800000e-008  3.8000000e-008  2.1750000e-008  1.6100000e-008  1.7000000e-008  1.7700000e-008
