             NaN -8.7500000e+001 -8.2500000e+001 -7.7500000e+001 -7.2500000e+001 -6.7500000e+001 -6.2500000e+001 -5.7500000e+001 -5.2500000e+001 -4.7500000e+001 -4.2500000e+001 -3.7500000e+001 -3.2500000e+001 -2.7500000e+001 -2.2500000e+001 -1.7500000e+001 -1.2500000e+001 -7.5000000e+000 -2.5000000e+000  2.5000000e+000  7.5000000e+000  1.2500000e+001  1.7500000e+001  2.2500000e+001  2.7500000e+001  3.2500000e+001  3.7500000e+001  4.2500000e+001  4.7500000e+001  5.2500000e+001  5.7500000e+001  6.2500000e+001  6.7500000e+001  7.2500000e+001  7.7500000e+001  8.2500000e+001  8.7500000e+001
  1.0000000e+003             NaN             NaN             NaN             NaN             NaN             NaN             NaN             NaN             NaN             NaN             NaN             NaN             NaN             NaN             NaN             NaN             NaN             NaN             NaN             NaN             NaN             NaN             NaN             NaN             NaN             NaN             NaN             NaN             NaN             NaN             NaN             NaN             NaN             NaN             NaN             NaN
  8.5000000e+002             NaN             NaN             NaN             NaN             NaN             NaN             NaN             NaN             NaN             NaN             NaN             NaN             NaN             NaN             NaN             NaN             NaN             NaN             NaN             NaN             NaN             NaN             NaN             NaN             NaN             NaN             NaN             NaN             NaN             NaN             NaN             NaN             NaN             NaN             NaN             NaN
  7.0000000e+002             NaN             NaN             NaN             NaN             NaN             NaN             NaN             NaN             NaN             NaN             NaN             NaN             NaN             NaN             NaN             NaN             NaN             NaN             NaN             NaN             NaN             NaN             NaN             NaN             NaN             NaN             NaN             NaN             NaN             NaN             NaN             NaN             NaN             NaN             NaN             NaN
  5.0000000e+002             NaN             NaN             NaN             NaN             NaN             NaN             NaN             NaN             NaN             NaN             NaN             NaN             NaN             NaN             NaN             NaN             NaN             NaN             NaN             NaN             NaN             NaN             NaN             NaN             NaN             NaN             NaN             NaN             NaN             NaN             NaN             NaN             NaN             NaN             NaN             NaN
  4.0000000e+002             NaN             NaN             NaN             NaN             NaN             NaN             NaN             NaN             NaN             NaN             NaN  1.7114876e-006             NaN  1.6912037e-006             NaN             NaN             NaN             NaN             NaN             NaN             NaN             NaN             NaN             NaN             NaN             NaN             NaN             NaN             NaN             NaN             NaN             NaN             NaN             NaN             NaN             NaN
  3.0000000e+002             NaN             NaN             NaN  1.6422483e-006  1.6441293e-006  1.6656970e-006  1.6617714e-006  1.6871793e-006             NaN             NaN             NaN  1.7002268e-006  1.6966858e-006  1.6773571e-006             NaN             NaN             NaN             NaN             NaN             NaN             NaN             NaN             NaN             NaN             NaN             NaN             NaN             NaN             NaN  1.6763558e-006  1.6663882e-006  1.6935921e-006             NaN             NaN             NaN             NaN
  2.5000000e+002  1.6251817e-006  1.6248999e-006  1.6052063e-006  1.6224511e-006  1.6159232e-006  1.6171137e-006  1.6281352e-006  1.6348837e-006  1.6601967e-006  1.6942777e-006  1.6861850e-006  1.7218952e-006  1.6947178e-006  1.6676508e-006             NaN             NaN             NaN             NaN             NaN             NaN             NaN             NaN             NaN             NaN             NaN  1.6846750e-006  1.6782045e-006  1.6466480e-006  1.6443765e-006  1.6423918e-006  1.6475629e-006  1.6442799e-006  1.6410025e-006  1.6504556e-006  1.6592184e-006             NaN
  2.0000000e+002             NaN  1.6209760e-006  1.6002661e-006  1.6035651e-006  1.6104251e-006  1.6064634e-006  1.6231242e-006  1.6310702e-006  1.6394969e-006  1.6828619e-006  1.6759733e-006  1.7118016e-006  1.7308020e-006  1.7878742e-006             NaN             NaN             NaN             NaN             NaN             NaN             NaN             NaN             NaN             NaN  1.7238915e-006  1.6624212e-006  1.6487542e-006  1.6296397e-006  1.6298478e-006  1.6308104e-006  1.6265295e-006  1.6262366e-006  1.6236932e-006  1.6324764e-006  1.6279645e-006             NaN
  1.7000000e+002             NaN  1.6022924e-006  1.6096421e-006  1.6198704e-006  1.6185031e-006  1.6207953e-006  1.6382514e-006  1.6487472e-006  1.6528334e-006  1.6667279e-006  1.6759178e-006  1.6952995e-006  1.6885949e-006  1.7164112e-006             NaN             NaN             NaN             NaN             NaN             NaN             NaN             NaN             NaN             NaN  1.6931071e-006  1.6386246e-006  1.6188653e-006  1.5999673e-006  1.5946640e-006  1.5980605e-006  1.5901050e-006  1.5661881e-006  1.5643833e-006  1.5537882e-006  1.5412546e-006             NaN
  1.5000000e+002  1.5742941e-006  1.5888809e-006  1.5863321e-006  1.5986111e-006  1.6138298e-006  1.6173992e-006  1.6276505e-006  1.6206244e-006  1.6361123e-006  1.6421956e-006  1.6572937e-006  1.6649598e-006  1.6945966e-006             NaN             NaN             NaN             NaN             NaN             NaN             NaN             NaN             NaN             NaN  1.6401563e-006  1.6413786e-006  1.6160243e-006  1.5809099e-006  1.5765497e-006  1.5500672e-006  1.5463029e-006  1.5313817e-006  1.5281215e-006  1.4913939e-006  1.5149392e-006  1.4798092e-006             NaN
  1.3000000e+002  1.5292857e-006  1.5230806e-006  1.5336823e-006  1.5500359e-006  1.5557148e-006  1.5928604e-006  1.5969326e-006  1.6026541e-006  1.6294521e-006  1.6249607e-006  1.6336310e-006  1.6087375e-006  1.7182270e-006  1.7071595e-006             NaN             NaN             NaN             NaN             NaN             NaN             NaN             NaN             NaN  1.6312106e-006  1.6208876e-006  1.6017025e-006  1.5588722e-006  1.5481577e-006  1.5335148e-006  1.4952720e-006  1.4827830e-006  1.4617436e-006  1.4427461e-006  1.4408430e-006  1.3937374e-006  1.4097110e-006
  1.1500000e+002  1.5203432e-006  1.4795481e-006  1.5042232e-006  1.5011633e-006  1.5438841e-006  1.5604175e-006  1.5610401e-006  1.6014862e-006  1.6063748e-006  1.5997006e-006  1.6830430e-006  1.6813706e-006  1.6906810e-006  1.7072504e-006             NaN             NaN             NaN             NaN             NaN             NaN             NaN             NaN  1.6514051e-006  1.6351586e-006  1.6093533e-006  1.5651088e-006  1.5649834e-006  1.5524153e-006  1.4884865e-006  1.4749268e-006  1.4257251e-006  1.4205467e-006  1.3654267e-006  1.3633700e-006  1.3652205e-006  1.2540672e-006
  1.0000000e+002  1.4512092e-006  1.4603345e-006  1.4454220e-006  1.4593761e-006  1.4785649e-006  1.5109141e-006  1.5416310e-006  1.5476790e-006  1.5654597e-006  1.6209143e-006  1.5726561e-006  1.5846041e-006  1.6920869e-006             NaN             NaN             NaN             NaN             NaN             NaN             NaN             NaN             NaN  1.5966795e-006  1.5840445e-006  1.5484941e-006  1.5374316e-006  1.5373151e-006  1.5102911e-006  1.4426151e-006  1.4054173e-006  1.3997544e-006  1.3486504e-006  1.3250794e-006  1.3225957e-006  1.2850886e-006  1.2500838e-006
  9.0000000e+001  1.3718643e-006  1.3887250e-006  1.3941790e-006  1.3815040e-006  1.4249347e-006  1.4742069e-006  1.5024410e-006  1.5169163e-006  1.5260801e-006  1.5758271e-006  1.5946558e-006  1.6234568e-006             NaN             NaN             NaN             NaN             NaN             NaN             NaN             NaN             NaN             NaN  1.4862975e-006  1.5485739e-006  1.5189875e-006  1.4985497e-006  1.4658844e-006  1.4791616e-006  1.4569029e-006  1.4127411e-006  1.3664802e-006  1.3225929e-006  1.2775262e-006  1.2489704e-006  1.1967894e-006             NaN
  8.0000000e+001  1.3214143e-006  1.3176702e-006  1.3434273e-006  1.3568036e-006  1.3591220e-006  1.3889628e-006  1.4497402e-006  1.4411546e-006  1.5161836e-006  1.5283104e-006  1.5034606e-006  1.6193623e-006             NaN             NaN             NaN             NaN             NaN             NaN             NaN             NaN             NaN             NaN  1.4842644e-006  1.4871853e-006  1.4643236e-006  1.4552021e-006  1.4578950e-006  1.4582711e-006  1.4102081e-006  1.3664428e-006  1.2995777e-006  1.2283613e-006  1.1657931e-006  1.1602657e-006  1.1609206e-006  1.1171834e-006
  7.0000000e+001  1.1985009e-006  1.2094447e-006  1.2282570e-006  1.2672053e-006  1.2874470e-006  1.3018291e-006  1.3312040e-006  1.3467909e-006  1.3695949e-006  1.4066397e-006  1.4595604e-006  1.5085816e-006             NaN             NaN             NaN             NaN             NaN             NaN             NaN             NaN             NaN             NaN  1.4270662e-006  1.3989889e-006  1.4033292e-006  1.4172671e-006  1.4063527e-006  1.3671457e-006  1.3806963e-006  1.3078107e-006  1.2628866e-006  1.2405961e-006  1.0931581e-006  1.0337311e-006  1.0299491e-006  9.9002427e-007
  5.0000000e+001  1.1351016e-006  1.1476619e-006  1.1489535e-006  1.1770985e-006  1.1926168e-006  1.2059343e-006  1.2400170e-006  1.2518160e-006  1.2776958e-006  1.2744158e-006  1.3455374e-006  1.3708092e-006             NaN             NaN             NaN             NaN             NaN             NaN             NaN             NaN             NaN             NaN  1.4103783e-006  1.3878241e-006  1.3814942e-006  1.3400408e-006  1.3345850e-006  1.3185733e-006  1.2943075e-006  1.2816514e-006  1.2275568e-006  1.0907168e-006  9.5606120e-007  8.5072189e-007  7.6738945e-007  7.8473387e-007
  3.0000000e+001  1.0038630e-006  1.0078388e-006  1.0278141e-006  1.0361411e-006  1.0645282e-006  1.0766355e-006  1.0715988e-006  1.0851524e-006  1.1289649e-006  1.0929904e-006  1.1631463e-006  1.2491683e-006             NaN             NaN             NaN             NaN             NaN             NaN             NaN             NaN             NaN             NaN             NaN  1.2553196e-006  1.2312988e-006  1.2348947e-006  1.2051526e-006  1.1951034e-006  1.1673528e-006  1.1568569e-006  1.1085389e-006  8.7223571e-007  8.5752064e-007  6.0379678e-007  4.9091992e-007  4.4539047e-007
  2.0000000e+001  8.9342286e-007  9.0352817e-007  9.1669691e-007  9.6118939e-007  9.8841481e-007  9.9619990e-007  1.0028181e-006  1.0129708e-006  1.0140944e-006  1.0390140e-006  1.0729199e-006  1.1471221e-006             NaN             NaN             NaN             NaN             NaN             NaN             NaN             NaN             NaN             NaN             NaN  1.2419810e-006  1.1081000e-006  1.0623372e-006  1.0221641e-006  1.0509919e-006  9.9221535e-007  9.9541186e-007  9.1841389e-007  7.2396420e-007  7.2893078e-007  5.2372772e-007  4.6608711e-007  4.3263075e-007
  1.5000000e+001  7.5782342e-007  8.0498570e-007  8.3562054e-007  8.3156461e-007  8.5571123e-007  8.7662069e-007  9.1762444e-007  9.2757115e-007  9.6612794e-007  9.9659972e-007  1.0602756e-006             NaN             NaN             NaN             NaN             NaN             NaN             NaN             NaN             NaN             NaN             NaN             NaN  1.2022098e-006  9.9937335e-007  8.7752224e-007  8.9710555e-007  8.7383954e-007  8.3936990e-007  8.3270373e-007  7.7553934e-007  6.7331493e-007  5.4916442e-007  4.9206698e-007  4.1782975e-007  3.8446412e-007
  1.0000000e+001  6.3210089e-007  6.7091967e-007  7.1427180e-007  7.1588404e-007  7.5918349e-007  7.6411367e-007  7.9970715e-007  8.5798604e-007  8.7054929e-007  9.4561874e-007  1.0027121e-006  9.7381581e-007             NaN             NaN             NaN             NaN             NaN             NaN             NaN             NaN             NaN             NaN             NaN  1.0315493e-006  8.8374980e-007  8.0082297e-007  7.2649699e-007  7.2730931e-007  7.2115959e-007  6.5547043e-007  5.9700528e-007  5.7621356e-007  5.3457212e-007  4.1719768e-007  4.1412770e-007  3.5483454e-007
  7.0000000e+000  4.9027141e-007  5.3515632e-007  5.5044931e-007  5.6425691e-007  5.9969188e-007  6.5444302e-007  6.5471644e-007  7.1692086e-007  7.9314111e-007  8.4571472e-007  9.5884826e-007             NaN             NaN             NaN             NaN             NaN             NaN             NaN             NaN             NaN             NaN             NaN             NaN  9.2732362e-007  7.3707589e-007  7.2002083e-007  7.1007251e-007  6.7872834e-007  6.3080136e-007  6.2439918e-007  5.5163112e-007  4.8088065e-007  4.8217541e-007  4.3448635e-007  3.7363676e-007  3.0883234e-007
  5.0000000e+000  3.7135070e-007  3.4590710e-007  3.8541891e-007  4.1269115e-007  4.1403220e-007  4.6435410e-007  5.1016875e-007  5.9562110e-007  6.8904632e-007  7.9291102e-007  8.5229483e-007  8.9386777e-007             NaN             NaN             NaN             NaN             NaN             NaN             NaN             NaN             NaN             NaN             NaN  7.8373750e-007  7.3312182e-007  6.7857059e-007  7.1604127e-007  6.2928659e-007  5.8409743e-007  5.4322764e-007  5.0147381e-007  4.6648046e-007  4.1836065e-007  4.0761222e-007  3.9770385e-007  3.5422623e-007
  3.0000000e+000  1.6131175e-007  1.9017147e-007  1.9641097e-007  2.2479914e-007  2.6042736e-007  2.5580976e-007  3.2071592e-007  4.0855643e-007  4.9751647e-007  5.7463402e-007  7.1204081e-007  8.2194642e-007             NaN             NaN             NaN             NaN             NaN             NaN             NaN             NaN             NaN             NaN  8.8528609e-007  7.9930994e-007  6.4842298e-007  5.9949665e-007  5.7083597e-007  5.4830741e-007  5.0846763e-007  4.7123686e-007  4.1828507e-007  3.9858449e-007  3.7542139e-007  3.7164722e-007  3.8218958e-007  3.1000323e-007
  2.0000000e+000  9.7804284e-008  1.1915353e-007  1.2133201e-007  1.2830018e-007  1.5686847e-007  1.6924366e-007  1.9125005e-007  2.6027947e-007  3.2145668e-007  5.0221812e-007  5.6721880e-007             NaN             NaN             NaN             NaN             NaN             NaN             NaN             NaN             NaN             NaN             NaN             NaN  5.9288403e-007  5.9091394e-007  5.2455490e-007  4.6328774e-007  4.4293846e-007  4.2171099e-007  3.2633920e-007  3.3075984e-007  3.1782490e-007  2.9601377e-007  2.7247906e-007  2.7466218e-007             NaN
  1.5000000e+000  7.1650906e-008  7.4719052e-008  7.6346195e-008  9.1201774e-008  1.0607465e-007  1.2453275e-007  1.5711092e-007  2.0962862e-007  2.6955901e-007  3.6065398e-007  4.4847558e-007  5.1107160e-007             NaN             NaN             NaN             NaN             NaN             NaN             NaN             NaN             NaN             NaN             NaN  5.2493116e-007  4.5263443e-007  4.2574548e-007  4.1981215e-007  3.9067979e-007  3.4343766e-007  2.8451945e-007  2.6582472e-007  2.6407970e-007  2.4547296e-007  2.4395688e-007  2.3442181e-007  2.6304813e-007
  1.0000000e+000  6.8130928e-008  7.0355353e-008  7.2371120e-008  7.7480875e-008  8.4294925e-008  1.0380973e-007  1.2257694e-007  1.7580898e-007  2.3748769e-007  2.5515400e-007  3.5193358e-007             NaN             NaN             NaN             NaN             NaN             NaN             NaN             NaN             NaN             NaN             NaN  4.7194458e-007             NaN  3.6811211e-007  3.4566602e-007  3.3539020e-007  3.4054892e-007  3.3660610e-007  2.7799777e-007  1.7995856e-007  2.0139704e-007  1.8095035e-007  2.0374259e-007  1.8411156e-007  1.6942837e-007
  7.0000000e-001  1.0357149e-007  8.7277752e-008  7.4073445e-008  7.1473129e-008  7.3606760e-008  8.7588111e-008  1.1683647e-007  1.4329396e-007  1.9848670e-007  2.6724883e-007  2.4472075e-007  3.2667633e-007             NaN             NaN             NaN             NaN             NaN             NaN             NaN             NaN             NaN             NaN             NaN             NaN  3.1439902e-007  2.8472396e-007  2.8784936e-007  2.8175017e-007  2.7826865e-007  2.2941037e-007  1.6273880e-007  1.5726520e-007  1.4400087e-007  1.4205472e-007  1.4083203e-007  1.2142593e-007
  5.0000000e-001  1.3371665e-007  1.0201619e-007  9.9815449e-008  9.5093538e-008  9.1363276e-008  9.7649391e-008  1.0212623e-007  1.3800245e-007  1.8000002e-007  1.7994735e-007  2.9484894e-007  3.2959847e-007  2.9035023e-007             NaN             NaN             NaN             NaN             NaN             NaN             NaN             NaN  2.8208983e-007             NaN  2.7422241e-007  2.7205138e-007  2.3453199e-007  2.5223012e-007  2.3049672e-007  2.4296234e-007  2.0794376e-007  1.5845073e-007  1.5265184e-007  1.4939844e-007  1.0892444e-007  8.9146450e-008  1.0499961e-007
  3.0000000e-001  1.6280698e-007  1.4370628e-007  1.3308210e-007  1.2533766e-007  1.2492892e-007  1.3152812e-007  1.3756420e-007  1.5060764e-007  2.1234301e-007  1.9860816e-007  2.2737564e-007  2.3398470e-007  3.1972040e-007             NaN             NaN             NaN             NaN             NaN             NaN             NaN             NaN             NaN  1.9414749e-007  1.8311930e-007  2.0041152e-007  1.9598431e-007  1.9869205e-007  1.8929039e-007  1.8884169e-007  1.5233440e-007  1.3074158e-007  1.3482045e-007  1.0755923e-007  7.9179515e-008  5.9097502e-008  5.3344332e-008
  2.0000000e-001             NaN             NaN  1.5672498e-007  1.8301419e-007  1.5476032e-007  1.5723476e-007  1.6127485e-007  1.6436837e-007  1.6179422e-007  1.6743805e-007  1.7519170e-007  2.0421358e-007  2.3370379e-007  2.2747298e-007             NaN             NaN             NaN             NaN             NaN             NaN             NaN             NaN  1.8816472e-007  1.5670787e-007  1.5251235e-007  1.5293032e-007  1.7020862e-007  1.3931489e-007  1.3840989e-007  1.2655817e-007  1.2536155e-007  1.0822110e-007  8.2832303e-008  6.1825517e-008  5.1598392e-008  5.7166197e-008
  1.5000000e-001             NaN             NaN  2.0181861e-007  1.9408290e-007  1.9651427e-007  1.9284201e-007  1.8682908e-007  1.6445338e-007  1.7130905e-007  1.7363029e-007  1.7678058e-007  1.8321135e-007  2.0618311e-007  2.3274501e-007             NaN             NaN             NaN             NaN             NaN             NaN             NaN             NaN             NaN  1.1052311e-007  1.2074023e-007  1.2159509e-007  1.1443733e-007  1.0381198e-007  9.1921305e-008  8.2993213e-008  8.7494228e-008  7.0013887e-008  6.8860516e-008  5.2517119e-008  3.6489639e-008             NaN
  1.0000000e-001             NaN  1.8323114e-007  1.9093222e-007  2.2732891e-007  2.1076810e-007  2.0343447e-007  2.0199786e-007  1.9099907e-007  1.9148134e-007  1.7482359e-007  1.6471979e-007  1.7106158e-007  1.6536432e-007             NaN             NaN             NaN             NaN             NaN             NaN             NaN             NaN             NaN  9.5018210e-008  7.6091234e-008  8.2656451e-008  7.3146621e-008  7.7387160e-008  7.2053033e-008  7.1567455e-008  7.3880421e-008  6.7088995e-008  5.6335251e-008  5.5719145e-008  5.4019059e-008  3.8574936e-008  4.1729961e-008
             NaN -8.7500000e+001 -8.2500000e+001 -7.7500000e+001 -7.2500000e+001 -6.7500000e+001 -6.2500000e+001 -5.7500000e+001 -5.2500000e+001 -4.7500000e+001 -4.2500000e+001 -3.7500000e+001 -3.2500000e+001 -2.7500000e+001 -2.2500000e+001 -1.7500000e+001 -1.2500000e+001 -7.5000000e+000 -2.5000000e+000  2.5000000e+000  7.5000000e+000  1.2500000e+001  1.7500000e+001  2.2500000e+001  2.7500000e+001  3.2500000e+001  3.7500000e+001  4.2500000e+001  4.7500000e+001  5.2500000e+001  5.7500000e+001  6.2500000e+001  6.7500000e+001  7.2500000e+001  7.7500000e+001  8.2500000e+001  8.7500000e+001
  1.0000000e+003             NaN             NaN             NaN             NaN             NaN             NaN             NaN             NaN             NaN             NaN             NaN             NaN             NaN             NaN             NaN             NaN             NaN             NaN             NaN             NaN             NaN             NaN             NaN             NaN             NaN             NaN             NaN             NaN             NaN             NaN             NaN             NaN             NaN             NaN             NaN             NaN
  8.5000000e+002             NaN             NaN             NaN             NaN             NaN             NaN             NaN             NaN             NaN             NaN             NaN             NaN             NaN             NaN             NaN             NaN             NaN             NaN             NaN             NaN             NaN             NaN             NaN             NaN             NaN             NaN             NaN             NaN             NaN             NaN             NaN             NaN             NaN             NaN             NaN             NaN
  7.0000000e+002             NaN             NaN             NaN             NaN             NaN             NaN             NaN             NaN             NaN             NaN             NaN             NaN             NaN             NaN             NaN             NaN             NaN             NaN             NaN             NaN             NaN             NaN             NaN             NaN             NaN             NaN             NaN             NaN             NaN             NaN             NaN             NaN             NaN             NaN             NaN             NaN
  5.0000000e+002             NaN             NaN             NaN             NaN             NaN             NaN             NaN             NaN             NaN             NaN             NaN             NaN             NaN             NaN             NaN             NaN             NaN             NaN             NaN             NaN             NaN             NaN             NaN             NaN             NaN             NaN             NaN             NaN             NaN             NaN             NaN             NaN             NaN             NaN             NaN             NaN
  4.0000000e+002             NaN             NaN             NaN             NaN             NaN             NaN             NaN             NaN             NaN             NaN             NaN  9.2632939e-008             NaN  2.6996678e-008             NaN             NaN             NaN             NaN             NaN             NaN             NaN             NaN             NaN             NaN             NaN             NaN             NaN             NaN             NaN             NaN             NaN             NaN             NaN             NaN             NaN             NaN
  3.0000000e+002             NaN             NaN             NaN  2.5291441e-008  1.4451906e-008  2.3033739e-008  3.7178110e-008  3.7586349e-008             NaN             NaN             NaN  3.0059907e-008  5.1450985e-008  3.5531871e-008             NaN             NaN             NaN             NaN             NaN             NaN             NaN             NaN             NaN             NaN             NaN             NaN             NaN             NaN             NaN  3.3061051e-008  1.2227668e-008  3.5729297e-008             NaN             NaN             NaN             NaN
  2.5000000e+002  1.2923173e-008  1.3968190e-008  2.2958312e-008  2.2829263e-008  2.2455267e-008  2.3240158e-008  2.8162172e-008  3.5242033e-008  2.6309823e-008  4.4706296e-008  6.1516579e-008  2.9061395e-008  4.2401713e-008  5.5949001e-008             NaN             NaN             NaN             NaN             NaN             NaN             NaN             NaN             NaN             NaN             NaN  4.9043965e-008  4.9912996e-008  4.0077894e-008  3.6064690e-008  3.2968425e-008  3.2902812e-008  2.7471944e-008  2.8631277e-008  2.9588206e-008  2.4573452e-008             NaN
  2.0000000e+002             NaN  2.3257905e-008  3.1024023e-008  3.4298098e-008  3.0182658e-008  2.7927727e-008  2.8445185e-008  2.8981573e-008  3.8682475e-008  4.0243180e-008  4.8557731e-008  5.5975317e-008  3.4205225e-008  1.2575690e-008             NaN             NaN             NaN             NaN             NaN             NaN             NaN             NaN             NaN             NaN  3.2198962e-008  4.6358123e-008  4.4299467e-008  3.5929173e-008  3.6262576e-008  3.6557299e-008  3.5686943e-008  3.5646355e-008  3.2399886e-008  3.7316228e-008  3.6191686e-008             NaN
  1.7000000e+002             NaN  9.0194229e-009  1.8870659e-008  2.9499305e-008  2.5676892e-008  2.3480829e-008  2.8026651e-008  3.4288878e-008  2.7172537e-008  3.4012305e-008  3.1038618e-008  3.6527312e-008  3.8656961e-008  5.3284485e-008             NaN             NaN             NaN             NaN             NaN             NaN             NaN             NaN             NaN             NaN  3.7441124e-008  2.9783050e-008  3.6500125e-008  3.3203706e-008  4.8818693e-008  4.0310812e-008  4.4415589e-008  5.0146724e-008  4.3941008e-008  3.7901925e-008  4.1198514e-008             NaN
  1.5000000e+002  5.3773250e-008  3.3827947e-008  3.1087694e-008  3.6276530e-008  4.6223582e-008  3.6659266e-008  3.3558831e-008  3.7908082e-008  3.8507453e-008  3.2432525e-008  4.4722662e-008  3.4394814e-008  9.6913344e-009             NaN             NaN             NaN             NaN             NaN             NaN             NaN             NaN             NaN             NaN  1.7501462e-008  2.2373414e-008  2.5621347e-008  4.2750784e-008  4.5368203e-008  3.4606352e-008  4.8886669e-008  4.6884329e-008  5.2966341e-008  4.6367489e-008  5.2289278e-008  4.9243109e-008             NaN
  1.3000000e+002  2.7086760e-008  2.8101479e-008  3.2066485e-008  2.9643224e-008  3.6603845e-008  2.4834645e-008  3.1398076e-008  2.5459246e-008  4.7574929e-008  3.4978610e-008  3.7934731e-008  6.7513787e-008  2.7343409e-008  2.5993377e-008             NaN             NaN             NaN             NaN             NaN             NaN             NaN             NaN             NaN  3.4500507e-008  2.7852437e-008  2.7474202e-008  3.3297124e-008  4.4935843e-008  4.5269829e-008  5.6406839e-008  4.3516862e-008  4.8536064e-008  5.9940374e-008  5.5038855e-008  6.7113782e-008  6.7409829e-008
  1.1500000e+002  6.9351553e-008  4.6293203e-008  5.5759299e-008  4.7386141e-008  4.8041176e-008  4.3382683e-008  2.8867943e-008  4.0198306e-008  5.8916115e-008  6.5436175e-008  5.4389419e-008  3.5267702e-008  1.6909068e-008  5.1003897e-008             NaN             NaN             NaN             NaN             NaN             NaN             NaN             NaN  2.9394146e-008  2.1428637e-008  5.8972579e-008  2.1421506e-008  4.1754530e-008  6.3065850e-008  5.9874930e-008  5.6861659e-008  5.9245481e-008  5.3521953e-008  7.2551670e-008  6.1105952e-008  6.8284613e-008  2.6388654e-008
  1.0000000e+002  2.6647516e-008  5.5192576e-008  6.8958776e-008  5.0962899e-008  6.2134655e-008  5.2316664e-008  5.8527987e-008  6.7783353e-008  5.2951413e-008  5.8608360e-008  1.0976850e-007  2.3055163e-008  3.1003136e-008             NaN             NaN             NaN             NaN             NaN             NaN             NaN             NaN             NaN  1.1491519e-008  5.9270995e-008  8.2688875e-008  7.8135449e-008  6.2474498e-008  8.5408879e-008  5.9653378e-008  6.0743249e-008  6.2819779e-008  6.5398927e-008  7.8942303e-008  6.3626165e-008  5.2570236e-008  5.6456254e-008
  9.0000000e+001  4.7298582e-008  2.7399950e-008  5.6634646e-008  5.5042910e-008  7.0891755e-008  6.3574031e-008  4.3955288e-008  5.1911236e-008  6.5697498e-008  5.5070334e-008  5.7619367e-008  6.8135587e-008             NaN             NaN             NaN             NaN             NaN             NaN             NaN             NaN             NaN             NaN  1.7372423e-008  3.1884976e-008  6.9133179e-008  6.6504311e-008  6.2166010e-008  5.6301033e-008  9.0555186e-008  5.8652855e-008  6.6847500e-008  1.1328953e-007  6.1836303e-008  5.7647072e-008  5.8033083e-008             NaN
  8.0000000e+001  2.7642712e-008  6.5461268e-008  6.7737734e-008  4.5205592e-008  5.1733187e-008  5.0513437e-008  7.5085607e-008  5.7196302e-008  6.6056231e-008  6.7661617e-008  5.6599190e-008  4.0052040e-008             NaN             NaN             NaN             NaN             NaN             NaN             NaN             NaN             NaN             NaN  6.4933397e-008  6.7076383e-008  3.5160885e-008  3.8580663e-008  7.4047813e-008  4.7816138e-008  9.2449777e-008  9.3973101e-008  6.9838624e-008  9.5856812e-008  8.4833278e-008  7.0893359e-008  6.7686538e-008  5.1833036e-008
  7.0000000e+001  3.1167881e-008  4.4380428e-008  5.3095236e-008  5.9317663e-008  7.0725781e-008  5.9260886e-008  7.2621023e-008  1.0888183e-007  8.3173820e-008  6.9565537e-008  6.7464074e-008  6.5593883e-008             NaN             NaN             NaN             NaN             NaN             NaN             NaN             NaN             NaN             NaN  6.0205852e-008  9.5049054e-008  6.2359750e-008  7.3445691e-008  7.0528315e-008  5.7766398e-008  7.7266133e-008  6.1457302e-008  9.5574963e-008  8.5686364e-008  1.2228591e-007  7.7145660e-008  8.4520512e-008  6.2742856e-008
  5.0000000e+001  3.5399220e-008  3.5597733e-008  3.9866055e-008  4.9210064e-008  5.6987669e-008  6.6332623e-008  6.2458436e-008  7.7794879e-008  6.2254121e-008  5.7022590e-008  7.9230168e-008  7.6282898e-008             NaN             NaN             NaN             NaN             NaN             NaN             NaN             NaN             NaN             NaN  1.0594564e-007  8.4143501e-008  6.0021389e-008  5.4895905e-008  5.5234289e-008  5.4919072e-008  5.6417616e-008  7.4246238e-008  8.4551929e-008  1.5878848e-007  2.0827395e-007  1.8664145e-007  1.6464229e-007  1.1575833e-007
  3.0000000e+001  5.7471194e-008  4.4091575e-008  3.8494446e-008  4.7983392e-008  3.8854924e-008  5.0721783e-008  4.8444743e-008  5.0511641e-008  6.0920851e-008  5.5328267e-008  4.7868839e-008  1.1904640e-007             NaN             NaN             NaN             NaN             NaN             NaN             NaN             NaN             NaN             NaN             NaN  5.0687740e-008  7.0241066e-008  8.1019112e-008  8.0082183e-008  7.4458090e-008  6.4042522e-008  5.2247919e-008  1.0349582e-007  2.6205708e-007  2.5101107e-007  2.5172721e-007  1.8256225e-007  8.5286097e-008
  2.0000000e+001  4.5002295e-008  4.4941411e-008  3.5468136e-008  5.9930322e-008  6.8458068e-008  6.0862649e-008  6.2675846e-008  5.0796535e-008  4.4533061e-008  4.9474892e-008  3.1346492e-008  1.6531851e-008             NaN             NaN             NaN             NaN             NaN             NaN             NaN             NaN             NaN             NaN             NaN  5.4170739e-008  1.0114804e-007  1.0223778e-007  1.1464692e-007  9.6757101e-008  1.0949515e-007  7.5519199e-008  9.5658713e-008  2.4163725e-007  2.2636662e-007  2.1538522e-007  1.6936855e-007  1.0175735e-007
  1.5000000e+001  3.2791233e-008  3.9034184e-008  4.1523345e-008  3.4405932e-008  5.2459755e-008  5.3062797e-008  5.4168081e-008  7.6641576e-008  8.1397188e-008  7.7585938e-008  6.0043108e-008             NaN             NaN             NaN             NaN             NaN             NaN             NaN             NaN             NaN             NaN             NaN             NaN  3.5523141e-008  9.9205920e-008  1.5210870e-007  1.3187783e-007  1.3362385e-007  1.2435164e-007  9.7326343e-008  1.0544939e-007  1.5071312e-007  1.9728893e-007  1.6229136e-007  1.3169280e-007  9.9370256e-008
  1.0000000e+001  6.2414114e-008  5.5209655e-008  5.1179301e-008  5.6878584e-008  4.6234931e-008  4.7487155e-008  4.3917156e-008  7.3994244e-008  6.7848962e-008  8.0503489e-008  1.1327428e-007  1.0166964e-007             NaN             NaN             NaN             NaN             NaN             NaN             NaN             NaN             NaN             NaN             NaN  1.7416134e-007  1.1458253e-007  9.2660343e-008  5.8124749e-008  7.1015144e-008  7.0593560e-008  7.6887107e-008  9.0560351e-008  8.9195350e-008  9.2405483e-008  1.3231759e-007  1.1976314e-007  1.0416780e-007
  7.0000000e+000  4.2366723e-008  4.7407386e-008  5.0904402e-008  5.4024186e-008  4.3579739e-008  3.3365286e-008  5.5356030e-008  4.8385904e-008  4.8696923e-008  7.8113350e-008  9.0341743e-008             NaN             NaN             NaN             NaN             NaN             NaN             NaN             NaN             NaN             NaN             NaN             NaN  1.7735538e-007  8.6195170e-008  6.5490493e-008  7.7530853e-008  5.9266707e-008  5.4200371e-008  5.1605379e-008  6.1069606e-008  7.1375359e-008  7.3536373e-008  7.4615778e-008  8.7784606e-008  8.4547357e-008
  5.0000000e+000  5.0429984e-008  5.7359494e-008  7.0503018e-008  7.0995451e-008  8.2073757e-008  7.8110023e-008  8.1385416e-008  5.6522277e-008  6.6468872e-008  6.8055963e-008  1.0003809e-007  9.1318658e-008             NaN             NaN             NaN             NaN             NaN             NaN             NaN             NaN             NaN             NaN             NaN  8.0586997e-008  6.7894610e-008  7.5266700e-008  5.4306437e-008  7.8101401e-008  6.9568346e-008  4.8543067e-008  5.9525341e-008  6.6564548e-008  4.9893534e-008  4.7909591e-008  3.9787138e-008  6.3214430e-008
  3.0000000e+000  3.0944284e-008  4.3359437e-008  3.7953725e-008  4.6990950e-008  4.5171520e-008  4.0201388e-008  6.2394975e-008  6.7549976e-008  6.5394571e-008  7.3425617e-008  7.6742936e-008  8.1420854e-008             NaN             NaN             NaN             NaN             NaN             NaN             NaN             NaN             NaN             NaN  5.8442568e-008  5.1790079e-008  8.7166288e-008  8.9967585e-008  8.8971243e-008  8.9541084e-008  7.0220533e-008  6.7632937e-008  8.8932029e-008  7.1486801e-008  6.4439306e-008  5.4259305e-008  5.1075459e-008  5.6774463e-008
  2.0000000e+000  1.5563999e-008  2.0395113e-008  2.2450304e-008  2.4575485e-008  2.8869925e-008  2.8364482e-008  3.2310133e-008  4.1824591e-008  6.6497346e-008  7.3313441e-008  1.8592514e-008             NaN             NaN             NaN             NaN             NaN             NaN             NaN             NaN             NaN             NaN             NaN             NaN  7.6493902e-008  8.2614458e-008  6.1739151e-008  3.3415129e-008  6.1904663e-008  8.9429461e-008  7.4777589e-008  8.1962177e-008  8.9454200e-008  7.3372750e-008  6.0498036e-008  6.3176016e-008             NaN
  1.5000000e+000  5.8145971e-009  1.0875964e-008  1.2741008e-008  1.2949002e-008  1.3042528e-008  1.7164497e-008  3.0651966e-008  3.7456509e-008  8.0122264e-008  4.2764616e-008  9.2472966e-008  2.8521512e-008             NaN             NaN             NaN             NaN             NaN             NaN             NaN             NaN             NaN             NaN             NaN  9.3625072e-008  6.0764282e-008  3.6541594e-008  5.4139804e-008  6.0939568e-008  7.2393247e-008  7.7291652e-008  7.6341898e-008  6.4072874e-008  5.1148922e-008  5.8749881e-008  5.2831789e-008  4.6030337e-008
  1.0000000e+000  6.2995690e-009  9.4900738e-009  8.4303999e-009  8.9775584e-009  1.0907547e-008  1.5276264e-008  2.0202658e-008  4.4938531e-008  6.5505012e-008  7.9409226e-008  1.2724079e-007             NaN             NaN             NaN             NaN             NaN             NaN             NaN             NaN             NaN             NaN             NaN  6.3624872e-008             NaN  5.3828728e-008  2.3054865e-008  6.6839810e-008  4.0361585e-008  5.5493164e-008  6.1493079e-008  8.4695649e-008  7.8798543e-008  8.5133700e-008  6.0244002e-008  5.2810405e-008  3.6715102e-008
  7.0000000e-001  1.8656285e-008  1.5276585e-008  1.0544357e-008  9.3321583e-009  9.0239920e-009  1.3115388e-008  2.7144047e-008  3.9733825e-008  4.9802855e-008  1.1876627e-007  8.4323073e-008  8.3225185e-008             NaN             NaN             NaN             NaN             NaN             NaN             NaN             NaN             NaN             NaN             NaN             NaN  4.1718785e-008  3.4294855e-008  5.0469836e-008  2.4942339e-008  3.4501546e-008  5.9872577e-008  7.4342194e-008  7.1151909e-008  6.3178115e-008  7.2121244e-008  6.4871457e-008  6.0414045e-008
  5.0000000e-001  2.1861575e-008  2.1895174e-008  2.1378504e-008  1.7680434e-008  1.4019308e-008  1.5788503e-008  2.6693026e-008  3.0264761e-008  5.5751043e-008  5.4028688e-008  8.7417947e-008  7.0766019e-008  6.3547070e-008             NaN             NaN             NaN             NaN             NaN             NaN             NaN             NaN  1.2696273e-008             NaN  4.5275341e-008  1.7044575e-008  3.7639695e-008  3.2185729e-008  3.3652122e-008  3.5208120e-008  5.4009965e-008  6.6746617e-008  6.5583407e-008  6.7870061e-008  5.3807707e-008  5.1158571e-008  6.2189317e-008
  3.0000000e-001  2.4277720e-008  2.5375959e-008  2.7031363e-008  2.2944728e-008  2.1650260e-008  2.3843815e-008  3.3584246e-008  5.2508305e-008  7.4779306e-008  6.0521764e-008  1.0134344e-007  5.5237619e-008  4.3892021e-008             NaN             NaN             NaN             NaN             NaN             NaN             NaN             NaN             NaN  5.7731623e-008  2.0756069e-008  3.8352413e-008  4.2615928e-008  3.2082713e-008  3.2724714e-008  4.0433521e-008  5.4067941e-008  5.2270337e-008  5.7452938e-008  4.2967409e-008  4.0576251e-008  2.8900542e-008  2.3983763e-008
  2.0000000e-001             NaN             NaN  2.1609546e-008  3.4431989e-008  3.1216937e-008  2.6229985e-008  3.0386087e-008  2.6610322e-008  2.8726537e-008  3.2770582e-008  3.3906570e-008  5.5730246e-008  3.7842517e-008  5.6289555e-008             NaN             NaN             NaN             NaN             NaN             NaN             NaN             NaN  1.7297435e-008  4.1457743e-008  4.5519339e-008  3.1542753e-008  3.0028071e-008  4.5471668e-008  3.1056759e-008  5.0028326e-008  5.1174049e-008  4.2276364e-008  4.1490104e-008  3.5733318e-008  2.2322394e-008  2.7376011e-008
  1.5000000e-001             NaN             NaN  5.6158445e-008  5.1181572e-008  4.3020943e-008  4.0055456e-008  4.2387655e-008  2.4671086e-008  1.9005981e-008  2.6108362e-008  2.7754950e-008  2.7817034e-008  3.7905386e-008  2.6704171e-008             NaN             NaN             NaN             NaN             NaN             NaN             NaN             NaN             NaN  3.6134312e-008  4.2293760e-008  4.0988761e-008  3.9991182e-008  3.7258079e-008  3.8739192e-008  3.3143262e-008  4.0354279e-008  2.8429171e-008  3.8635511e-008  3.0752496e-008  2.8492127e-008             NaN
  1.0000000e-001             NaN  1.6715624e-008  1.5414717e-008  1.9099756e-008  1.6265891e-008  2.0882193e-008  3.1603471e-008  2.7881075e-008  3.3007451e-008  2.9922666e-008  2.7383576e-008  3.1232112e-008  2.2019519e-008             NaN             NaN             NaN             NaN             NaN             NaN             NaN             NaN             NaN  4.0005314e-008  3.0577000e-008  3.0498403e-008  2.7919702e-008  3.1146737e-008  3.3072707e-008  3.3725719e-008  3.4376034e-008  3.2085432e-008  2.4865953e-008  2.7827358e-008  2.3352338e-008  1.0822081e-008  4.3739835e-009
             NaN -8.7500000e+001 -8.2500000e+001 -7.7500000e+001 -7.2500000e+001 -6.7500000e+001 -6.2500000e+001 -5.7500000e+001 -5.2500000e+001 -4.7500000e+001 -4.2500000e+001 -3.7500000e+001 -3.2500000e+001 -2.7500000e+001 -2.2500000e+001 -1.7500000e+001 -1.2500000e+001 -7.5000000e+000 -2.5000000e+000  2.5000000e+000  7.5000000e+000  1.2500000e+001  1.7500000e+001  2.2500000e+001  2.7500000e+001  3.2500000e+001  3.7500000e+001  4.2500000e+001  4.7500000e+001  5.2500000e+001  5.7500000e+001  6.2500000e+001  6.7500000e+001  7.2500000e+001  7.7500000e+001  8.2500000e+001  8.7500000e+001
  1.0000000e+003             NaN             NaN             NaN             NaN             NaN             NaN             NaN             NaN             NaN             NaN             NaN             NaN             NaN             NaN             NaN             NaN             NaN             NaN             NaN             NaN             NaN             NaN             NaN             NaN             NaN             NaN             NaN             NaN             NaN             NaN             NaN             NaN             NaN             NaN             NaN             NaN
  8.5000000e+002             NaN             NaN             NaN             NaN             NaN             NaN             NaN             NaN             NaN             NaN             NaN             NaN             NaN             NaN             NaN             NaN             NaN             NaN             NaN             NaN             NaN             NaN             NaN             NaN             NaN             NaN             NaN             NaN             NaN             NaN             NaN             NaN             NaN             NaN             NaN             NaN
  7.0000000e+002             NaN             NaN             NaN             NaN             NaN             NaN             NaN             NaN             NaN             NaN             NaN             NaN             NaN             NaN             NaN             NaN             NaN             NaN             NaN             NaN             NaN             NaN             NaN             NaN             NaN             NaN             NaN             NaN             NaN             NaN             NaN             NaN             NaN             NaN             NaN             NaN
  5.0000000e+002             NaN             NaN             NaN             NaN             NaN             NaN             NaN             NaN             NaN             NaN             NaN             NaN             NaN             NaN             NaN             NaN             NaN             NaN             NaN             NaN             NaN             NaN             NaN             NaN             NaN             NaN             NaN             NaN             NaN             NaN             NaN             NaN             NaN             NaN             NaN             NaN
  4.0000000e+002             NaN             NaN             NaN             NaN             NaN             NaN             NaN             NaN             NaN             NaN             NaN  3.0450000e-008             NaN  3.1900000e-008             NaN             NaN             NaN             NaN             NaN             NaN             NaN             NaN             NaN             NaN             NaN             NaN             NaN             NaN             NaN             NaN             NaN             NaN             NaN             NaN             NaN             NaN
  3.0000000e+002             NaN             NaN             NaN  2.6600000e-008  2.5900000e-008  2.5000000e-008  3.2800000e-008  2.8000000e-008             NaN             NaN             NaN  3.2000000e-008  2.8800000e-008  3.4750000e-008             NaN             NaN             NaN             NaN             NaN             NaN             NaN             NaN             NaN             NaN             NaN             NaN             NaN             NaN             NaN  2.9300000e-008  3.1900000e-008  3.0150000e-008             NaN             NaN             NaN             NaN
  2.5000000e+002  2.6100000e-008  2.6300000e-008  2.7750000e-008  2.8600000e-008  2.7100000e-008  2.6350000e-008  2.5850000e-008  2.6000000e-008  2.2500000e-008  2.3950000e-008  2.8050000e-008  2.5100000e-008  2.4900000e-008  2.6900000e-008             NaN             NaN             NaN             NaN             NaN             NaN             NaN             NaN             NaN             NaN             NaN  2.6150000e-008  2.7100000e-008  2.7700000e-008  2.8400000e-008  2.8800000e-008  2.8700000e-008  2.9000000e-008  2.8200000e-008  2.7500000e-008  3.2400000e-008             NaN
  2.0000000e+002             NaN  2.4000000e-008  2.3500000e-008  2.4100000e-008  2.3300000e-008  2.3100000e-008  2.4200000e-008  2.4050000e-008  2.4100000e-008  2.5850000e-008  2.4800000e-008  2.5850000e-008  2.5800000e-008  3.0400000e-008             NaN             NaN             NaN             NaN             NaN             NaN             NaN             NaN             NaN             NaN  2.7700000e-008  2.3450000e-008  2.4900000e-008  2.3100000e-008  2.3750000e-008  2.3950000e-008  2.3300000e-008  2.3800000e-008  2.5150000e-008  2.3800000e-008  2.7500000e-008             NaN
  1.7000000e+002             NaN  2.5500000e-008  2.3600000e-008  2.2250000e-008  2.3000000e-008  2.3400000e-008  2.3450000e-008  2.3000000e-008  2.2600000e-008  2.4100000e-008  2.0500000e-008  2.2100000e-008  2.4550000e-008  2.0600000e-008             NaN             NaN             NaN             NaN             NaN             NaN             NaN             NaN             NaN             NaN  2.2000000e-008  2.2600000e-008  2.0800000e-008  2.3250000e-008  2.2250000e-008  2.2600000e-008  2.2350000e-008  2.2500000e-008  2.4100000e-008  2.3700000e-008  2.1450000e-008             NaN
  1.5000000e+002  2.2800000e-008  2.1700000e-008  2.1900000e-008  2.2200000e-008  2.2550000e-008  2.1800000e-008  2.0800000e-008  2.2200000e-008  2.1950000e-008  2.3300000e-008  2.1300000e-008  2.2550000e-008  2.1300000e-008             NaN             NaN             NaN             NaN             NaN             NaN             NaN             NaN             NaN             NaN  2.3500000e-008  2.1900000e-008  2.3800000e-008  2.1600000e-008  2.1000000e-008  2.0600000e-008  2.0900000e-008  2.0300000e-008  2.0700000e-008  1.9700000e-008  2.0400000e-008  1.9500000e-008             NaN
  1.3000000e+002  2.3000000e-008  2.0000000e-008  2.1400000e-008  1.9850000e-008  2.0100000e-008  2.1800000e-008  2.1900000e-008  2.0650000e-008  2.0900000e-008  2.1950000e-008  2.1100000e-008  1.9300000e-008  2.1600000e-008  1.9550000e-008             NaN             NaN             NaN             NaN             NaN             NaN             NaN             NaN             NaN  2.3800000e-008  2.1700000e-008  2.5050000e-008  1.9500000e-008  2.0700000e-008  2.0050000e-008  1.9900000e-008  1.8950000e-008  1.9100000e-008  1.9000000e-008  1.9850000e-008  1.8900000e-008  2.1400000e-008
  1.1500000e+002  2.1600000e-008  1.9300000e-008  1.9500000e-008  1.9000000e-008  1.9300000e-008  1.9200000e-008  1.9200000e-008  1.9150000e-008  2.0450000e-008  1.9200000e-008  2.0400000e-008  2.0200000e-008  1.8700000e-008  2.0800000e-008             NaN             NaN             NaN             NaN             NaN             NaN             NaN             NaN  2.0900000e-008  2.0400000e-008  2.0500000e-008  2.0000000e-008  2.0150000e-008  2.0500000e-008  2.0050000e-008  1.9600000e-008  1.8700000e-008  1.8600000e-008  1.8500000e-008  1.8100000e-008  1.8000000e-008  1.6550000e-008
  1.0000000e+002  1.7750000e-008  1.7800000e-008  1.7250000e-008  1.7250000e-008  1.6900000e-008  1.7200000e-008  1.7550000e-008  1.7600000e-008  1.7650000e-008  1.8750000e-008  1.7900000e-008  1.8600000e-008  2.2250000e-008             NaN             NaN             NaN             NaN             NaN             NaN             NaN             NaN             NaN  2.0000000e-008  1.9600000e-008  1.8900000e-008  1.8300000e-008  1.8200000e-008  1.7700000e-008  1.7300000e-008  1.7100000e-008  1.7000000e-008  1.7200000e-008  1.7200000e-008  1.7850000e-008  1.5800000e-008  1.9100000e-008
  9.0000000e+001  1.6700000e-008  1.7500000e-008  1.7500000e-008  1.7400000e-008  1.7400000e-008  1.7400000e-008  1.7600000e-008  1.8000000e-008  1.8500000e-008  1.8700000e-008  1.9400000e-008  2.0150000e-008             NaN             NaN             NaN             NaN             NaN             NaN             NaN             NaN             NaN             NaN  1.8100000e-008  1.8950000e-008  1.8800000e-008  1.8250000e-008  1.8000000e-008  1.8250000e-008  1.8400000e-008  1.7750000e-008  1.7000000e-008  1.6900000e-008  1.6200000e-008  1.6550000e-008  1.5800000e-008             NaN
  8.0000000e+001  1.8300000e-008  1.7000000e-008  1.7750000e-008  1.6700000e-008  1.6200000e-008  1.7850000e-008  1.6600000e-008  1.7050000e-008  1.8450000e-008  1.8100000e-008  1.7100000e-008  1.9700000e-008             NaN             NaN             NaN             NaN             NaN             NaN             NaN             NaN             NaN             NaN  1.7700000e-008  1.8750000e-008  1.8000000e-008  1.8350000e-008  1.8500000e-008  1.8000000e-008  1.7750000e-008  1.7500000e-008  1.6500000e-008  1.6150000e-008  1.6000000e-008  1.5150000e-008  1.5400000e-008  1.8000000e-008
  7.0000000e+001  1.6450000e-008  1.6700000e-008  1.6500000e-008  1.6500000e-008  1.6500000e-008  1.6900000e-008  1.6700000e-008  1.7500000e-008  1.7350000e-008  1.8150000e-008  1.8200000e-008  1.9350000e-008             NaN             NaN             NaN             NaN             NaN             NaN             NaN             NaN             NaN             NaN  1.7600000e-008  1.9700000e-008  1.8550000e-008  1.8850000e-008  1.7950000e-008  1.7200000e-008  1.7400000e-008  1.7300000e-008  1.7000000e-008  1.6300000e-008  1.5700000e-008  1.4900000e-008  1.4600000e-008  1.3800000e-008
  5.0000000e+001  1.6500000e-008  1.6500000e-008  1.6900000e-008  1.6500000e-008  1.6200000e-008  1.6700000e-008  1.7300000e-008  1.7600000e-008  1.7700000e-008  1.7850000e-008  1.8950000e-008  1.9450000e-008             NaN             NaN             NaN             NaN             NaN             NaN             NaN             NaN             NaN             NaN  1.8200000e-008  1.8900000e-008  1.8850000e-008  1.8500000e-008  1.8300000e-008  1.7600000e-008  1.7200000e-008  1.7700000e-008  1.7150000e-008  1.6400000e-008  1.5600000e-008  1.4200000e-008  1.4150000e-008  1.3600000e-008
  3.0000000e+001  1.6000000e-008  1.5850000e-008  1.6200000e-008  1.6000000e-008  1.6000000e-008  1.6200000e-008  1.6500000e-008  1.6800000e-008  1.8150000e-008  1.8600000e-008  2.1550000e-008  2.1550000e-008             NaN             NaN             NaN             NaN             NaN             NaN             NaN             NaN             NaN             NaN             NaN  1.9000000e-008  1.8600000e-008  1.7900000e-008  1.8000000e-008  1.7500000e-008  1.7000000e-008  1.7000000e-008  1.6400000e-008  1.5500000e-008  1.4800000e-008  1.3250000e-008  1.2150000e-008  1.1750000e-008
  2.0000000e+001  1.4600000e-008  1.4400000e-008  1.4400000e-008  1.4650000e-008  1.4650000e-008  1.5200000e-008  1.5400000e-008  1.5500000e-008  1.6200000e-008  1.8000000e-008  2.0100000e-008  2.1500000e-008             NaN             NaN             NaN             NaN             NaN             NaN             NaN             NaN             NaN             NaN             NaN  1.7950000e-008  1.7050000e-008  1.6500000e-008  1.6000000e-008  1.6100000e-008  1.5600000e-008  1.5500000e-008  1.4300000e-008  1.3850000e-008  1.2950000e-008  1.2500000e-008  1.2000000e-008  1.3100000e-008
  1.5000000e+001  1.3300000e-008  1.3000000e-008  1.3300000e-008  1.2600000e-008  1.3000000e-008  1.3400000e-008  1.4000000e-008  1.5300000e-008  1.6800000e-008  1.8350000e-008  2.0000000e-008             NaN             NaN             NaN             NaN             NaN             NaN             NaN             NaN             NaN             NaN             NaN             NaN  1.9200000e-008  1.6000000e-008  1.5000000e-008  1.5000000e-008  1.4650000e-008  1.4200000e-008  1.4000000e-008  1.3300000e-008  1.2400000e-008  1.1350000e-008  1.0600000e-008  9.8100000e-009  1.0380000e-008
  1.0000000e+001  8.5700000e-009  8.8200000e-009  9.2600000e-009  9.0500000e-009  9.1100000e-009  9.6900000e-009  1.0200000e-008  1.0950000e-008  1.1200000e-008  1.2750000e-008  1.5200000e-008  1.1200000e-008             NaN             NaN             NaN             NaN             NaN             NaN             NaN             NaN             NaN             NaN             NaN  1.4800000e-008  1.2500000e-008  1.1900000e-008  1.0600000e-008  1.1350000e-008  1.0350000e-008  9.8750000e-009  9.8300000e-009  9.7500000e-009  9.8700000e-009  8.9200000e-009  9.0350000e-009  8.7200000e-009
  7.0000000e+000  6.5900000e-009  6.0750000e-009  6.3300000e-009  6.2200000e-009  6.3700000e-009  6.7950000e-009  7.0300000e-009  7.7100000e-009  8.6900000e-009  9.4500000e-009  1.0800000e-008             NaN             NaN             NaN             NaN             NaN             NaN             NaN             NaN             NaN             NaN             NaN             NaN  1.0900000e-008  8.4700000e-009  8.6600000e-009  8.1900000e-009  7.8900000e-009  7.5150000e-009  7.6500000e-009  7.2100000e-009  7.6800000e-009  7.6300000e-009  7.3100000e-009  6.9300000e-009  6.1800000e-009
  5.0000000e+000  5.0000000e-009  4.1000000e-009  4.2600000e-009  4.9200000e-009  4.6100000e-009  4.9100000e-009  5.2100000e-009  6.1600000e-009  7.5100000e-009  8.6150000e-009  9.6000000e-009  9.9500000e-009             NaN             NaN             NaN             NaN             NaN             NaN             NaN             NaN             NaN             NaN             NaN  8.6700000e-009  7.9700000e-009  7.4600000e-009  7.9700000e-009  7.2600000e-009  6.8000000e-009  6.1300000e-009  6.4500000e-009  6.3600000e-009  6.0850000e-009  6.1650000e-009  5.9700000e-009  5.8300000e-009
  3.0000000e+000  2.5800000e-009  2.8000000e-009  2.7050000e-009  3.1350000e-009  3.5200000e-009  3.3600000e-009  4.3600000e-009  5.5100000e-009  7.0600000e-009  8.2950000e-009  1.0100000e-008  1.0950000e-008             NaN             NaN             NaN             NaN             NaN             NaN             NaN             NaN             NaN             NaN  1.1350000e-008  9.4300000e-009  8.0300000e-009  8.1050000e-009  7.9900000e-009  7.5150000e-009  7.2700000e-009  6.9350000e-009  6.2800000e-009  6.1350000e-009  5.6500000e-009  5.7050000e-009  5.5700000e-009  5.1400000e-009
  2.0000000e+000  1.6100000e-009  1.6900000e-009  1.6550000e-009  1.7800000e-009  2.1600000e-009  2.3500000e-009  2.6800000e-009  3.1700000e-009  5.3300000e-009  7.8200000e-009  9.5900000e-009             NaN             NaN             NaN             NaN             NaN             NaN             NaN             NaN             NaN             NaN             NaN             NaN  7.6700000e-009  8.5600000e-009  8.0600000e-009  7.3300000e-009  7.3050000e-009  6.8750000e-009  5.3500000e-009  5.6700000e-009  5.1600000e-009  4.6750000e-009  4.1250000e-009  4.0100000e-009             NaN
  1.5000000e+000  1.8850000e-009  1.7000000e-009  1.6100000e-009  1.4900000e-009  1.6400000e-009  1.8700000e-009  2.5200000e-009  2.8950000e-009  5.3500000e-009  6.8850000e-009  8.4600000e-009  9.0300000e-009             NaN             NaN             NaN             NaN             NaN             NaN             NaN             NaN             NaN             NaN             NaN  7.5500000e-009  7.5500000e-009  6.8700000e-009  6.9450000e-009  6.5500000e-009  6.1150000e-009  4.8000000e-009  4.4300000e-009  3.2550000e-009  3.4450000e-009  3.3200000e-009  2.8600000e-009  4.2800000e-009
  1.0000000e+000  1.8600000e-009  1.8100000e-009  1.6400000e-009  1.6500000e-009  1.7700000e-009  1.9700000e-009  2.1700000e-009  3.0300000e-009  5.3800000e-009  5.2950000e-009  6.3700000e-009             NaN             NaN             NaN             NaN             NaN             NaN             NaN             NaN             NaN             NaN             NaN  6.9100000e-009             NaN  5.8200000e-009  5.6150000e-009  5.3800000e-009  5.4350000e-009  5.3800000e-009  4.6000000e-009  2.6300000e-009  2.9750000e-009  2.8500000e-009  2.6000000e-009  2.2500000e-009  2.1150000e-009
  7.0000000e-001  3.0400000e-009  2.5400000e-009  2.2300000e-009  2.1000000e-009  2.1800000e-009  2.1750000e-009  2.4450000e-009  3.0400000e-009  3.9950000e-009  6.6000000e-009  5.1500000e-009  6.7400000e-009             NaN             NaN             NaN             NaN             NaN             NaN             NaN             NaN             NaN             NaN             NaN             NaN  5.1400000e-009  4.4550000e-009  4.1250000e-009  4.1300000e-009  4.1900000e-009  3.7300000e-009  3.0000000e-009  2.4100000e-009  1.9500000e-009  1.9000000e-009  1.9400000e-009  1.5600000e-009
  5.0000000e-001  3.5000000e-009  3.1350000e-009  3.0350000e-009  2.9700000e-009  2.6800000e-009  2.5500000e-009  2.6650000e-009  3.3200000e-009  3.6900000e-009  4.0150000e-009  5.3100000e-009  5.8100000e-009  4.5900000e-009             NaN             NaN             NaN             NaN             NaN             NaN             NaN             NaN  4.3350000e-009             NaN  4.1300000e-009  3.8750000e-009  3.3800000e-009  3.5350000e-009  3.4000000e-009  3.4000000e-009  3.1750000e-009  2.7800000e-009  2.6450000e-009  2.6100000e-009  2.0700000e-009  1.6300000e-009  1.8100000e-009
  3.0000000e-001  3.5200000e-009  3.0850000e-009  3.0500000e-009  2.8950000e-009  2.8150000e-009  2.9700000e-009  3.0700000e-009  3.1250000e-009  4.0300000e-009  3.6700000e-009  3.9800000e-009  4.0300000e-009  5.2300000e-009             NaN             NaN             NaN             NaN             NaN             NaN             NaN             NaN             NaN  3.8100000e-009  2.9100000e-009  3.2100000e-009  3.2000000e-009  3.0400000e-009  2.8400000e-009  2.8300000e-009  2.6700000e-009  2.5050000e-009  2.5350000e-009  2.3600000e-009  2.2700000e-009  2.2100000e-009  2.1950000e-009
  2.0000000e-001             NaN             NaN  4.0250000e-009  3.7400000e-009  3.8850000e-009  3.9950000e-009  3.9700000e-009  4.0700000e-009  3.9650000e-009  4.2000000e-009  4.1400000e-009  4.6300000e-009  3.9700000e-009  4.4000000e-009             NaN             NaN             NaN             NaN             NaN             NaN             NaN             NaN  4.1800000e-009  3.7700000e-009  3.8500000e-009  3.4500000e-009  3.6100000e-009  3.2700000e-009  3.3200000e-009  3.2000000e-009  3.1200000e-009  2.8500000e-009  2.9600000e-009  3.0300000e-009  2.7700000e-009  2.5800000e-009
  1.5000000e-001             NaN             NaN  5.5700000e-009  5.3400000e-009  5.4700000e-009  5.3050000e-009  5.1400000e-009  4.9050000e-009  5.0650000e-009  5.0600000e-009  5.1300000e-009  5.2600000e-009  5.1200000e-009  6.0900000e-009             NaN             NaN             NaN             NaN             NaN             NaN             NaN             NaN             NaN  4.3700000e-009  4.4600000e-009  4.4100000e-009  4.3800000e-009  4.3300000e-009  4.3200000e-009  4.0900000e-009  4.0600000e-009  3.9100000e-009  3.9400000e-009  3.8400000e-009  3.8300000e-009             NaN
  1.0000000e-001             NaN  5.3700000e-009  4.5100000e-009  4.9300000e-009  4.4500000e-009  4.8000000e-009  5.5750000e-009  6.0200000e-009  5.6450000e-009  5.7300000e-009  5.8700000e-009  5.9800000e-009  5.6050000e-009             NaN             NaN             NaN             NaN             NaN             NaN             NaN             NaN             NaN  4.7200000e-009  4.9250000e-009  4.8900000e-009  5.2300000e-009  4.9800000e-009  4.8500000e-009  5.1300000e-009  4.9300000e-009  5.1000000e-009  5.0550000e-009  5.2700000e-009  5.1400000e-009  5.0100000e-009  4.9850000e-009
