             NaN -8.7500000e+001 -8.2500000e+001 -7.7500000e+001 -7.2500000e+001 -6.7500000e+001 -6.2500000e+001 -5.7500000e+001 -5.2500000e+001 -4.7500000e+001 -4.2500000e+001 -3.7500000e+001 -3.2500000e+001 -2.7500000e+001 -2.2500000e+001 -1.7500000e+001 -1.2500000e+001 -7.5000000e+000 -2.5000000e+000  2.5000000e+000  7.5000000e+000  1.2500000e+001  1.7500000e+001  2.2500000e+001  2.7500000e+001  3.2500000e+001  3.7500000e+001  4.2500000e+001  4.7500000e+001  5.2500000e+001  5.7500000e+001  6.2500000e+001  6.7500000e+001  7.2500000e+001  7.7500000e+001  8.2500000e+001  8.7500000e+001
  1.0000000e+003             NaN             NaN             NaN             NaN             NaN             NaN             NaN             NaN             NaN             NaN             NaN             NaN             NaN             NaN             NaN             NaN             NaN             NaN             NaN             NaN             NaN             NaN             NaN             NaN             NaN             NaN             NaN             NaN             NaN             NaN             NaN             NaN             NaN             NaN             NaN             NaN
  8.5000000e+002             NaN             NaN             NaN             NaN             NaN             NaN             NaN             NaN             NaN             NaN             NaN             NaN             NaN             NaN             NaN             NaN             NaN             NaN             NaN             NaN             NaN             NaN             NaN             NaN             NaN             NaN             NaN             NaN             NaN             NaN             NaN             NaN             NaN             NaN             NaN             NaN
  7.0000000e+002             NaN             NaN             NaN             NaN             NaN             NaN             NaN             NaN             NaN             NaN             NaN             NaN             NaN             NaN             NaN             NaN             NaN             NaN             NaN             NaN             NaN             NaN             NaN             NaN             NaN             NaN             NaN             NaN             NaN             NaN             NaN             NaN             NaN             NaN             NaN             NaN
  5.0000000e+002             NaN             NaN             NaN             NaN             NaN             NaN             NaN             NaN             NaN             NaN             NaN             NaN             NaN             NaN             NaN             NaN             NaN             NaN             NaN             NaN             NaN             NaN             NaN             NaN             NaN             NaN             NaN             NaN             NaN             NaN             NaN             NaN             NaN             NaN             NaN             NaN
  4.0000000e+002             NaN             NaN             NaN             NaN             NaN             NaN             NaN             NaN             NaN             NaN             NaN             NaN             NaN             NaN             NaN             NaN             NaN             NaN             NaN             NaN             NaN             NaN             NaN             NaN             NaN             NaN             NaN             NaN             NaN             NaN             NaN             NaN             NaN             NaN             NaN             NaN
  3.0000000e+002             NaN             NaN             NaN             NaN             NaN  1.6643514e-006             NaN             NaN             NaN             NaN             NaN             NaN             NaN             NaN             NaN             NaN             NaN             NaN             NaN             NaN             NaN             NaN  1.7060315e-006  1.6996355e-006  1.6958377e-006  1.7239344e-006  1.7300937e-006             NaN  1.7446243e-006  1.7249560e-006  1.6606837e-006  1.6917476e-006  1.6645545e-006  1.6583620e-006  1.6733219e-006             NaN
  2.5000000e+002             NaN  1.6351035e-006  1.6336438e-006  1.6364545e-006  1.6426907e-006  1.6512741e-006  1.6523011e-006  1.6765772e-006  1.6842767e-006             NaN             NaN             NaN             NaN             NaN             NaN             NaN             NaN             NaN             NaN             NaN             NaN             NaN             NaN  1.7282615e-006  1.7313123e-006  1.7364638e-006  1.7043583e-006  1.6587791e-006  1.6602428e-006  1.6513607e-006  1.6414523e-006  1.6408111e-006  1.6431821e-006  1.6178222e-006  1.6493938e-006             NaN
  2.0000000e+002             NaN  1.6393462e-006  1.6299128e-006  1.6373488e-006  1.6412298e-006  1.6449577e-006  1.6509619e-006  1.6587969e-006  1.6621318e-006  1.6588863e-006             NaN             NaN             NaN             NaN             NaN             NaN             NaN             NaN             NaN             NaN             NaN             NaN             NaN  1.7640796e-006  1.7032751e-006  1.6887737e-006  1.6290681e-006  1.6436913e-006  1.6195888e-006  1.6070777e-006  1.6129094e-006  1.6223401e-006  1.6242795e-006  1.6206076e-006             NaN             NaN
  1.7000000e+002             NaN  1.6125840e-006  1.6057715e-006  1.6169343e-006  1.6254903e-006  1.6324487e-006  1.6499588e-006  1.6477480e-006  1.6570916e-006  1.6513228e-006  1.6882353e-006             NaN             NaN             NaN             NaN             NaN             NaN             NaN             NaN             NaN             NaN             NaN             NaN  1.6710361e-006  1.6941921e-006  1.6541889e-006  1.6290800e-006  1.6246776e-006  1.5991689e-006  1.5933317e-006  1.6001799e-006  1.6005533e-006  1.6152031e-006  1.5852124e-006             NaN             NaN
  1.5000000e+002             NaN  1.5436011e-006  1.5772657e-006  1.5885349e-006  1.5879112e-006  1.6120213e-006  1.6218687e-006  1.6315234e-006  1.6369454e-006  1.6490221e-006  1.6866386e-006             NaN             NaN             NaN             NaN             NaN             NaN             NaN             NaN             NaN             NaN             NaN             NaN  1.6700607e-006  1.6364690e-006  1.6342612e-006  1.6014185e-006  1.6013963e-006  1.5870630e-006  1.5833459e-006  1.5587864e-006  1.5607312e-006  1.5578375e-006  1.5403614e-006             NaN             NaN
  1.3000000e+002             NaN  1.4957525e-006  1.4954983e-006  1.5298092e-006  1.5324935e-006  1.5560310e-006  1.5792527e-006  1.6069881e-006  1.6168987e-006  1.6312754e-006  1.6197442e-006  1.6605579e-006             NaN             NaN             NaN             NaN             NaN             NaN             NaN             NaN             NaN  1.6775262e-006  1.6765842e-006  1.6718440e-006  1.6385396e-006  1.6162991e-006  1.6016758e-006  1.5889854e-006  1.5736160e-006  1.5620996e-006  1.5575875e-006  1.5239512e-006  1.5140688e-006  1.5002219e-006  1.5045945e-006             NaN
  1.1500000e+002             NaN  1.4640522e-006  1.4427428e-006  1.4680626e-006  1.4969592e-006  1.5215505e-006  1.5566012e-006  1.5763450e-006  1.5928331e-006  1.6217998e-006  1.6524084e-006             NaN             NaN             NaN             NaN             NaN             NaN             NaN             NaN             NaN             NaN  1.7127288e-006  1.6834647e-006  1.6685047e-006  1.6640312e-006  1.6105112e-006  1.5866392e-006  1.5806583e-006  1.5889452e-006  1.5690712e-006  1.5660898e-006  1.5495859e-006  1.5247512e-006  1.5178071e-006             NaN             NaN
  1.0000000e+002             NaN  1.3660475e-006  1.3899380e-006  1.4125251e-006  1.4463014e-006  1.5015393e-006  1.5365160e-006  1.5372199e-006  1.5795940e-006  1.5885723e-006  1.6606114e-006             NaN             NaN             NaN             NaN             NaN             NaN             NaN             NaN             NaN             NaN  1.7114982e-006  1.6611964e-006  1.6792132e-006  1.6122609e-006  1.6155128e-006  1.5609135e-006  1.5794680e-006  1.5541650e-006  1.5515957e-006  1.5023899e-006  1.5187861e-006  1.4825628e-006  1.4884283e-006             NaN             NaN
  9.0000000e+001             NaN  1.3039454e-006  1.3280708e-006  1.3609681e-006  1.3783809e-006  1.4404711e-006  1.4881754e-006  1.5014778e-006  1.5250307e-006  1.5722945e-006  1.6295932e-006             NaN             NaN             NaN             NaN             NaN             NaN             NaN             NaN             NaN             NaN             NaN  1.6486913e-006  1.6260900e-006  1.5975829e-006  1.5709150e-006  1.5290588e-006  1.5440092e-006  1.5308478e-006  1.5038295e-006  1.4881007e-006  1.4535002e-006  1.4851875e-006  1.4505232e-006             NaN             NaN
  8.0000000e+001             NaN  1.2428739e-006  1.2867100e-006  1.2675353e-006  1.3233472e-006  1.3974520e-006  1.4219555e-006  1.4315485e-006  1.4323822e-006  1.4975570e-006  1.5019802e-006             NaN             NaN             NaN             NaN             NaN             NaN             NaN             NaN             NaN             NaN             NaN             NaN  1.6472705e-006  1.5441052e-006  1.5197683e-006  1.5048514e-006  1.4808757e-006  1.4582429e-006  1.4607450e-006  1.4247932e-006  1.4437052e-006  1.4165564e-006  1.3805125e-006  1.4009126e-006             NaN
  7.0000000e+001             NaN  1.1721876e-006  1.1944200e-006  1.2171788e-006  1.2544919e-006  1.2955702e-006  1.3487528e-006  1.3889802e-006  1.3965249e-006  1.4423727e-006  1.4433004e-006  1.4393362e-006             NaN             NaN             NaN             NaN             NaN             NaN             NaN             NaN             NaN             NaN  1.6064524e-006  1.5491774e-006  1.4998356e-006  1.4563558e-006  1.4567763e-006  1.4147082e-006  1.4084230e-006  1.3935089e-006  1.3826318e-006  1.3767435e-006  1.3576649e-006  1.3710154e-006  1.3814684e-006             NaN
  5.0000000e+001             NaN  1.1357901e-006  1.1161916e-006  1.1380806e-006  1.1680202e-006  1.1959549e-006  1.2399559e-006  1.2679657e-006  1.3151205e-006  1.3269700e-006  1.3631724e-006  1.3520405e-006             NaN             NaN             NaN             NaN             NaN             NaN             NaN             NaN             NaN             NaN  1.4663156e-006  1.3866910e-006  1.4105879e-006  1.3883761e-006  1.3684230e-006  1.3136829e-006  1.2904664e-006  1.2915810e-006  1.2789988e-006  1.2740017e-006  1.2756841e-006  1.2608883e-006  1.2447148e-006  1.2659439e-006
  3.0000000e+001             NaN  9.4083680e-007  9.9996663e-007  1.0179748e-006  1.0344189e-006  1.0495742e-006  1.1038305e-006  1.1538531e-006  1.1881607e-006  1.2075218e-006  1.2628619e-006             NaN             NaN             NaN             NaN             NaN             NaN             NaN             NaN             NaN             NaN             NaN  1.3509406e-006  1.2729756e-006  1.2796796e-006  1.2454298e-006  1.2207669e-006  1.2022073e-006  1.1486781e-006  1.1581852e-006  1.1363392e-006  1.1104116e-006  1.1058184e-006  1.0801508e-006  1.0205187e-006  8.6193490e-007
  2.0000000e+001             NaN             NaN  8.5650219e-007  8.8786540e-007  9.2898798e-007  9.3687514e-007  1.0111903e-006  1.0699846e-006  1.0927545e-006  1.1487816e-006  1.1285564e-006             NaN             NaN             NaN             NaN             NaN             NaN             NaN             NaN             NaN             NaN             NaN             NaN  1.2729875e-006  1.1580288e-006  1.1280688e-006  1.1161537e-006  1.0607212e-006  1.0541296e-006  1.0270747e-006  1.0149856e-006  9.7121132e-007  9.3595527e-007  9.2068231e-007  8.7055969e-007             NaN
  1.5000000e+001             NaN             NaN  6.3319724e-007  6.9547588e-007  7.6375208e-007  8.1490748e-007  8.9757175e-007  9.7482333e-007  1.0223795e-006  1.0653077e-006             NaN             NaN             NaN             NaN             NaN             NaN             NaN             NaN             NaN             NaN             NaN             NaN             NaN             NaN  9.3686887e-007  1.0080861e-006  9.3243489e-007  8.9843025e-007  8.8411915e-007  8.7668469e-007  8.2242265e-007  8.3117109e-007  7.6377675e-007  6.9957216e-007  6.4314072e-007             NaN
  1.0000000e+001             NaN             NaN  4.2385103e-007  5.2817439e-007  5.9082965e-007  6.5243900e-007  7.5461344e-007  8.6436849e-007  9.6937030e-007  1.0248673e-006  1.0921816e-006             NaN             NaN             NaN             NaN             NaN             NaN             NaN             NaN             NaN             NaN             NaN             NaN  9.2022993e-007  8.6037376e-007  7.8141963e-007  7.4020920e-007  7.0337055e-007  6.8135477e-007  6.6344366e-007  6.4051539e-007  6.6527845e-007  6.3623922e-007  6.3089661e-007  5.5797657e-007             NaN
  7.0000000e+000             NaN             NaN  2.5820243e-007  3.1326465e-007  3.9325949e-007  4.6162204e-007  5.7680132e-007  7.3250503e-007  8.1156957e-007  9.2239859e-007             NaN             NaN             NaN             NaN             NaN             NaN             NaN             NaN             NaN             NaN             NaN             NaN             NaN  7.5378486e-007  7.5441298e-007  6.7422883e-007  6.6471930e-007  6.2617278e-007  5.7847428e-007  5.7115260e-007  5.9569518e-007  5.7944879e-007  6.4309740e-007  5.8225978e-007  5.8788576e-007             NaN
  5.0000000e+000             NaN  1.6614392e-007  1.7075719e-007  1.9649252e-007  2.5052772e-007  3.0727832e-007  4.1301930e-007  5.2553784e-007  6.7895863e-007  7.7905208e-007  8.1817849e-007             NaN             NaN             NaN             NaN             NaN             NaN             NaN             NaN             NaN             NaN             NaN  9.9778935e-007  8.8105610e-007  8.3763529e-007  6.4391540e-007  5.9093426e-007  5.5535188e-007  5.1629190e-007  5.0520493e-007  5.1232763e-007  5.0481891e-007  5.3301413e-007  4.9428470e-007  5.5688911e-007             NaN
  3.0000000e+000             NaN  1.1128094e-007  1.5047371e-007  1.3932920e-007  1.5611101e-007  2.1759996e-007  3.1621767e-007  4.1195767e-007  5.6293415e-007             NaN             NaN             NaN             NaN             NaN             NaN             NaN             NaN             NaN             NaN             NaN             NaN  8.1761470e-007  7.8170835e-007  8.1932192e-007  6.8854870e-007  5.5317649e-007  4.7499878e-007  4.1861335e-007  4.0315648e-007  3.9592781e-007  3.8033080e-007  4.0568136e-007  4.0797954e-007  4.1010267e-007  4.7889775e-007  4.8498464e-007
  2.0000000e+000             NaN  1.4948407e-007  1.7596752e-007  1.6127017e-007  1.7923306e-007  1.9265940e-007  2.5293593e-007  3.0940694e-007  3.8247860e-007             NaN             NaN             NaN             NaN             NaN             NaN             NaN             NaN             NaN             NaN             NaN             NaN             NaN             NaN  6.1544877e-007  5.6539844e-007  4.1531932e-007  3.9455480e-007  2.8723979e-007  2.7376618e-007  2.6608054e-007  2.7795091e-007  2.7858219e-007  2.6855569e-007  2.6196621e-007  3.1003668e-007             NaN
  1.5000000e+000             NaN  1.4953140e-007  1.6305668e-007  1.8174011e-007  1.9369595e-007  1.9242867e-007  2.2233643e-007  2.7985994e-007  3.2076719e-007             NaN             NaN             NaN             NaN             NaN             NaN             NaN             NaN             NaN             NaN             NaN  7.0859357e-007             NaN             NaN  5.4742324e-007  4.4355181e-007  3.3886363e-007  2.7006472e-007  2.4964843e-007  2.2907163e-007  1.9298440e-007  2.2108054e-007  2.2750192e-007  1.9829393e-007  2.2415850e-007  1.8131519e-007             NaN
  1.0000000e+000  1.7586538e-007  1.6480602e-007  1.7567984e-007  1.9554230e-007  1.9743441e-007  2.0148912e-007  2.2138724e-007  2.3157102e-007  2.7425582e-007  2.4103639e-007             NaN             NaN             NaN             NaN             NaN             NaN             NaN             NaN             NaN             NaN             NaN             NaN  3.6240846e-007  4.8563318e-007  4.2593969e-007  2.8603450e-007  2.3042720e-007  1.9798679e-007  1.7801764e-007  1.6109298e-007  1.7430267e-007  1.7304854e-007  1.6075051e-007  1.6150171e-007  1.4783036e-007  1.2593912e-007
  7.0000000e-001             NaN  2.0234238e-007  1.7530762e-007  1.8133269e-007  1.8636348e-007  1.9778668e-007  2.0276348e-007  2.2631859e-007  2.3327357e-007  2.7140768e-007  2.6001425e-007             NaN             NaN             NaN             NaN             NaN             NaN             NaN             NaN             NaN             NaN             NaN             NaN  3.4222803e-007  3.0233057e-007  2.5164974e-007  2.4861035e-007  2.0070499e-007  1.4495452e-007  1.5597307e-007  1.4995253e-007  1.5648979e-007  1.4980838e-007  1.5831042e-007  1.3848035e-007  1.4849465e-007
  5.0000000e-001             NaN  1.5105055e-007  1.6396219e-007  1.6753107e-007  1.7632665e-007  1.6935968e-007  1.8180113e-007  1.8242745e-007  1.8546826e-007  1.7958338e-007  2.1946322e-007  2.2313100e-007             NaN             NaN             NaN             NaN             NaN             NaN             NaN             NaN             NaN  2.8569618e-007  2.9713407e-007  2.2108887e-007  2.5097289e-007  2.0158520e-007  1.7690345e-007  1.6510067e-007  1.4466780e-007  1.3992406e-007  1.4521093e-007  1.2809934e-007  1.2574571e-007  1.3125962e-007  1.4894913e-007  1.0790532e-007
  3.0000000e-001             NaN  1.6823132e-007  1.4603183e-007  1.4147864e-007  1.5334520e-007  1.5640720e-007  1.4654552e-007  1.5742077e-007  1.5147426e-007  1.5719132e-007  1.7817618e-007  1.7646363e-007  1.3513832e-007             NaN             NaN             NaN             NaN             NaN             NaN             NaN             NaN  2.5058018e-007  1.6086899e-007  2.1848724e-007  1.9499301e-007  1.8061247e-007  1.7393932e-007  1.4627009e-007  1.4794545e-007  1.3765886e-007  1.2721954e-007  1.2194921e-007  1.2337223e-007  1.2882555e-007  1.2249231e-007             NaN
  2.0000000e-001             NaN             NaN             NaN  1.3715726e-007  1.4209942e-007  1.2278559e-007  1.2620837e-007  1.3299281e-007  1.2579582e-007  1.3326535e-007  1.3595157e-007  1.2896227e-007  1.0906416e-007             NaN             NaN             NaN             NaN             NaN             NaN             NaN             NaN             NaN  1.3900056e-007  1.5903255e-007  1.5671468e-007  1.5853725e-007  1.5545828e-007  1.4003252e-007  1.3587671e-007  1.3048876e-007  1.2568951e-007  1.1359504e-007  1.2185958e-007  1.1611791e-007             NaN             NaN
  1.5000000e-001             NaN             NaN             NaN  1.0503201e-007  1.1088866e-007  1.2044103e-007  1.0954272e-007  1.1001642e-007  1.0546983e-007  1.1049073e-007  1.1315257e-007  1.1991636e-007  1.2759619e-007             NaN             NaN             NaN             NaN             NaN             NaN             NaN             NaN  1.0292327e-007  9.9941111e-008  1.2671759e-007  1.2312846e-007  1.2108932e-007  1.3928978e-007  1.0826560e-007  1.2143000e-007  1.1827708e-007  1.1581227e-007  1.1992952e-007  1.1552598e-007  1.4502282e-007             NaN             NaN
  1.0000000e-001             NaN             NaN             NaN  9.8158411e-008  8.6511075e-008  8.3439613e-008  8.0177403e-008  8.6376268e-008  8.4820238e-008  8.7254798e-008  9.4235753e-008  1.0341945e-007  1.1959389e-007  1.0636427e-007             NaN             NaN             NaN             NaN             NaN             NaN  1.1118965e-007  1.1010817e-007  1.0547912e-007  1.0468135e-007  1.1726305e-007  1.0835770e-007  1.1182794e-007  1.0517743e-007  1.0301079e-007  1.0836542e-007  1.0824742e-007  1.0234008e-007  1.0014301e-007  9.1595129e-008  1.3377766e-007             NaN
             NaN -8.7500000e+001 -8.2500000e+001 -7.7500000e+001 -7.2500000e+001 -6.7500000e+001 -6.2500000e+001 -5.7500000e+001 -5.2500000e+001 -4.7500000e+001 -4.2500000e+001 -3.7500000e+001 -3.2500000e+001 -2.7500000e+001 -2.2500000e+001 -1.7500000e+001 -1.2500000e+001 -7.5000000e+000 -2.5000000e+000  2.5000000e+000  7.5000000e+000  1.2500000e+001  1.7500000e+001  2.2500000e+001  2.7500000e+001  3.2500000e+001  3.7500000e+001  4.2500000e+001  4.7500000e+001  5.2500000e+001  5.7500000e+001  6.2500000e+001  6.7500000e+001  7.2500000e+001  7.7500000e+001  8.2500000e+001  8.7500000e+001
  1.0000000e+003             NaN             NaN             NaN             NaN             NaN             NaN             NaN             NaN             NaN             NaN             NaN             NaN             NaN             NaN             NaN             NaN             NaN             NaN             NaN             NaN             NaN             NaN             NaN             NaN             NaN             NaN             NaN             NaN             NaN             NaN             NaN             NaN             NaN             NaN             NaN             NaN
  8.5000000e+002             NaN             NaN             NaN             NaN             NaN             NaN             NaN             NaN             NaN             NaN             NaN             NaN             NaN             NaN             NaN             NaN             NaN             NaN             NaN             NaN             NaN             NaN             NaN             NaN             NaN             NaN             NaN             NaN             NaN             NaN             NaN             NaN             NaN             NaN             NaN             NaN
  7.0000000e+002             NaN             NaN             NaN             NaN             NaN             NaN             NaN             NaN             NaN             NaN             NaN             NaN             NaN             NaN             NaN             NaN             NaN             NaN             NaN             NaN             NaN             NaN             NaN             NaN             NaN             NaN             NaN             NaN             NaN             NaN             NaN             NaN             NaN             NaN             NaN             NaN
  5.0000000e+002             NaN             NaN             NaN             NaN             NaN             NaN             NaN             NaN             NaN             NaN             NaN             NaN             NaN             NaN             NaN             NaN             NaN             NaN             NaN             NaN             NaN             NaN             NaN             NaN             NaN             NaN             NaN             NaN             NaN             NaN             NaN             NaN             NaN             NaN             NaN             NaN
  4.0000000e+002             NaN             NaN             NaN             NaN             NaN             NaN             NaN             NaN             NaN             NaN             NaN             NaN             NaN             NaN             NaN             NaN             NaN             NaN             NaN             NaN             NaN             NaN             NaN             NaN             NaN             NaN             NaN             NaN             NaN             NaN             NaN             NaN             NaN             NaN             NaN             NaN
  3.0000000e+002             NaN             NaN             NaN             NaN             NaN  2.3008924e-008             NaN             NaN             NaN             NaN             NaN             NaN             NaN             NaN             NaN             NaN             NaN             NaN             NaN             NaN             NaN             NaN  5.7450351e-008  5.3031731e-008  1.8843323e-008  7.9503515e-009  3.6522183e-008             NaN  2.7622865e-008  2.7412493e-008  3.4679706e-008  3.2751927e-008  3.2844928e-008  1.5286247e-008  7.3472635e-009             NaN
  2.5000000e+002             NaN  2.7232327e-008  2.3392422e-008  2.7251736e-008  2.9256635e-008  2.9342060e-008  3.3483885e-008  2.4354888e-008  1.8181637e-008             NaN             NaN             NaN             NaN             NaN             NaN             NaN             NaN             NaN             NaN             NaN             NaN             NaN             NaN  1.6031472e-008  3.3548700e-008  3.2347667e-008  5.0607650e-008  6.4396715e-008  4.6878070e-008  3.4827615e-008  4.6330036e-008  3.3787097e-008  3.2371127e-008  2.5634982e-008  2.7793875e-008             NaN
  2.0000000e+002             NaN  2.4144428e-008  2.7305567e-008  3.3573566e-008  3.4338159e-008  2.6930734e-008  2.9928214e-008  2.5127759e-008  4.1142476e-008  3.2505755e-008             NaN             NaN             NaN             NaN             NaN             NaN             NaN             NaN             NaN             NaN             NaN             NaN             NaN  3.6464015e-008  5.2205157e-008  4.4619699e-008  4.1429565e-008  3.7435969e-008  4.6271284e-008  3.7617531e-008  3.8953678e-008  4.1353495e-008  2.5848934e-008  3.1769255e-008             NaN             NaN
  1.7000000e+002             NaN  3.9811001e-008  3.3730546e-008  3.7341179e-008  2.9271358e-008  2.6492129e-008  3.2545411e-008  3.2622291e-008  3.2492422e-008  2.7243179e-008  2.7911449e-008             NaN             NaN             NaN             NaN             NaN             NaN             NaN             NaN             NaN             NaN             NaN             NaN  3.4772087e-008  5.9939044e-008  4.2642291e-008  4.7412734e-008  4.4802733e-008  3.3558333e-008  3.4293562e-008  4.7975154e-008  3.7820430e-008  4.1994829e-008  5.3742429e-008             NaN             NaN
  1.5000000e+002             NaN  3.5447348e-008  4.0580292e-008  4.8698889e-008  4.1949940e-008  3.5590976e-008  3.2659408e-008  3.3510403e-008  3.0858786e-008  3.7602301e-008  2.6212727e-008             NaN             NaN             NaN             NaN             NaN             NaN             NaN             NaN             NaN             NaN             NaN             NaN  2.6324875e-008  5.5199202e-008  3.2502211e-008  3.8752959e-008  3.5065065e-008  4.1762016e-008  4.0339800e-008  3.2041953e-008  3.3369209e-008  3.8465936e-008  4.7876398e-008             NaN             NaN
  1.3000000e+002             NaN  5.5158706e-008  5.1220532e-008  4.0684027e-008  4.2454873e-008  3.3089283e-008  3.8457730e-008  3.7149781e-008  2.7167165e-008  3.5462611e-008  3.5250478e-008  3.0108764e-008             NaN             NaN             NaN             NaN             NaN             NaN             NaN             NaN             NaN  3.7324962e-008  4.3927308e-008  3.3169938e-008  3.9179635e-008  4.7693623e-008  4.4177331e-008  4.9869227e-008  3.9242785e-008  3.4808736e-008  3.5899665e-008  4.0272869e-008  3.1245686e-008  2.3447651e-008  6.6134591e-008             NaN
  1.1500000e+002             NaN  4.3335774e-008  8.5787265e-008  5.6734178e-008  5.1980818e-008  4.6194476e-008  4.3810894e-008  4.0761925e-008  4.6695287e-008  2.1675398e-008  2.7910193e-008             NaN             NaN             NaN             NaN             NaN             NaN             NaN             NaN             NaN             NaN  8.8967605e-009  4.3824665e-008  6.1630384e-008  5.7506028e-008  6.1528870e-008  3.5857361e-008  4.5181450e-008  3.7435815e-008  3.4455532e-008  4.0164305e-008  4.8809346e-008  3.9475805e-008  6.1931850e-008             NaN             NaN
  1.0000000e+002             NaN  5.8018844e-008  6.6615586e-008  3.9038560e-008  4.9904706e-008  4.7472564e-008  5.0127200e-008  4.0261996e-008  3.8946189e-008  5.5000123e-008  2.5250612e-008             NaN             NaN             NaN             NaN             NaN             NaN             NaN             NaN             NaN             NaN  3.7373619e-008  4.0085589e-008  3.7762543e-008  5.5032190e-008  5.3134842e-008  4.6651104e-008  5.2466689e-008  6.2600485e-008  3.8132594e-008  6.4880085e-008  4.7707656e-008  4.1946962e-008  4.3283078e-008             NaN             NaN
  9.0000000e+001             NaN  3.9150280e-008  5.3805677e-008  4.5988679e-008  6.5127197e-008  6.2504283e-008  4.2288646e-008  4.9085035e-008  5.1178847e-008  5.3750596e-008  2.4116889e-008             NaN             NaN             NaN             NaN             NaN             NaN             NaN             NaN             NaN             NaN             NaN  5.4139660e-008  3.5275793e-008  4.9605088e-008  5.3352895e-008  6.3678811e-008  5.4021636e-008  3.6418807e-008  3.4858463e-008  5.5597389e-008  3.5121578e-008  3.4681134e-008  4.3096684e-008             NaN             NaN
  8.0000000e+001             NaN  2.5043744e-008  6.3995700e-008  7.5571978e-008  7.0438829e-008  4.6539314e-008  5.7209024e-008  5.5307727e-008  6.8981334e-008  5.1177887e-008  3.0366461e-008             NaN             NaN             NaN             NaN             NaN             NaN             NaN             NaN             NaN             NaN             NaN             NaN  4.6271763e-008  7.7598969e-008  9.0417922e-008  6.9656110e-008  4.4712147e-008  5.4124741e-008  4.0779758e-008  4.7429069e-008  4.2795596e-008  3.6581522e-008  4.6644660e-008  6.8734465e-008             NaN
  7.0000000e+001             NaN  4.0103501e-008  4.1045714e-008  5.2349007e-008  5.4094263e-008  5.1228397e-008  5.7730702e-008  5.5082084e-008  4.9725108e-008  2.5709380e-008  6.5729266e-008  6.1618887e-008             NaN             NaN             NaN             NaN             NaN             NaN             NaN             NaN             NaN             NaN  6.6427293e-008  5.3847781e-008  8.5660272e-008  9.2140543e-008  7.6290894e-008  7.0824217e-008  5.1821760e-008  5.1788979e-008  4.0323531e-008  6.2948447e-008  3.0023772e-008  5.6894763e-008  6.1906674e-008             NaN
  5.0000000e+001             NaN  4.3598703e-008  2.4010780e-008  3.6251181e-008  4.5668904e-008  4.7359656e-008  5.1776999e-008  4.8596894e-008  5.1864119e-008  7.1970400e-008  4.6123692e-008  2.5854059e-008             NaN             NaN             NaN             NaN             NaN             NaN             NaN             NaN             NaN             NaN  5.0208237e-008  7.7628477e-008  5.6583803e-008  6.7722015e-008  7.2889366e-008  7.4961451e-008  6.8929092e-008  6.9846152e-008  6.5231987e-008  5.7809735e-008  6.9774294e-008  7.0745634e-008  4.3938673e-008  4.0898046e-008
  3.0000000e+001             NaN  7.5897052e-008  5.2153324e-008  5.3889999e-008  5.9840875e-008  6.6576945e-008  5.6799983e-008  6.3135947e-008  5.1753435e-008  5.7733884e-008  7.8416268e-008             NaN             NaN             NaN             NaN             NaN             NaN             NaN             NaN             NaN             NaN             NaN  5.7290689e-008  6.7886853e-008  6.8223932e-008  7.1171665e-008  7.7034205e-008  8.2261009e-008  6.3698210e-008  7.1446422e-008  7.2102309e-008  7.0561339e-008  9.2891890e-008  8.9706445e-008  1.5715352e-007  2.4648534e-007
  2.0000000e+001             NaN             NaN  7.6998816e-008  6.6478550e-008  7.2043066e-008  7.8813181e-008  7.7189893e-008  6.5920991e-008  8.5129854e-008  5.2131954e-008  7.5985035e-008             NaN             NaN             NaN             NaN             NaN             NaN             NaN             NaN             NaN             NaN             NaN             NaN  4.4849093e-008  7.2612727e-008  6.6296930e-008  5.6271775e-008  6.0548705e-008  7.0694606e-008  6.0854625e-008  7.2387328e-008  6.9846869e-008  7.4883909e-008  8.6938134e-008  9.0761842e-008             NaN
  1.5000000e+001             NaN             NaN  6.2700364e-008  6.7941279e-008  6.0427803e-008  7.1256969e-008  8.3682575e-008  9.9776655e-008  5.3546614e-008  3.0749341e-008             NaN             NaN             NaN             NaN             NaN             NaN             NaN             NaN             NaN             NaN             NaN             NaN             NaN             NaN  9.0597156e-008  8.2598266e-008  9.2003939e-008  9.6073046e-008  7.2604209e-008  8.0298070e-008  8.5008484e-008  9.9606139e-008  9.5391554e-008  7.4152240e-008  9.4885199e-008             NaN
  1.0000000e+001             NaN             NaN  8.9379899e-008  8.8379322e-008  7.4806694e-008  6.8406680e-008  8.0535460e-008  9.4395834e-008  6.0129395e-008  6.5117602e-008  5.2764857e-008             NaN             NaN             NaN             NaN             NaN             NaN             NaN             NaN             NaN             NaN             NaN             NaN  1.9667942e-007  1.3507865e-007  9.9355425e-008  7.6615205e-008  5.0887930e-008  6.4702010e-008  6.8295581e-008  5.6510079e-008  8.9975405e-008  7.5014953e-008  9.9410183e-008  5.4153685e-008             NaN
  7.0000000e+000             NaN             NaN  3.8321527e-008  6.3352009e-008  7.4829941e-008  7.6416426e-008  7.6445241e-008  9.7910092e-008  6.8796439e-008  6.5447936e-008             NaN             NaN             NaN             NaN             NaN             NaN             NaN             NaN             NaN             NaN             NaN             NaN             NaN  5.5905211e-008  7.9339392e-008  6.3652227e-008  6.0557902e-008  5.8161218e-008  3.9861786e-008  5.0663997e-008  8.3850672e-008  7.2091876e-008  1.1911527e-007  1.1218007e-007  1.0321652e-007             NaN
  5.0000000e+000             NaN  3.5867803e-008  4.3753971e-008  5.4148024e-008  4.7517924e-008  5.8502625e-008  8.8710071e-008  7.5904536e-008  8.4266643e-008  6.5053639e-008  6.9181183e-008             NaN             NaN             NaN             NaN             NaN             NaN             NaN             NaN             NaN             NaN             NaN  6.7499655e-008  8.6521786e-008  7.4287997e-008  6.3501365e-008  5.0777247e-008  5.0824167e-008  4.6842602e-008  3.8433207e-008  4.6304253e-008  5.5610137e-008  5.7413634e-008  5.7567940e-008  1.0266201e-007             NaN
  3.0000000e+000             NaN  1.6902982e-008  3.8040466e-008  3.6847465e-008  4.4141654e-008  4.6033392e-008  4.6834594e-008  6.3646338e-008  1.0322569e-007             NaN             NaN             NaN             NaN             NaN             NaN             NaN             NaN             NaN             NaN             NaN             NaN  1.0400491e-007  3.9556758e-008  4.5120669e-008  1.3200335e-007  7.3236326e-008  7.7206781e-008  6.1580769e-008  5.8424010e-008  4.9680516e-008  5.0224277e-008  6.0356446e-008  6.8792038e-008  1.0398070e-007  4.2218642e-008  1.8835674e-008
  2.0000000e+000             NaN  4.6671290e-008  3.8375490e-008  4.7758912e-008  4.6313380e-008  4.2053177e-008  5.2419703e-008  7.1581991e-008  1.2767304e-007             NaN             NaN             NaN             NaN             NaN             NaN             NaN             NaN             NaN             NaN             NaN             NaN             NaN             NaN  1.3642703e-007  1.3703666e-007  1.0241911e-007  5.2755662e-008  6.5399820e-008  4.6792185e-008  4.6790068e-008  3.8368840e-008  6.8814508e-008  8.1831682e-008  7.7309406e-008  8.5765898e-008             NaN
  1.5000000e+000             NaN  3.0106712e-008  3.8637407e-008  3.6062788e-008  4.3339017e-008  4.8111628e-008  5.3115498e-008  6.5723617e-008  7.3908412e-008             NaN             NaN             NaN             NaN             NaN             NaN             NaN             NaN             NaN             NaN             NaN  4.5107428e-008             NaN             NaN  4.9341233e-008  1.1788448e-007  7.8654976e-008  7.4707372e-008  5.0006625e-008  4.6316179e-008  4.7564756e-008  4.5859522e-008  4.6471910e-008  6.7498921e-008  7.1207037e-008  8.0988641e-008             NaN
  1.0000000e+000  4.0691146e-009  1.3449885e-008  2.6851662e-008  3.6180235e-008  3.4232932e-008  4.7777089e-008  5.0570679e-008  6.0844220e-008  7.0600907e-008  4.2537356e-008             NaN             NaN             NaN             NaN             NaN             NaN             NaN             NaN             NaN             NaN             NaN             NaN  1.2116461e-007  5.7347484e-008  6.7504833e-008  7.8788400e-008  5.3622532e-008  6.1390557e-008  5.4646926e-008  4.2894468e-008  4.2826483e-008  4.7972561e-008  5.2186277e-008  5.9216861e-008  5.7948295e-008  5.5623871e-008
  7.0000000e-001             NaN  3.2270833e-008  2.5836851e-008  3.1786649e-008  3.3355524e-008  3.8742871e-008  4.5549069e-008  3.8051201e-008  4.7698139e-008  2.8211729e-008  4.7780702e-008             NaN             NaN             NaN             NaN             NaN             NaN             NaN             NaN             NaN             NaN             NaN             NaN  2.2821340e-008  6.4133784e-008  6.4351583e-008  8.0472430e-008  4.2951564e-008  4.2829249e-008  3.5593791e-008  3.4783472e-008  2.6663629e-008  2.5528574e-008  2.4926672e-008  5.2229901e-008  3.4250304e-008
  5.0000000e-001             NaN  3.5382834e-008  3.7484550e-008  3.8577684e-008  3.7392743e-008  3.6334173e-008  4.0638065e-008  4.0535675e-008  5.8838178e-008  4.9043406e-008  2.2200643e-008  2.2430166e-008             NaN             NaN             NaN             NaN             NaN             NaN             NaN             NaN             NaN  2.4167674e-008  2.6267353e-008  9.1072870e-008  7.3009722e-008  7.1887172e-008  5.2450332e-008  4.2199868e-008  3.3347534e-008  2.7848628e-008  3.0704795e-008  2.5571447e-008  3.3032828e-008  3.0574371e-008  2.1722268e-008  2.7361435e-008
  3.0000000e-001             NaN  9.5369816e-009  3.7396569e-008  2.9871481e-008  3.1252001e-008  3.4991831e-008  3.0766478e-008  3.6934217e-008  3.8068163e-008  4.2317103e-008  3.0510335e-008  3.4077309e-008  3.0209312e-008             NaN             NaN             NaN             NaN             NaN             NaN             NaN             NaN  1.0490299e-008  7.5579991e-008  5.9109494e-008  4.6783213e-008  5.5341999e-008  5.2833635e-008  3.5081081e-008  3.1890923e-008  2.6550174e-008  3.3149752e-008  3.5482616e-008  3.0846127e-008  1.6413716e-008  7.1773500e-009             NaN
  2.0000000e-001             NaN             NaN             NaN  2.6707094e-008  3.7698530e-008  2.4497245e-008  2.8406560e-008  2.6660083e-008  2.8544518e-008  3.1640970e-008  2.9657702e-008  3.2509963e-008  2.9556820e-008             NaN             NaN             NaN             NaN             NaN             NaN             NaN             NaN             NaN  5.0387031e-008  5.6877123e-008  5.2880120e-008  4.0037199e-008  2.9342760e-008  2.7671538e-008  3.4211207e-008  3.1234909e-008  3.1670927e-008  3.3982472e-008  3.8511159e-008  2.6277518e-008             NaN             NaN
  1.5000000e-001             NaN             NaN             NaN  3.7350543e-008  4.3460231e-008  1.6843384e-008  2.6128468e-008  2.6456798e-008  2.7215043e-008  2.1937397e-008  2.9037969e-008  3.8225815e-008  4.0666923e-008             NaN             NaN             NaN             NaN             NaN             NaN             NaN             NaN  2.0330541e-008  2.8349576e-008  2.2573769e-008  3.3748396e-008  3.0680293e-008  3.4530383e-008  2.4946072e-008  3.3192644e-008  2.3542764e-008  2.1698977e-008  3.6974719e-008  2.3343881e-008  4.1294085e-008             NaN             NaN
  1.0000000e-001             NaN             NaN             NaN  2.8822019e-008  1.4161853e-008  2.5955716e-008  1.6835643e-008  2.0544971e-008  1.7041398e-008  2.1212509e-008  2.3308572e-008  2.7716254e-008  4.1873366e-008  2.0790087e-008             NaN             NaN             NaN             NaN             NaN             NaN  1.6606925e-008  2.7141888e-008  2.4881530e-008  3.3198034e-008  3.6721477e-008  3.0079749e-008  2.4365110e-008  2.4652272e-008  2.4560853e-008  2.8346032e-008  2.7884102e-008  2.7211369e-008  2.8268571e-008  2.6421853e-008  3.2868628e-008             NaN
             NaN -8.7500000e+001 -8.2500000e+001 -7.7500000e+001 -7.2500000e+001 -6.7500000e+001 -6.2500000e+001 -5.7500000e+001 -5.2500000e+001 -4.7500000e+001 -4.2500000e+001 -3.7500000e+001 -3.2500000e+001 -2.7500000e+001 -2.2500000e+001 -1.7500000e+001 -1.2500000e+001 -7.5000000e+000 -2.5000000e+000  2.5000000e+000  7.5000000e+000  1.2500000e+001  1.7500000e+001  2.2500000e+001  2.7500000e+001  3.2500000e+001  3.7500000e+001  4.2500000e+001  4.7500000e+001  5.2500000e+001  5.7500000e+001  6.2500000e+001  6.7500000e+001  7.2500000e+001  7.7500000e+001  8.2500000e+001  8.7500000e+001
  1.0000000e+003             NaN             NaN             NaN             NaN             NaN             NaN             NaN             NaN             NaN             NaN             NaN             NaN             NaN             NaN             NaN             NaN             NaN             NaN             NaN             NaN             NaN             NaN             NaN             NaN             NaN             NaN             NaN             NaN             NaN             NaN             NaN             NaN             NaN             NaN             NaN             NaN
  8.5000000e+002             NaN             NaN             NaN             NaN             NaN             NaN             NaN             NaN             NaN             NaN             NaN             NaN             NaN             NaN             NaN             NaN             NaN             NaN             NaN             NaN             NaN             NaN             NaN             NaN             NaN             NaN             NaN             NaN             NaN             NaN             NaN             NaN             NaN             NaN             NaN             NaN
  7.0000000e+002             NaN             NaN             NaN             NaN             NaN             NaN             NaN             NaN             NaN             NaN             NaN             NaN             NaN             NaN             NaN             NaN             NaN             NaN             NaN             NaN             NaN             NaN             NaN             NaN             NaN             NaN             NaN             NaN             NaN             NaN             NaN             NaN             NaN             NaN             NaN             NaN
  5.0000000e+002             NaN             NaN             NaN             NaN             NaN             NaN             NaN             NaN             NaN             NaN             NaN             NaN             NaN             NaN             NaN             NaN             NaN             NaN             NaN             NaN             NaN             NaN             NaN             NaN             NaN             NaN             NaN             NaN             NaN             NaN             NaN             NaN             NaN             NaN             NaN             NaN
  4.0000000e+002             NaN             NaN             NaN             NaN             NaN             NaN             NaN             NaN             NaN             NaN             NaN             NaN             NaN             NaN             NaN             NaN             NaN             NaN             NaN             NaN             NaN             NaN             NaN             NaN             NaN             NaN             NaN             NaN             NaN             NaN             NaN             NaN             NaN             NaN             NaN             NaN
  3.0000000e+002             NaN             NaN             NaN             NaN             NaN  2.7100000e-008             NaN             NaN             NaN             NaN             NaN             NaN             NaN             NaN             NaN             NaN             NaN             NaN             NaN             NaN             NaN             NaN  3.5200000e-008  3.6200000e-008  3.3600000e-008  3.7850000e-008  3.3900000e-008             NaN  4.3100000e-008  3.5100000e-008  3.2900000e-008  2.9700000e-008  3.3350000e-008  2.8050000e-008  3.2600000e-008             NaN
  2.5000000e+002             NaN  2.7700000e-008  2.9650000e-008  2.9100000e-008  2.8550000e-008  2.8650000e-008  2.9050000e-008  2.7200000e-008  2.9050000e-008             NaN             NaN             NaN             NaN             NaN             NaN             NaN             NaN             NaN             NaN             NaN             NaN             NaN             NaN  2.9200000e-008  2.9800000e-008  3.3800000e-008  2.6400000e-008  2.4950000e-008  2.5100000e-008  2.7050000e-008  2.7800000e-008  3.0000000e-008  3.0250000e-008  3.5800000e-008  3.2800000e-008             NaN
  2.0000000e+002             NaN  2.3900000e-008  2.3250000e-008  2.3100000e-008  2.3650000e-008  2.4100000e-008  2.4500000e-008  2.4100000e-008  2.4950000e-008  2.5100000e-008             NaN             NaN             NaN             NaN             NaN             NaN             NaN             NaN             NaN             NaN             NaN             NaN             NaN  2.7100000e-008  3.0500000e-008  2.7000000e-008  2.4600000e-008  2.5250000e-008  2.4800000e-008  2.3800000e-008  2.4100000e-008  2.4300000e-008  2.7800000e-008  2.1450000e-008             NaN             NaN
  1.7000000e+002             NaN  2.5400000e-008  2.4650000e-008  2.4300000e-008  2.3750000e-008  2.3500000e-008  2.3950000e-008  2.4100000e-008  2.2000000e-008  2.3300000e-008  2.6500000e-008             NaN             NaN             NaN             NaN             NaN             NaN             NaN             NaN             NaN             NaN             NaN             NaN  2.3650000e-008  2.5400000e-008  2.2600000e-008  2.2400000e-008  2.1600000e-008  2.1500000e-008  2.1600000e-008  2.1900000e-008  2.1900000e-008  2.1450000e-008  2.1100000e-008             NaN             NaN
  1.5000000e+002             NaN  2.2700000e-008  2.1800000e-008  2.1500000e-008  2.0700000e-008  2.1700000e-008  2.1500000e-008  2.2250000e-008  2.1850000e-008  2.1750000e-008  2.7300000e-008             NaN             NaN             NaN             NaN             NaN             NaN             NaN             NaN             NaN             NaN             NaN             NaN  2.3500000e-008  2.4200000e-008  2.0100000e-008  2.1050000e-008  2.1900000e-008  2.0750000e-008  2.0300000e-008  2.0700000e-008  2.0150000e-008  2.0450000e-008  2.0750000e-008             NaN             NaN
  1.3000000e+002             NaN  2.1900000e-008  2.0550000e-008  1.9500000e-008  2.0250000e-008  2.0000000e-008  1.9500000e-008  2.1400000e-008  2.1200000e-008  2.2850000e-008  3.1900000e-008  2.6350000e-008             NaN             NaN             NaN             NaN             NaN             NaN             NaN             NaN             NaN  2.5200000e-008  2.3800000e-008  2.3050000e-008  2.1200000e-008  2.0900000e-008  2.1700000e-008  1.9800000e-008  1.9900000e-008  1.9300000e-008  2.0250000e-008  1.9800000e-008  2.0000000e-008  2.0500000e-008  1.9100000e-008             NaN
  1.1500000e+002             NaN  1.8900000e-008  1.9300000e-008  1.9300000e-008  1.9700000e-008  1.9300000e-008  1.9850000e-008  2.0100000e-008  2.1750000e-008  2.2400000e-008  2.1950000e-008             NaN             NaN             NaN             NaN             NaN             NaN             NaN             NaN             NaN             NaN  3.8800000e-008  2.2600000e-008  2.1100000e-008  1.9600000e-008  1.8850000e-008  1.8700000e-008  1.8550000e-008  1.7900000e-008  1.9100000e-008  1.8500000e-008  1.8600000e-008  1.8200000e-008  1.8800000e-008             NaN             NaN
  1.0000000e+002             NaN  1.8200000e-008  1.8300000e-008  1.9000000e-008  1.7800000e-008  1.7800000e-008  1.8200000e-008  1.8800000e-008  1.8200000e-008  1.9100000e-008  2.1200000e-008             NaN             NaN             NaN             NaN             NaN             NaN             NaN             NaN             NaN             NaN  2.2150000e-008  1.9600000e-008  1.9050000e-008  1.8400000e-008  1.9100000e-008  1.8000000e-008  1.8200000e-008  1.7900000e-008  1.7800000e-008  1.7600000e-008  1.7600000e-008  1.8100000e-008  1.6800000e-008             NaN             NaN
  9.0000000e+001             NaN  1.6900000e-008  1.6700000e-008  1.7400000e-008  1.6850000e-008  1.7400000e-008  1.7200000e-008  1.8400000e-008  2.0700000e-008  1.9200000e-008  2.1500000e-008             NaN             NaN             NaN             NaN             NaN             NaN             NaN             NaN             NaN             NaN             NaN  1.8900000e-008  1.8150000e-008  1.9000000e-008  1.7950000e-008  1.9200000e-008  1.7800000e-008  1.8700000e-008  1.7300000e-008  1.7900000e-008  1.7600000e-008  1.8650000e-008  1.7500000e-008             NaN             NaN
  8.0000000e+001             NaN  1.6100000e-008  1.8050000e-008  1.7000000e-008  1.7400000e-008  1.7450000e-008  1.7300000e-008  1.7300000e-008  1.7500000e-008  2.0250000e-008  1.6700000e-008             NaN             NaN             NaN             NaN             NaN             NaN             NaN             NaN             NaN             NaN             NaN             NaN  1.9100000e-008  1.9100000e-008  1.7550000e-008  1.7150000e-008  1.6750000e-008  1.7150000e-008  1.7000000e-008  1.6600000e-008  1.6700000e-008  1.6400000e-008  1.5500000e-008  1.5800000e-008             NaN
  7.0000000e+001             NaN  1.7800000e-008  1.7300000e-008  1.6600000e-008  1.6700000e-008  1.6600000e-008  1.7100000e-008  1.7650000e-008  1.8100000e-008  1.8350000e-008  2.1200000e-008  2.0000000e-008             NaN             NaN             NaN             NaN             NaN             NaN             NaN             NaN             NaN             NaN  2.0350000e-008  1.9600000e-008  1.8300000e-008  1.7800000e-008  1.7250000e-008  1.7700000e-008  1.7200000e-008  1.7100000e-008  1.6300000e-008  1.7650000e-008  1.6800000e-008  1.6300000e-008  1.6950000e-008             NaN
  5.0000000e+001             NaN  1.7850000e-008  1.5900000e-008  1.6400000e-008  1.6600000e-008  1.6200000e-008  1.6700000e-008  1.7300000e-008  1.8050000e-008  1.8600000e-008  1.9950000e-008  1.9850000e-008             NaN             NaN             NaN             NaN             NaN             NaN             NaN             NaN             NaN             NaN  2.1800000e-008  1.8250000e-008  1.8900000e-008  1.8000000e-008  1.7700000e-008  1.6700000e-008  1.7100000e-008  1.6800000e-008  1.6350000e-008  1.5900000e-008  1.6200000e-008  1.6100000e-008  1.4900000e-008  1.6650000e-008
  3.0000000e+001             NaN  1.4650000e-008  1.4500000e-008  1.5000000e-008  1.5300000e-008  1.5400000e-008  1.6600000e-008  1.7500000e-008  1.7100000e-008  1.8900000e-008  2.0700000e-008             NaN             NaN             NaN             NaN             NaN             NaN             NaN             NaN             NaN             NaN             NaN  2.2050000e-008  1.9800000e-008  1.9800000e-008  1.7800000e-008  1.7200000e-008  1.7050000e-008  1.6750000e-008  1.6700000e-008  1.6200000e-008  1.5900000e-008  1.5750000e-008  1.5450000e-008  1.5600000e-008  1.3500000e-008
  2.0000000e+001             NaN             NaN  1.4100000e-008  1.4450000e-008  1.4700000e-008  1.5000000e-008  1.5600000e-008  1.6900000e-008  1.7100000e-008  1.8400000e-008  2.0000000e-008             NaN             NaN             NaN             NaN             NaN             NaN             NaN             NaN             NaN             NaN             NaN             NaN  2.2400000e-008  1.8700000e-008  1.7100000e-008  1.6700000e-008  1.5000000e-008  1.5300000e-008  1.5200000e-008  1.4500000e-008  1.4250000e-008  1.3650000e-008  1.3500000e-008  1.2950000e-008             NaN
  1.5000000e+001             NaN             NaN  1.0750000e-008  1.0850000e-008  1.2100000e-008  1.2700000e-008  1.4100000e-008  1.5950000e-008  1.7200000e-008  1.8600000e-008             NaN             NaN             NaN             NaN             NaN             NaN             NaN             NaN             NaN             NaN             NaN             NaN             NaN             NaN  1.6900000e-008  1.6600000e-008  1.4700000e-008  1.3800000e-008  1.3650000e-008  1.3800000e-008  1.3200000e-008  1.3450000e-008  1.2250000e-008  1.1700000e-008  1.1150000e-008             NaN
  1.0000000e+001             NaN             NaN  7.7800000e-009  9.1800000e-009  9.6900000e-009  1.0600000e-008  1.1700000e-008  1.3900000e-008  1.3150000e-008  1.2600000e-008  1.3400000e-008             NaN             NaN             NaN             NaN             NaN             NaN             NaN             NaN             NaN             NaN             NaN             NaN  1.2600000e-008  1.2750000e-008  1.1350000e-008  1.0800000e-008  9.4800000e-009  9.2100000e-009  8.9100000e-009  8.6300000e-009  9.0200000e-009  8.4100000e-009  8.5100000e-009  7.7000000e-009             NaN
  7.0000000e+000             NaN             NaN  4.7400000e-009  5.3100000e-009  5.9400000e-009  7.0500000e-009  7.7500000e-009  9.3250000e-009  1.0700000e-008  9.5900000e-009             NaN             NaN             NaN             NaN             NaN             NaN             NaN             NaN             NaN             NaN             NaN             NaN             NaN  1.0400000e-008  9.4850000e-009  8.3100000e-009  8.0600000e-009  7.3200000e-009  6.6800000e-009  6.7650000e-009  6.9600000e-009  6.7400000e-009  7.0800000e-009  7.0850000e-009  7.0000000e-009             NaN
  5.0000000e+000             NaN  3.4800000e-009  3.6800000e-009  3.8600000e-009  4.3600000e-009  4.9100000e-009  5.9400000e-009  6.7250000e-009  7.7800000e-009  8.0700000e-009  7.0000000e-009             NaN             NaN             NaN             NaN             NaN             NaN             NaN             NaN             NaN             NaN             NaN  1.0600000e-008  9.6000000e-009  8.8000000e-009  7.8700000e-009  6.5300000e-009  6.2300000e-009  5.8300000e-009  5.5350000e-009  5.7900000e-009  5.5400000e-009  5.9800000e-009  5.5600000e-009  5.8000000e-009             NaN
  3.0000000e+000             NaN  2.4300000e-009  3.2750000e-009  3.0200000e-009  3.2150000e-009  3.8200000e-009  4.9100000e-009  6.4300000e-009  7.6300000e-009             NaN             NaN             NaN             NaN             NaN             NaN             NaN             NaN             NaN             NaN             NaN             NaN  1.0600000e-008  1.0550000e-008  1.0400000e-008  9.6000000e-009  7.9800000e-009  7.1250000e-009  6.0200000e-009  5.7100000e-009  5.5300000e-009  5.2850000e-009  5.4400000e-009  5.6150000e-009  5.8400000e-009  6.3000000e-009  6.2800000e-009
  2.0000000e+000             NaN  3.4000000e-009  3.7400000e-009  3.2950000e-009  3.3700000e-009  3.6100000e-009  4.1950000e-009  5.3100000e-009  7.0800000e-009             NaN             NaN             NaN             NaN             NaN             NaN             NaN             NaN             NaN             NaN             NaN             NaN             NaN             NaN  9.9500000e-009  9.5900000e-009  7.1250000e-009  6.5400000e-009  4.6000000e-009  3.8900000e-009  3.4100000e-009  3.6550000e-009  4.3100000e-009  4.2800000e-009  3.3800000e-009  4.8900000e-009             NaN
  1.5000000e+000             NaN  2.7700000e-009  3.1800000e-009  3.1200000e-009  3.4350000e-009  3.3000000e-009  3.6100000e-009  4.4150000e-009  6.2400000e-009             NaN             NaN             NaN             NaN             NaN             NaN             NaN             NaN             NaN             NaN             NaN  9.9650000e-009             NaN             NaN  8.2850000e-009  7.3650000e-009  5.6600000e-009  4.9400000e-009  4.1400000e-009  3.0350000e-009  2.3850000e-009  2.7050000e-009  2.7200000e-009  3.0600000e-009  3.3350000e-009  2.6900000e-009             NaN
  1.0000000e+000  2.9050000e-009  2.6250000e-009  3.1000000e-009  3.3550000e-009  3.1800000e-009  3.4400000e-009  3.5350000e-009  3.8300000e-009  4.4700000e-009  3.5850000e-009             NaN             NaN             NaN             NaN             NaN             NaN             NaN             NaN             NaN             NaN             NaN             NaN  6.3900000e-009  7.8300000e-009  6.8300000e-009  4.9850000e-009  3.5800000e-009  3.5400000e-009  2.9200000e-009  2.6600000e-009  2.5800000e-009  2.6600000e-009  2.3300000e-009  2.4300000e-009  2.0300000e-009  1.8900000e-009
  7.0000000e-001             NaN  3.3350000e-009  2.9200000e-009  2.8900000e-009  3.0650000e-009  3.1300000e-009  3.1250000e-009  3.5100000e-009  3.6700000e-009  4.3700000e-009  4.3150000e-009             NaN             NaN             NaN             NaN             NaN             NaN             NaN             NaN             NaN             NaN             NaN             NaN  5.1800000e-009  4.9750000e-009  3.9500000e-009  4.0800000e-009  3.3350000e-009  2.6000000e-009  2.5900000e-009  2.6250000e-009  2.4050000e-009  2.3900000e-009  2.4700000e-009  2.4600000e-009  2.4350000e-009
  5.0000000e-001             NaN  2.7500000e-009  3.0350000e-009  2.9000000e-009  2.9900000e-009  2.8700000e-009  2.9900000e-009  2.9600000e-009  3.2400000e-009  3.0700000e-009  3.4250000e-009  3.1500000e-009             NaN             NaN             NaN             NaN             NaN             NaN             NaN             NaN             NaN  4.4950000e-009  4.3300000e-009  3.9700000e-009  4.3850000e-009  3.1800000e-009  2.6200000e-009  2.7650000e-009  2.4050000e-009  2.2900000e-009  2.3600000e-009  2.2900000e-009  2.2200000e-009  2.1550000e-009  2.4500000e-009  1.8500000e-009
  3.0000000e-001             NaN  3.2350000e-009  2.7500000e-009  2.8750000e-009  2.9500000e-009  3.0200000e-009  2.8650000e-009  2.9000000e-009  2.9300000e-009  3.0000000e-009  3.1800000e-009  3.2650000e-009  2.8150000e-009             NaN             NaN             NaN             NaN             NaN             NaN             NaN             NaN  3.7100000e-009  3.0700000e-009  3.4800000e-009  3.2950000e-009  2.9550000e-009  3.0750000e-009  2.7800000e-009  2.8150000e-009  2.7800000e-009  2.7900000e-009  2.6100000e-009  2.6500000e-009  2.6500000e-009  2.5700000e-009             NaN
  2.0000000e-001             NaN             NaN             NaN  2.7500000e-009  3.2000000e-009  3.0600000e-009  2.9600000e-009  3.1700000e-009  3.0050000e-009  3.0900000e-009  3.1200000e-009  3.1750000e-009  3.0050000e-009             NaN             NaN             NaN             NaN             NaN             NaN             NaN             NaN             NaN  3.9750000e-009  3.9550000e-009  4.2100000e-009  4.0200000e-009  3.8700000e-009  3.8850000e-009  3.7950000e-009  3.7250000e-009  3.8200000e-009  3.6800000e-009  3.6100000e-009  3.6400000e-009             NaN             NaN
  1.5000000e-001             NaN             NaN             NaN  4.3450000e-009  4.1700000e-009  4.2300000e-009  4.0000000e-009  4.1850000e-009  3.9600000e-009  4.1800000e-009  4.3200000e-009  4.5600000e-009  4.4500000e-009             NaN             NaN             NaN             NaN             NaN             NaN             NaN             NaN  3.2000000e-009  3.1600000e-009  4.2400000e-009  4.2050000e-009  4.2700000e-009  4.4300000e-009  4.0450000e-009  4.0000000e-009  4.0900000e-009  4.0500000e-009  4.1850000e-009  4.3150000e-009  4.2400000e-009             NaN             NaN
  1.0000000e-001             NaN             NaN             NaN  5.4500000e-009  5.7850000e-009  5.8300000e-009  5.6900000e-009  5.7100000e-009  5.4800000e-009  5.7600000e-009  5.6900000e-009  6.2650000e-009  6.6200000e-009  6.3250000e-009             NaN             NaN             NaN             NaN             NaN             NaN  3.7300000e-009  4.7700000e-009  3.6450000e-009  4.0650000e-009  3.9600000e-009  3.8900000e-009  3.6750000e-009  3.8250000e-009  3.8450000e-009  3.9550000e-009  3.7600000e-009  3.9250000e-009  3.7500000e-009  4.5700000e-009  3.5550000e-009             NaN
