             NaN -8.7500000e+001 -8.2500000e+001 -7.7500000e+001 -7.2500000e+001 -6.7500000e+001 -6.2500000e+001 -5.7500000e+001 -5.2500000e+001 -4.7500000e+001 -4.2500000e+001 -3.7500000e+001 -3.2500000e+001 -2.7500000e+001 -2.2500000e+001 -1.7500000e+001 -1.2500000e+001 -7.5000000e+000 -2.5000000e+000  2.5000000e+000  7.5000000e+000  1.2500000e+001  1.7500000e+001  2.2500000e+001  2.7500000e+001  3.2500000e+001  3.7500000e+001  4.2500000e+001  4.7500000e+001  5.2500000e+001  5.7500000e+001  6.2500000e+001  6.7500000e+001  7.2500000e+001  7.7500000e+001  8.2500000e+001  8.7500000e+001
  1.0000000e+003             NaN             NaN             NaN             NaN             NaN             NaN             NaN             NaN             NaN             NaN             NaN             NaN             NaN             NaN             NaN             NaN             NaN             NaN             NaN             NaN             NaN             NaN             NaN             NaN             NaN             NaN             NaN             NaN             NaN             NaN             NaN             NaN             NaN             NaN             NaN             NaN
  8.5000000e+002             NaN             NaN             NaN             NaN             NaN             NaN             NaN             NaN             NaN             NaN             NaN             NaN             NaN             NaN             NaN             NaN             NaN             NaN             NaN             NaN             NaN             NaN             NaN             NaN             NaN             NaN             NaN             NaN             NaN             NaN             NaN             NaN             NaN             NaN             NaN             NaN
  7.0000000e+002             NaN             NaN             NaN             NaN             NaN             NaN             NaN             NaN             NaN             NaN             NaN             NaN             NaN             NaN             NaN             NaN             NaN             NaN             NaN             NaN             NaN             NaN             NaN             NaN             NaN             NaN             NaN             NaN             NaN             NaN             NaN             NaN             NaN             NaN             NaN             NaN
  5.0000000e+002             NaN  4.4509891e-008  4.8701124e-008  4.6651207e-008  4.9181980e-008  5.2420000e-008             NaN  4.7800342e-008  6.1424131e-008  5.0382126e-008  6.5658188e-008             NaN             NaN             NaN             NaN             NaN             NaN             NaN             NaN             NaN             NaN             NaN             NaN             NaN             NaN             NaN  1.4320083e-007  1.3427650e-007  1.2859368e-007  1.5836690e-007  1.4869193e-007  1.4134238e-007  1.5131085e-007  1.4859854e-007  1.5453155e-007             NaN
  4.0000000e+002  4.5216772e-008  4.5437671e-008  4.1995896e-008  4.3184893e-008  4.3328830e-008  4.5532890e-008  4.8108976e-008  5.1363478e-008  6.1010272e-008  5.8297363e-008  6.5675647e-008  7.9055210e-008             NaN             NaN             NaN             NaN             NaN             NaN             NaN             NaN             NaN             NaN             NaN             NaN             NaN             NaN  1.4245975e-007  1.4427653e-007  1.1964938e-007  1.2658781e-007  1.2978225e-007  1.2932064e-007  1.2436062e-007  1.2456865e-007  1.2894983e-007             NaN
  3.0000000e+002  4.0079835e-008  3.7881450e-008  3.5193081e-008  3.7031684e-008  3.6389300e-008  3.5637879e-008  3.9911985e-008  4.5941216e-008  5.2789518e-008  6.0432144e-008  6.5505146e-008             NaN             NaN             NaN             NaN             NaN             NaN             NaN             NaN             NaN             NaN             NaN             NaN             NaN             NaN             NaN  1.1677517e-007  1.1015386e-007  8.7698160e-008  9.1397606e-008  8.0748037e-008  8.3593395e-008  8.1028716e-008  8.1849079e-008  8.7168756e-008             NaN
  2.5000000e+002  3.0151524e-008  2.8391583e-008  2.7363093e-008  2.9061887e-008  2.8459543e-008  2.8391013e-008  3.0258568e-008  3.8084796e-008  5.2865461e-008  5.0892532e-008  5.7837737e-008             NaN             NaN             NaN             NaN             NaN             NaN             NaN             NaN             NaN             NaN             NaN             NaN             NaN             NaN             NaN  7.0181156e-008  6.0468822e-008  5.6795333e-008  5.4239121e-008  4.9933110e-008  4.7588318e-008  4.7147240e-008  4.9156901e-008  5.0517345e-008             NaN
  2.0000000e+002  2.5824770e-008  2.5798642e-008  2.4289940e-008  2.5374536e-008  2.5831342e-008  2.8738720e-008  2.8481320e-008  3.2315348e-008  4.2384911e-008  4.3494275e-008  5.4707821e-008             NaN             NaN             NaN             NaN             NaN             NaN             NaN             NaN             NaN             NaN             NaN             NaN             NaN             NaN             NaN  4.5441722e-008  3.7294094e-008  4.1355986e-008  3.3448608e-008  3.2008179e-008  3.2190996e-008  3.3947731e-008  3.2343524e-008  3.2744366e-008             NaN
  1.7000000e+002  2.3742685e-008  2.3662935e-008  2.3701574e-008  2.4297188e-008  2.4341001e-008  2.6449552e-008  2.9224130e-008  3.3539523e-008  3.8333615e-008  4.2136191e-008  5.1358756e-008             NaN             NaN             NaN             NaN             NaN             NaN             NaN             NaN             NaN             NaN             NaN             NaN             NaN             NaN  4.2799313e-008  3.7888645e-008  3.2041225e-008  2.9022069e-008  2.7586420e-008  2.7801383e-008  2.6448255e-008  2.6069902e-008  2.6276986e-008  2.5896427e-008             NaN
  1.5000000e+002  2.0326696e-008  2.0408018e-008  1.9875612e-008  2.0891305e-008  2.1327063e-008  2.7507052e-008  2.4131627e-008  2.6767975e-008  3.3822863e-008  3.8347250e-008  4.5525669e-008             NaN             NaN             NaN             NaN             NaN             NaN             NaN             NaN             NaN             NaN             NaN             NaN             NaN             NaN  4.4958540e-008  3.4002508e-008  2.8361412e-008  2.9148381e-008  2.6814040e-008  2.2967491e-008  2.2069429e-008  2.3850649e-008  2.3485624e-008  2.1998194e-008             NaN
  1.3000000e+002  1.8615348e-008  1.6844887e-008  1.5781067e-008  1.6919238e-008  1.8015627e-008  2.0886315e-008  2.1050849e-008  2.6518065e-008  3.0842993e-008  4.0822595e-008  4.0653711e-008             NaN             NaN             NaN             NaN             NaN             NaN             NaN             NaN             NaN             NaN             NaN             NaN             NaN             NaN             NaN  3.5021297e-008  3.0222935e-008  2.5103245e-008  2.4812945e-008  2.1883123e-008  2.0999301e-008  2.0611183e-008  2.0899304e-008  2.0169863e-008             NaN
  1.1500000e+002  1.5009757e-008  1.4941522e-008  1.4385365e-008  1.6074089e-008  1.7062642e-008  1.6983329e-008  1.9514547e-008  2.2925362e-008  2.8856419e-008  3.0735290e-008  3.8317123e-008             NaN             NaN             NaN             NaN             NaN             NaN             NaN             NaN             NaN             NaN             NaN             NaN             NaN             NaN  3.2118954e-008  2.7657614e-008  2.3999794e-008  2.3177543e-008  2.0963279e-008  1.9597787e-008  1.8038745e-008  1.8467900e-008  1.7945002e-008  1.7902274e-008             NaN
  1.0000000e+002  1.5688993e-008  1.4908758e-008  1.5756084e-008  1.5923953e-008  1.5737522e-008  1.8332110e-008  1.6591031e-008  1.8966361e-008  2.1182675e-008  2.5166301e-008  3.0303128e-008             NaN             NaN             NaN             NaN             NaN             NaN             NaN             NaN             NaN             NaN             NaN             NaN             NaN             NaN             NaN  2.5331563e-008  2.2073103e-008  2.0467724e-008  1.5937948e-008  1.7009591e-008  1.5511578e-008  1.5880913e-008  1.6144892e-008  1.5442808e-008             NaN
  9.0000000e+001  1.4795938e-008  1.4803365e-008  1.4992053e-008  1.5425752e-008  1.5155426e-008  1.5567282e-008  1.6437118e-008  1.7230327e-008  1.9777285e-008  2.2502941e-008  2.7057079e-008             NaN             NaN             NaN             NaN             NaN             NaN             NaN             NaN             NaN             NaN             NaN             NaN             NaN             NaN             NaN  1.9392040e-008  1.8079220e-008  1.7530542e-008  1.6297792e-008  1.5562075e-008  1.5208497e-008  1.5093303e-008  1.5273801e-008  1.4781552e-008             NaN
  8.0000000e+001  1.4852159e-008  1.4903833e-008  1.4722406e-008  1.4642108e-008  1.4596789e-008  1.4865559e-008  1.5671270e-008  1.6728943e-008  1.8141048e-008  1.8122308e-008  2.1266092e-008             NaN             NaN             NaN             NaN             NaN             NaN             NaN             NaN             NaN             NaN             NaN             NaN             NaN             NaN             NaN  1.7260332e-008  1.6601396e-008  1.6040314e-008  1.5299745e-008  1.4627599e-008  1.4365865e-008  1.4484377e-008  1.4523678e-008  1.4678052e-008             NaN
  7.0000000e+001  1.6166722e-008  1.5815452e-008  1.5246894e-008  1.5118903e-008  1.5068557e-008  1.4621078e-008  1.4835864e-008  1.5121194e-008  1.5807737e-008  1.5949503e-008  1.7386497e-008             NaN             NaN             NaN             NaN             NaN             NaN             NaN             NaN             NaN             NaN             NaN             NaN             NaN             NaN             NaN  1.5756286e-008  1.4762555e-008  1.4193419e-008  1.3353536e-008  1.3743253e-008  1.3266308e-008  1.3525262e-008  1.4051547e-008  1.4104269e-008             NaN
  5.0000000e+001  1.9152867e-008  1.7594968e-008  1.8365109e-008  1.7707879e-008  1.6753665e-008  1.5803260e-008  1.6309709e-008  1.5468484e-008  1.5942040e-008  1.5257003e-008  1.5156361e-008  1.5408294e-008             NaN             NaN             NaN             NaN             NaN             NaN             NaN             NaN             NaN             NaN             NaN             NaN             NaN  1.3947196e-008  1.3566913e-008  1.3597728e-008  1.3426064e-008  1.3584450e-008  1.3402202e-008  1.3757983e-008  1.3536152e-008  1.3737644e-008  1.3895948e-008             NaN
  3.0000000e+001  1.9558346e-008  1.8514509e-008  1.8694061e-008  1.7842479e-008  1.7921973e-008  1.7706607e-008  1.7314079e-008  1.7049608e-008  1.6868943e-008  1.6416324e-008  1.5488656e-008  1.4860072e-008             NaN             NaN             NaN             NaN             NaN             NaN             NaN             NaN             NaN             NaN             NaN             NaN             NaN  1.3978695e-008  1.4506536e-008  1.4973437e-008  1.4547097e-008  1.4787950e-008  1.4747196e-008  1.4952192e-008  1.6282372e-008  1.4095819e-008  1.3271119e-008             NaN
  2.0000000e+001  1.8009147e-008  1.8033232e-008  1.8335959e-008  1.8516975e-008  1.8427813e-008  1.7503219e-008  1.7511755e-008  1.7403826e-008  1.7536099e-008  1.6185279e-008  1.5542422e-008             NaN             NaN             NaN             NaN             NaN             NaN             NaN             NaN             NaN             NaN             NaN             NaN             NaN             NaN  1.4709993e-008  1.6823341e-008  1.6525988e-008  1.8386533e-008  1.6831515e-008  1.8254013e-008  1.7946435e-008  2.0000358e-008  2.5388366e-008  2.8259742e-008             NaN
  1.5000000e+001  1.7743909e-008  1.7567000e-008  1.7735552e-008  1.7638780e-008  1.7938209e-008  1.7754071e-008  1.8651986e-008  1.8777118e-008  1.8880715e-008  1.7967728e-008  1.7797560e-008             NaN             NaN             NaN             NaN             NaN             NaN             NaN             NaN             NaN             NaN             NaN             NaN             NaN             NaN             NaN  1.8281064e-008  1.8849320e-008  1.9415515e-008  1.9230676e-008  1.9365598e-008  2.1214082e-008  2.5308395e-008  3.9613969e-008  4.1235534e-008             NaN
  1.0000000e+001  1.5971249e-008  1.6213043e-008  1.7029564e-008  1.7270041e-008  1.7663673e-008  1.7310302e-008  1.7827150e-008  1.8030561e-008  1.9009315e-008  1.8781633e-008  1.9936639e-008             NaN             NaN             NaN             NaN             NaN             NaN             NaN             NaN             NaN             NaN             NaN             NaN             NaN             NaN  1.8687153e-008  1.9894582e-008  1.9069739e-008  1.9682284e-008  2.1238337e-008  2.3620686e-008  2.3085227e-008  3.0139701e-008  4.4458007e-008  5.6298832e-008             NaN
  7.0000000e+000  1.4018194e-008  1.4259770e-008  1.4452773e-008  1.5510755e-008  1.6210632e-008  1.6630273e-008  1.7167302e-008  1.8566120e-008  1.9275875e-008  1.9655094e-008  2.1840530e-008             NaN             NaN             NaN             NaN             NaN             NaN             NaN             NaN             NaN             NaN             NaN             NaN             NaN             NaN             NaN  2.0979328e-008  2.0217147e-008  2.0421306e-008  2.0995273e-008  2.3429139e-008  2.7926033e-008  2.6394775e-008  4.4942637e-008  5.4731304e-008             NaN
  5.0000000e+000  1.1692194e-008  1.1861132e-008  1.3129512e-008  1.2594136e-008  1.3016743e-008  1.4801194e-008  1.6163723e-008  1.8580280e-008  1.9355946e-008  2.1306759e-008  2.3426544e-008  2.4247482e-008             NaN             NaN             NaN             NaN             NaN             NaN             NaN             NaN             NaN             NaN             NaN             NaN             NaN  2.7227818e-008  2.3314824e-008  2.1958068e-008  2.1184229e-008  2.0514282e-008  2.3157849e-008  2.5789288e-008  3.4298250e-008  4.5186609e-008  4.8522979e-008             NaN
  3.0000000e+000  8.8203276e-009  9.2725776e-009  1.0031334e-008  1.1292739e-008  1.1900414e-008  1.2784248e-008  1.4081598e-008  1.6784512e-008  1.8633337e-008  2.1464707e-008  2.5590956e-008             NaN             NaN             NaN             NaN             NaN             NaN             NaN             NaN             NaN             NaN             NaN             NaN             NaN             NaN  3.4180202e-008  2.5709627e-008  2.3618808e-008  2.2777929e-008  2.4647110e-008  2.1913848e-008  2.7310615e-008  3.0223105e-008  4.5562497e-008  4.9527762e-008             NaN
  2.0000000e+000  7.7955286e-009  8.3845453e-009  9.1083303e-009  9.3033174e-009  9.8095699e-009  1.1908176e-008  1.3824244e-008  1.6590610e-008  1.7092067e-008  2.2066793e-008  2.4638832e-008             NaN             NaN             NaN             NaN             NaN             NaN             NaN             NaN             NaN             NaN             NaN             NaN             NaN             NaN  3.4272824e-008  3.0022439e-008  2.7929637e-008  2.7336613e-008  2.6609213e-008  2.6160217e-008  3.1628989e-008  3.3315621e-008  4.0246233e-008  5.9536633e-008             NaN
  1.5000000e+000  8.9525146e-009  8.4632502e-009  8.3072334e-009  1.0160461e-008  1.0665708e-008  1.1413350e-008  1.3242704e-008  1.5894215e-008  2.0456002e-008  2.2640729e-008  2.7158780e-008             NaN             NaN             NaN             NaN             NaN             NaN             NaN             NaN             NaN             NaN             NaN             NaN             NaN             NaN             NaN  3.2906940e-008  2.9581823e-008  3.2363764e-008  2.9713138e-008  4.0345409e-008  3.8223346e-008  4.1171898e-008  6.9441889e-008  6.5973390e-008             NaN
  1.0000000e+000  1.4580472e-008  1.1309808e-008  1.0106131e-008  1.0889167e-008  1.2624304e-008  1.3827424e-008  1.4398087e-008  1.7442094e-008  1.9477239e-008  2.5161258e-008  2.6715161e-008             NaN             NaN             NaN             NaN             NaN             NaN             NaN             NaN             NaN             NaN             NaN             NaN             NaN             NaN  3.7660482e-008  3.2020133e-008  3.4460461e-008  4.2954842e-008  4.4283251e-008  5.2378500e-008  7.3012923e-008  1.0377520e-007  1.0800514e-007  6.3765677e-008             NaN
  7.0000000e-001  2.6127954e-008  1.7156419e-008  1.6867552e-008  1.5400615e-008  1.7231980e-008  1.7155094e-008  1.9441152e-008  2.0948103e-008  2.5870338e-008  2.7542504e-008  3.2880915e-008             NaN             NaN             NaN             NaN             NaN             NaN             NaN             NaN             NaN             NaN             NaN             NaN             NaN             NaN             NaN  3.9121834e-008  4.0121795e-008  4.4893913e-008  6.7687929e-008  1.0346446e-007  1.8802426e-007  2.2087038e-007  3.5549315e-007  1.0961479e-007             NaN
  5.0000000e-001  4.8595160e-008  3.2973784e-008  2.6987470e-008  2.5441854e-008  2.4157493e-008  2.5586555e-008  2.6122861e-008  2.7492206e-008  2.9354268e-008  3.5247212e-008  3.9149765e-008  3.6002955e-008             NaN             NaN             NaN             NaN             NaN             NaN             NaN             NaN             NaN             NaN             NaN             NaN             NaN             NaN  4.9831565e-008  4.8536731e-008  8.4677624e-008  1.3643396e-007  1.3571118e-007  1.8572978e-007  1.6741773e-007  5.7989403e-007  2.2467003e-007             NaN
  3.0000000e-001  7.8267347e-008  5.3333795e-008  3.9131199e-008  3.3972364e-008  3.6915004e-008  3.2604202e-008  3.2338221e-008  3.4542557e-008  3.7972094e-008  3.8813972e-008  4.0334668e-008             NaN             NaN             NaN             NaN             NaN             NaN             NaN             NaN             NaN             NaN             NaN             NaN             NaN             NaN  5.6098376e-008  7.9685655e-008  1.0309169e-007  2.1336345e-007  2.7174148e-007  2.6783212e-007  5.5887036e-007  6.6652122e-007  8.7708691e-007  4.9919895e-007             NaN
  2.0000000e-001  1.1962526e-007  9.6695780e-008  6.3390087e-008  5.1368974e-008  5.0647998e-008  4.5843911e-008  4.2645547e-008  4.6273156e-008  4.4423209e-008  4.4734250e-008  4.7415851e-008             NaN             NaN             NaN             NaN             NaN             NaN             NaN             NaN             NaN             NaN             NaN             NaN             NaN             NaN             NaN  1.8614732e-007  3.2086398e-007  3.0605541e-007  5.6140208e-007  4.9553203e-007  6.6988445e-007  7.1991696e-007  1.2782220e-006  6.7937765e-007             NaN
  1.5000000e-001  1.9948454e-007  1.2270237e-007  8.0611286e-008  7.1826237e-008  6.3698491e-008  5.4439561e-008  5.3733133e-008  5.7450936e-008  5.3206521e-008  6.0933202e-008  5.8878008e-008             NaN             NaN             NaN             NaN             NaN             NaN             NaN             NaN             NaN             NaN             NaN             NaN             NaN             NaN  8.2396462e-008  2.5129470e-007  3.7331322e-007  7.2782464e-007  8.8334878e-007  7.1875131e-007  1.2434265e-006  1.5439581e-006  1.5606528e-006  1.3584777e-006             NaN
  1.0000000e-001  3.5692716e-007  2.0608852e-007  1.2717363e-007  1.0246932e-007  7.7646018e-008  7.0149477e-008  6.8132286e-008  6.8000999e-008  6.0750563e-008  6.8742530e-008  8.1137613e-008             NaN             NaN             NaN             NaN             NaN             NaN             NaN             NaN             NaN             NaN             NaN             NaN             NaN             NaN  3.3596520e-007  7.9968940e-007  8.3173242e-007  8.8542624e-007  1.0904101e-006  1.3265450e-006  1.3131851e-006  1.6528720e-006  2.0586599e-006  1.6387549e-006             NaN
             NaN -8.7500000e+001 -8.2500000e+001 -7.7500000e+001 -7.2500000e+001 -6.7500000e+001 -6.2500000e+001 -5.7500000e+001 -5.2500000e+001 -4.7500000e+001 -4.2500000e+001 -3.7500000e+001 -3.2500000e+001 -2.7500000e+001 -2.2500000e+001 -1.7500000e+001 -1.2500000e+001 -7.5000000e+000 -2.5000000e+000  2.5000000e+000  7.5000000e+000  1.2500000e+001  1.7500000e+001  2.2500000e+001  2.7500000e+001  3.2500000e+001  3.7500000e+001  4.2500000e+001  4.7500000e+001  5.2500000e+001  5.7500000e+001  6.2500000e+001  6.7500000e+001  7.2500000e+001  7.7500000e+001  8.2500000e+001  8.7500000e+001
  1.0000000e+003             NaN             NaN             NaN             NaN             NaN             NaN             NaN             NaN             NaN             NaN             NaN             NaN             NaN             NaN             NaN             NaN             NaN             NaN             NaN             NaN             NaN             NaN             NaN             NaN             NaN             NaN             NaN             NaN             NaN             NaN             NaN             NaN             NaN             NaN             NaN             NaN
  8.5000000e+002             NaN             NaN             NaN             NaN             NaN             NaN             NaN             NaN             NaN             NaN             NaN             NaN             NaN             NaN             NaN             NaN             NaN             NaN             NaN             NaN             NaN             NaN             NaN             NaN             NaN             NaN             NaN             NaN             NaN             NaN             NaN             NaN             NaN             NaN             NaN             NaN
  7.0000000e+002             NaN             NaN             NaN             NaN             NaN             NaN             NaN             NaN             NaN             NaN             NaN             NaN             NaN             NaN             NaN             NaN             NaN             NaN             NaN             NaN             NaN             NaN             NaN             NaN             NaN             NaN             NaN             NaN             NaN             NaN             NaN             NaN             NaN             NaN             NaN             NaN
  5.0000000e+002             NaN  5.2428178e-009  9.3305061e-009  9.4313113e-009  6.5145977e-009  3.9969101e-009             NaN  5.8063369e-009  5.5130737e-009  7.2237675e-009  9.4736555e-009             NaN             NaN             NaN             NaN             NaN             NaN             NaN             NaN             NaN             NaN             NaN             NaN             NaN             NaN             NaN  1.3429513e-008  2.3767696e-008  4.2943880e-008  1.4627379e-008  6.0740209e-009  2.2061128e-008  2.3337028e-008  2.1555029e-008  1.6487162e-008             NaN
  4.0000000e+002  1.3811328e-009  6.4072592e-009  5.1468845e-009  5.5475090e-009  4.8316946e-009  5.9305435e-009  1.0632039e-008  7.6565972e-009  1.2923104e-008  1.2493627e-008  1.6711910e-008  7.9981991e-009             NaN             NaN             NaN             NaN             NaN             NaN             NaN             NaN             NaN             NaN             NaN             NaN             NaN             NaN  2.3684611e-008  2.9176695e-008  1.8537232e-008  2.4839995e-008  2.4075156e-008  2.0937200e-008  2.0539801e-008  2.7570272e-008  1.8835172e-008             NaN
  3.0000000e+002  4.9709525e-009  5.1408186e-009  6.2151269e-009  6.7981248e-009  7.0438062e-009  6.6702172e-009  8.8464900e-009  1.1789495e-008  9.7821212e-009  1.1016089e-008  1.1353560e-008             NaN             NaN             NaN             NaN             NaN             NaN             NaN             NaN             NaN             NaN             NaN             NaN             NaN             NaN             NaN  1.8903990e-008  1.9682567e-008  2.8775717e-008  2.8954923e-008  2.8391877e-008  2.5783994e-008  2.3526413e-008  2.5880937e-008  2.1796900e-008             NaN
  2.5000000e+002  6.0174717e-009  3.3071904e-009  2.9924268e-009  4.0972380e-009  3.5984756e-009  4.3662918e-009  4.5698133e-009  1.0719291e-008  1.3305423e-008  1.0718063e-008  1.1611601e-008             NaN             NaN             NaN             NaN             NaN             NaN             NaN             NaN             NaN             NaN             NaN             NaN             NaN             NaN             NaN  2.4680532e-008  1.8023698e-008  2.2914379e-008  1.8936004e-008  1.6778295e-008  1.2268493e-008  1.2777876e-008  1.3987646e-008  1.2422490e-008             NaN
  2.0000000e+002  1.4945096e-009  2.4489778e-009  2.5562966e-009  3.0657695e-009  2.9835962e-009  5.0854459e-009  4.9603367e-009  8.6736582e-009  8.0544049e-009  1.2790508e-008  7.6630261e-009             NaN             NaN             NaN             NaN             NaN             NaN             NaN             NaN             NaN             NaN             NaN             NaN             NaN             NaN             NaN  1.3630461e-008  8.9818189e-009  9.0507456e-009  8.4335380e-009  6.4273565e-009  7.4187356e-009  6.3155150e-009  6.0756738e-009  5.5307631e-009             NaN
  1.7000000e+002  2.8591427e-009  2.6034842e-009  2.5882767e-009  2.8461725e-009  3.2913678e-009  4.9024944e-009  5.9117202e-009  6.6888194e-009  6.5988746e-009  1.2833245e-008  1.3166279e-008             NaN             NaN             NaN             NaN             NaN             NaN             NaN             NaN             NaN             NaN             NaN             NaN             NaN             NaN  8.7662175e-009  7.7818319e-009  6.5093926e-009  4.8064022e-009  6.5663284e-009  6.8574545e-009  4.0232524e-009  3.7797850e-009  4.0507047e-009  3.4810181e-009             NaN
  1.5000000e+002  1.7194201e-009  2.4913345e-009  2.4138085e-009  3.2350587e-009  3.5364822e-009  4.5508709e-009  3.9173754e-009  5.7692770e-009  7.0412486e-009  1.1222317e-008  8.2857450e-009             NaN             NaN             NaN             NaN             NaN             NaN             NaN             NaN             NaN             NaN             NaN             NaN             NaN             NaN  7.4151707e-009  7.3851170e-009  6.3752781e-009  6.9020686e-009  4.4479847e-009  4.3361530e-009  3.0140011e-009  3.5834935e-009  3.4997741e-009  3.3331513e-009             NaN
  1.3000000e+002  1.8669900e-009  1.8837043e-009  1.5639839e-009  2.0926697e-009  2.8830604e-009  3.2451207e-009  3.4595743e-009  3.7957469e-009  6.6060224e-009  1.0744243e-008  9.2292161e-009             NaN             NaN             NaN             NaN             NaN             NaN             NaN             NaN             NaN             NaN             NaN             NaN             NaN             NaN             NaN  7.3273650e-009  5.6041398e-009  3.6843898e-009  5.5416541e-009  4.7748325e-009  3.0778764e-009  3.0919360e-009  3.3177428e-009  3.1195383e-009             NaN
  1.1500000e+002  1.1419518e-009  1.5302149e-009  1.3913355e-009  1.5203806e-009  1.5715377e-009  2.5673634e-009  2.6916664e-009  4.5353709e-009  4.9037073e-009  6.3106580e-009  2.1475309e-009             NaN             NaN             NaN             NaN             NaN             NaN             NaN             NaN             NaN             NaN             NaN             NaN             NaN             NaN  3.0142763e-009  6.2746108e-009  4.6942440e-009  3.9661998e-009  3.4525607e-009  3.5033812e-009  2.1339237e-009  2.7311712e-009  2.3356753e-009  2.8119189e-009             NaN
  1.0000000e+002  6.3844369e-010  6.4986590e-010  8.7575114e-010  9.4856527e-010  8.9632063e-010  1.7883653e-009  1.3579698e-009  9.0740609e-010  2.7954081e-009  3.8161339e-009  2.7448176e-009             NaN             NaN             NaN             NaN             NaN             NaN             NaN             NaN             NaN             NaN             NaN             NaN             NaN             NaN             NaN  2.4047255e-009  3.4518861e-009  4.3524586e-009  1.9292012e-009  2.4346906e-009  1.2354379e-009  9.7078923e-010  1.7191227e-009  1.6887367e-009             NaN
  9.0000000e+001  3.5526819e-010  4.7964908e-010  3.1068854e-010  4.1189308e-010  7.3284937e-010  7.3043693e-010  1.3679155e-009  1.1828458e-009  1.7575272e-009  3.6974171e-009  3.6890831e-009             NaN             NaN             NaN             NaN             NaN             NaN             NaN             NaN             NaN             NaN             NaN             NaN             NaN             NaN             NaN  1.6568400e-009  3.0117166e-009  1.7805320e-009  1.4476160e-009  1.8588516e-009  1.1368282e-009  1.4167595e-009  1.1208781e-009  1.0227936e-009             NaN
  8.0000000e+001  3.1204508e-010  4.6192937e-010  4.5694698e-010  4.3994969e-010  5.0273306e-010  6.7698097e-010  1.2124603e-009  1.5847025e-009  2.0652508e-009  1.8654501e-009  2.7129028e-009             NaN             NaN             NaN             NaN             NaN             NaN             NaN             NaN             NaN             NaN             NaN             NaN             NaN             NaN             NaN  1.7935852e-009  1.9623302e-009  1.2552951e-009  1.4695466e-009  1.1216300e-009  1.2041358e-009  1.3927527e-009  1.1625306e-009  9.8591132e-010             NaN
  7.0000000e+001  6.8427008e-010  9.6038790e-010  9.1020020e-010  8.9008017e-010  7.0502439e-010  4.8898271e-010  6.5613462e-010  7.7909086e-010  1.0126341e-009  1.4150697e-009  1.6234120e-009             NaN             NaN             NaN             NaN             NaN             NaN             NaN             NaN             NaN             NaN             NaN             NaN             NaN             NaN             NaN  1.7690242e-009  9.9125470e-010  1.1224436e-009  6.9439032e-010  8.2245433e-010  5.2016273e-010  9.6217430e-010  1.2081231e-009  1.1659990e-009             NaN
  5.0000000e+001  1.4563033e-009  1.6788018e-009  1.3532982e-009  1.0840829e-009  1.3161604e-009  9.7371800e-010  1.1370235e-009  8.9441961e-010  1.0371023e-009  8.2810741e-010  7.0469068e-010  4.3299949e-010             NaN             NaN             NaN             NaN             NaN             NaN             NaN             NaN             NaN             NaN             NaN             NaN             NaN  3.6522735e-010  6.9125496e-010  5.3738164e-010  6.7318095e-010  7.9511729e-010  5.8306715e-010  9.1912261e-010  1.4069180e-009  1.6874612e-009  1.6938801e-009             NaN
  3.0000000e+001  1.1238706e-009  9.0455291e-010  7.7783485e-010  9.7542758e-010  9.2990092e-010  7.8883655e-010  9.5277824e-010  8.2262316e-010  9.9508462e-010  9.1435630e-010  8.9063776e-010  2.4175385e-010             NaN             NaN             NaN             NaN             NaN             NaN             NaN             NaN             NaN             NaN             NaN             NaN             NaN  5.5842933e-010  1.1830002e-009  9.6818082e-010  1.4585272e-009  1.6126290e-009  1.8663586e-009  1.6636234e-009  3.8176325e-009  4.3962554e-009  4.8534949e-009             NaN
  2.0000000e+001  4.8413706e-010  5.7325467e-010  6.3793055e-010  9.4510629e-010  8.8932803e-010  5.8304031e-010  6.4982583e-010  8.2358883e-010  8.5890236e-010  6.1182989e-010  8.9806852e-010             NaN             NaN             NaN             NaN             NaN             NaN             NaN             NaN             NaN             NaN             NaN             NaN             NaN             NaN  7.5757536e-010  4.3436788e-009  1.9982956e-009  7.8857342e-009  2.5069846e-009  5.4861494e-009  3.2531862e-009  6.2625706e-009  1.4876924e-008  2.0504183e-008             NaN
  1.5000000e+001  2.0671837e-010  4.5632882e-010  6.1087562e-010  5.7323643e-010  6.2370183e-010  6.2027148e-010  1.1381284e-009  1.1051720e-009  1.3016254e-009  1.2582302e-009  1.2544656e-009             NaN             NaN             NaN             NaN             NaN             NaN             NaN             NaN             NaN             NaN             NaN             NaN             NaN             NaN             NaN  4.0659351e-009  2.3813957e-009  3.5082235e-009  3.3526933e-009  5.7131346e-009  5.0444945e-009  8.9456328e-009  3.0084039e-008  3.4191375e-008             NaN
  1.0000000e+001  8.4365932e-010  8.3972768e-010  9.0183553e-010  1.0598522e-009  1.1933392e-009  8.8314699e-010  6.8947641e-010  6.5003761e-010  1.1203761e-009  1.2293382e-009  1.0703236e-009             NaN             NaN             NaN             NaN             NaN             NaN             NaN             NaN             NaN             NaN             NaN             NaN             NaN             NaN  1.3351742e-009  1.5825452e-009  1.6812255e-009  2.6790543e-009  3.6706132e-009  6.0726564e-009  4.9264589e-009  1.1374695e-008  2.8450150e-008  3.9875570e-008             NaN
  7.0000000e+000  6.2294171e-010  7.7166192e-010  9.2599522e-010  1.0496824e-009  1.2543967e-009  1.0624857e-009  1.1737204e-009  1.5059766e-009  1.0072909e-009  1.2678632e-009  2.3442468e-009             NaN             NaN             NaN             NaN             NaN             NaN             NaN             NaN             NaN             NaN             NaN             NaN             NaN             NaN             NaN  2.3930858e-009  2.1098219e-009  2.2189385e-009  3.4401530e-009  5.0793703e-009  9.2168339e-009  5.7028319e-009  2.1742515e-008  3.6470678e-008             NaN
  5.0000000e+000  6.8028775e-010  9.0543272e-010  1.4654272e-009  1.7414923e-009  1.7681851e-009  1.8161794e-009  1.6737578e-009  1.1529106e-009  1.8326286e-009  1.3161075e-009  2.1596434e-009  1.0046665e-009             NaN             NaN             NaN             NaN             NaN             NaN             NaN             NaN             NaN             NaN             NaN             NaN             NaN  2.6734610e-009  1.7077630e-009  2.0144091e-009  2.9133042e-009  2.4603167e-009  3.8159287e-009  7.5209098e-009  1.4319997e-008  2.4080142e-008  3.1740945e-008             NaN
  3.0000000e+000  8.9542494e-010  9.5029126e-010  9.1673962e-010  1.0074331e-009  1.1184883e-009  1.2977376e-009  1.6835281e-009  2.1310177e-009  1.4681373e-009  1.5303670e-009  2.0811659e-009             NaN             NaN             NaN             NaN             NaN             NaN             NaN             NaN             NaN             NaN             NaN             NaN             NaN             NaN  1.9453641e-009  2.4473320e-009  2.0727106e-009  4.8279329e-009  5.5413866e-009  6.1977716e-009  7.8154805e-009  7.1539577e-009  2.7246745e-008  2.6562564e-008             NaN
  2.0000000e+000  1.1220444e-009  8.6574242e-010  9.6595110e-010  8.4164448e-010  1.2124657e-009  1.2116874e-009  1.6175320e-009  1.5275989e-009  2.2982603e-009  2.3979373e-009  2.4170624e-009             NaN             NaN             NaN             NaN             NaN             NaN             NaN             NaN             NaN             NaN             NaN             NaN             NaN             NaN  2.7651336e-009  2.2148631e-009  3.6016059e-009  7.1804955e-009  5.2442491e-009  4.5139236e-009  1.0715024e-008  1.1373175e-008  1.8088797e-008  3.2816380e-008             NaN
  1.5000000e+000  2.8558428e-009  1.6038829e-009  7.5140061e-010  7.1842033e-010  9.8077601e-010  1.0765788e-009  1.7981524e-009  1.8913161e-009  1.9517401e-009  1.9638575e-009  2.6404896e-009             NaN             NaN             NaN             NaN             NaN             NaN             NaN             NaN             NaN             NaN             NaN             NaN             NaN             NaN             NaN  4.5186662e-009  4.2183971e-009  4.6139434e-009  9.3469521e-009  1.2986510e-008  1.3393931e-008  1.6340681e-008  5.2891353e-008  3.7605504e-008             NaN
  1.0000000e+000  2.7717433e-009  2.4608318e-009  1.8356057e-009  1.8729063e-009  1.3159166e-009  1.5020633e-009  2.1261530e-009  2.0832295e-009  2.6179493e-009  1.8537040e-009  3.8162476e-009             NaN             NaN             NaN             NaN             NaN             NaN             NaN             NaN             NaN             NaN             NaN             NaN             NaN             NaN  2.3998085e-009  4.3664394e-009  5.6394939e-009  1.7861229e-008  1.3993623e-008  4.8761574e-008  7.8994027e-008  2.0514306e-007  1.5510215e-007  3.2958287e-008             NaN
  7.0000000e-001  5.1889298e-009  3.9768629e-009  3.8125755e-009  2.2080061e-009  1.9305700e-009  1.8400365e-009  2.4302265e-009  3.0638700e-009  2.6260719e-009  3.7203900e-009  6.0269970e-009             NaN             NaN             NaN             NaN             NaN             NaN             NaN             NaN             NaN             NaN             NaN             NaN             NaN             NaN             NaN  9.0812721e-009  1.2806388e-008  1.4415484e-008  3.8808551e-008  1.0132862e-007  2.9925146e-007  3.7101013e-007  5.7523781e-007  5.1527419e-008             NaN
  5.0000000e-001  1.5470982e-008  8.0106541e-009  4.0229321e-009  3.9160098e-009  3.9072612e-009  3.1921700e-009  2.1652388e-009  3.4146757e-009  3.2956478e-009  6.9122708e-009  5.0336866e-009  6.1322742e-010             NaN             NaN             NaN             NaN             NaN             NaN             NaN             NaN             NaN             NaN             NaN             NaN             NaN             NaN  1.1371969e-008  1.5741654e-008  5.1159981e-008  1.3458607e-007  1.2016747e-007  2.5568710e-007  1.2438851e-007  9.8129555e-007  1.4418814e-007             NaN
  3.0000000e-001  1.7093294e-008  1.5235079e-008  7.5323057e-009  4.5030130e-009  4.9529465e-009  5.1810238e-009  4.0982184e-009  4.0167953e-009  5.4664355e-009  5.9638843e-009  7.1547065e-009             NaN             NaN             NaN             NaN             NaN             NaN             NaN             NaN             NaN             NaN             NaN             NaN             NaN             NaN  6.9928419e-009  3.7682877e-008  6.3779930e-008  1.4896209e-007  1.8146656e-007  1.9443316e-007  5.3003556e-007  6.0546064e-007  9.8336811e-007  7.2468629e-007             NaN
  2.0000000e-001  2.6212429e-008  2.8215331e-008  1.0024796e-008  9.0552089e-009  8.2393787e-009  8.2473392e-009  4.7469327e-009  7.4467416e-009  4.9448087e-009  8.2492106e-009  1.1688448e-008             NaN             NaN             NaN             NaN             NaN             NaN             NaN             NaN             NaN             NaN             NaN             NaN             NaN             NaN             NaN  9.7997223e-008  1.7457461e-007  1.4834462e-007  3.5378340e-007  2.8169909e-007  5.3243062e-007  5.3648002e-007  1.1378027e-006  5.1982281e-007             NaN
  1.5000000e-001  4.7643030e-008  4.2990093e-008  1.3205598e-008  1.1544312e-008  1.0225377e-008  7.2096898e-009  7.3688653e-009  1.0764930e-008  3.9533590e-009  1.0423185e-008  1.3610186e-008             NaN             NaN             NaN             NaN             NaN             NaN             NaN             NaN             NaN             NaN             NaN             NaN             NaN             NaN  1.0828490e-008  1.5949364e-007  2.7174879e-007  4.3243408e-007  2.9098684e-007  3.1837301e-007  4.9808659e-007  8.1492333e-007  1.0520540e-006  1.1707142e-006             NaN
  1.0000000e-001  5.4196173e-008  7.5528509e-008  3.3782118e-008  2.5241139e-008  1.4036704e-008  9.7892662e-009  1.1013740e-008  1.7297942e-008  1.1310621e-008  2.4470227e-008  1.7837508e-008             NaN             NaN             NaN             NaN             NaN             NaN             NaN             NaN             NaN             NaN             NaN             NaN             NaN             NaN  3.7214582e-008  4.2039510e-007  3.5184473e-007  4.1830322e-007  4.1241238e-007  7.5777630e-007  7.6134353e-007  7.4734307e-007  1.1157949e-006  9.4192643e-007             NaN
             NaN -8.7500000e+001 -8.2500000e+001 -7.7500000e+001 -7.2500000e+001 -6.7500000e+001 -6.2500000e+001 -5.7500000e+001 -5.2500000e+001 -4.7500000e+001 -4.2500000e+001 -3.7500000e+001 -3.2500000e+001 -2.7500000e+001 -2.2500000e+001 -1.7500000e+001 -1.2500000e+001 -7.5000000e+000 -2.5000000e+000  2.5000000e+000  7.5000000e+000  1.2500000e+001  1.7500000e+001  2.2500000e+001  2.7500000e+001  3.2500000e+001  3.7500000e+001  4.2500000e+001  4.7500000e+001  5.2500000e+001  5.7500000e+001  6.2500000e+001  6.7500000e+001  7.2500000e+001  7.7500000e+001  8.2500000e+001  8.7500000e+001
  1.0000000e+003             NaN             NaN             NaN             NaN             NaN             NaN             NaN             NaN             NaN             NaN             NaN             NaN             NaN             NaN             NaN             NaN             NaN             NaN             NaN             NaN             NaN             NaN             NaN             NaN             NaN             NaN             NaN             NaN             NaN             NaN             NaN             NaN             NaN             NaN             NaN             NaN
  8.5000000e+002             NaN             NaN             NaN             NaN             NaN             NaN             NaN             NaN             NaN             NaN             NaN             NaN             NaN             NaN             NaN             NaN             NaN             NaN             NaN             NaN             NaN             NaN             NaN             NaN             NaN             NaN             NaN             NaN             NaN             NaN             NaN             NaN             NaN             NaN             NaN             NaN
  7.0000000e+002             NaN             NaN             NaN             NaN             NaN             NaN             NaN             NaN             NaN             NaN             NaN             NaN             NaN             NaN             NaN             NaN             NaN             NaN             NaN             NaN             NaN             NaN             NaN             NaN             NaN             NaN             NaN             NaN             NaN             NaN             NaN             NaN             NaN             NaN             NaN             NaN
  5.0000000e+002             NaN  7.3800000e-009  6.7400000e-009  6.9500000e-009  5.8900000e-009  5.9150000e-009             NaN  5.4500000e-009  8.9100000e-009  8.4500000e-009  1.0025000e-008             NaN             NaN             NaN             NaN             NaN             NaN             NaN             NaN             NaN             NaN             NaN             NaN             NaN             NaN             NaN  1.4800000e-008  1.2800000e-008  1.6100000e-008  1.1000000e-008  1.1050000e-008  1.0500000e-008  9.0500000e-009  1.0300000e-008  1.1900000e-008             NaN
  4.0000000e+002  3.8950000e-009  4.5150000e-009  4.1300000e-009  4.0100000e-009  3.8600000e-009  3.5050000e-009  4.3700000e-009  3.1550000e-009  5.6000000e-009  4.0200000e-009  6.8350000e-009  4.2950000e-009             NaN             NaN             NaN             NaN             NaN             NaN             NaN             NaN             NaN             NaN             NaN             NaN             NaN             NaN  1.0200000e-008  8.7300000e-009  8.7400000e-009  6.2200000e-009  6.6000000e-009  6.8000000e-009  7.2800000e-009  6.1800000e-009  7.6200000e-009             NaN
  3.0000000e+002  2.3200000e-009  2.6300000e-009  1.9300000e-009  1.8600000e-009  1.6050000e-009  1.9050000e-009  2.6300000e-009  2.4800000e-009  3.7050000e-009  2.9600000e-009  4.3550000e-009             NaN             NaN             NaN             NaN             NaN             NaN             NaN             NaN             NaN             NaN             NaN             NaN             NaN             NaN             NaN  4.5500000e-009  3.8700000e-009  4.3900000e-009  3.0400000e-009  3.3800000e-009  3.3150000e-009  2.9350000e-009  3.0600000e-009  4.1100000e-009             NaN
  2.5000000e+002  1.8600000e-009  1.3000000e-009  1.2700000e-009  1.1750000e-009  1.5100000e-009  1.2950000e-009  1.3300000e-009  1.5800000e-009  2.0300000e-009  1.9600000e-009  1.9200000e-009             NaN             NaN             NaN             NaN             NaN             NaN             NaN             NaN             NaN             NaN             NaN             NaN             NaN             NaN             NaN  2.9900000e-009  2.1600000e-009  2.7800000e-009  2.1400000e-009  1.8200000e-009  1.6100000e-009  1.5700000e-009  1.7000000e-009  2.1100000e-009             NaN
  2.0000000e+002  1.6000000e-009  1.1900000e-009  1.0850000e-009  1.0600000e-009  1.0400000e-009  1.2550000e-009  1.2800000e-009  1.3800000e-009  1.4300000e-009  1.8850000e-009  1.7500000e-009             NaN             NaN             NaN             NaN             NaN             NaN             NaN             NaN             NaN             NaN             NaN             NaN             NaN             NaN             NaN  1.9200000e-009  1.6100000e-009  1.5800000e-009  1.4200000e-009  1.3500000e-009  1.3200000e-009  1.3000000e-009  1.3500000e-009  1.7150000e-009             NaN
  1.7000000e+002  1.4600000e-009  1.1700000e-009  1.0700000e-009  1.0700000e-009  1.0300000e-009  1.0200000e-009  1.1600000e-009  1.2150000e-009  1.4500000e-009  1.3700000e-009  1.5700000e-009             NaN             NaN             NaN             NaN             NaN             NaN             NaN             NaN             NaN             NaN             NaN             NaN             NaN             NaN  4.3200000e-009  1.8800000e-009  1.3450000e-009  1.4100000e-009  1.3600000e-009  1.2300000e-009  1.3000000e-009  1.2700000e-009  1.3100000e-009  1.5250000e-009             NaN
  1.5000000e+002  1.5700000e-009  1.1900000e-009  1.0700000e-009  8.7700000e-010  8.5050000e-010  9.8400000e-010  9.2400000e-010  9.0900000e-010  1.2400000e-009  1.1900000e-009  1.4600000e-009             NaN             NaN             NaN             NaN             NaN             NaN             NaN             NaN             NaN             NaN             NaN             NaN             NaN             NaN  1.4700000e-009  1.5500000e-009  1.3600000e-009  1.1000000e-009  1.0950000e-009  9.8450000e-010  9.8350000e-010  1.0300000e-009  1.1500000e-009  1.5300000e-009             NaN
  1.3000000e+002  1.0500000e-009  8.9300000e-010  7.9050000e-010  7.6900000e-010  7.9450000e-010  8.4700000e-010  8.4600000e-010  1.0040000e-009  9.9500000e-010  1.3000000e-009  1.2300000e-009             NaN             NaN             NaN             NaN             NaN             NaN             NaN             NaN             NaN             NaN             NaN             NaN             NaN             NaN             NaN  1.2900000e-009  1.1100000e-009  1.0850000e-009  9.8550000e-010  9.3100000e-010  9.4750000e-010  9.2300000e-010  1.0900000e-009  1.2400000e-009             NaN
  1.1500000e+002  1.0500000e-009  9.0200000e-010  7.7600000e-010  7.7300000e-010  7.8000000e-010  7.7500000e-010  8.0000000e-010  2.2450000e-010  2.3800000e-010  2.4650000e-010  2.6900000e-010             NaN             NaN             NaN             NaN             NaN             NaN             NaN             NaN             NaN             NaN             NaN             NaN             NaN             NaN  3.3500000e-010  2.7500000e-010  2.7850000e-010  2.4750000e-010  8.7600000e-010  9.3300000e-010  9.3400000e-010  9.5100000e-010  1.0300000e-009  1.2700000e-009             NaN
  1.0000000e+002  2.0800000e-010  1.8050000e-010  1.7000000e-010  1.6600000e-010  1.6350000e-010  1.7700000e-010  1.7300000e-010  1.7850000e-010  1.9750000e-010  2.1800000e-010  2.4650000e-010             NaN             NaN             NaN             NaN             NaN             NaN             NaN             NaN             NaN             NaN             NaN             NaN             NaN             NaN             NaN  2.1650000e-010  2.1250000e-010  2.0700000e-010  1.7600000e-010  1.7100000e-010  1.6800000e-010  1.6400000e-010  1.7950000e-010  2.0650000e-010             NaN
  9.0000000e+001  2.0200000e-010  1.7800000e-010  1.7300000e-010  1.7050000e-010  1.6600000e-010  1.7000000e-010  1.7400000e-010  1.8000000e-010  1.7400000e-010  1.9150000e-010  1.9650000e-010             NaN             NaN             NaN             NaN             NaN             NaN             NaN             NaN             NaN             NaN             NaN             NaN             NaN             NaN             NaN  1.8000000e-010  1.8900000e-010  1.8700000e-010  1.7600000e-010  1.7100000e-010  1.6900000e-010  1.6800000e-010  1.8100000e-010  1.9850000e-010             NaN
  8.0000000e+001  2.1150000e-010  1.9100000e-010  1.7500000e-010  1.7150000e-010  1.7250000e-010  1.7300000e-010  1.7900000e-010  1.7750000e-010  1.7650000e-010  1.7050000e-010  1.7800000e-010             NaN             NaN             NaN             NaN             NaN             NaN             NaN             NaN             NaN             NaN             NaN             NaN             NaN             NaN             NaN  1.7800000e-010  1.6700000e-010  1.6500000e-010  1.7450000e-010  1.7250000e-010  1.7400000e-010  1.7500000e-010  1.7800000e-010  2.0700000e-010             NaN
  7.0000000e+001  2.0900000e-010  1.8900000e-010  1.7900000e-010  1.7250000e-010  1.6800000e-010  1.7800000e-010  1.7600000e-010  1.7700000e-010  1.8900000e-010  1.8550000e-010  1.8700000e-010             NaN             NaN             NaN             NaN             NaN             NaN             NaN             NaN             NaN             NaN             NaN             NaN             NaN             NaN             NaN  1.8600000e-010  1.8050000e-010  1.7200000e-010  1.6600000e-010  1.7050000e-010  1.6250000e-010  1.6200000e-010  1.7300000e-010  1.9400000e-010             NaN
  5.0000000e+001  2.6300000e-010  2.2500000e-010  2.2600000e-010  2.1900000e-010  2.1300000e-010  1.9800000e-010  2.2000000e-010  2.1300000e-010  2.2900000e-010  2.1800000e-010  2.2700000e-010  2.3600000e-010             NaN             NaN             NaN             NaN             NaN             NaN             NaN             NaN             NaN             NaN             NaN             NaN             NaN  2.3000000e-010  2.2800000e-010  2.1500000e-010  2.0500000e-010  2.0100000e-010  1.9350000e-010  1.9750000e-010  2.0600000e-010  2.1800000e-010  2.4450000e-010             NaN
  3.0000000e+001  2.9200000e-010  2.6000000e-010  2.7100000e-010  2.5700000e-010  2.6300000e-010  2.5550000e-010  2.5300000e-010  2.5550000e-010  2.6500000e-010  2.6800000e-010  2.8350000e-010  2.9800000e-010             NaN             NaN             NaN             NaN             NaN             NaN             NaN             NaN             NaN             NaN             NaN             NaN             NaN  2.7500000e-010  2.7750000e-010  2.6100000e-010  2.6300000e-010  2.5000000e-010  2.5100000e-010  2.5700000e-010  2.8150000e-010  2.9550000e-010  3.5300000e-010             NaN
  2.0000000e+001  3.0000000e-010  2.3000000e-010  2.2750000e-010  2.1750000e-010  2.2100000e-010  2.2450000e-010  2.2300000e-010  2.2900000e-010  2.4600000e-010  2.2550000e-010  2.6050000e-010             NaN             NaN             NaN             NaN             NaN             NaN             NaN             NaN             NaN             NaN             NaN             NaN             NaN             NaN  2.5900000e-010  2.4100000e-010  2.4600000e-010  2.5600000e-010  2.3700000e-010  2.5900000e-010  2.5400000e-010  2.7300000e-010  3.6200000e-010  4.6650000e-010             NaN
  1.5000000e+001  2.5000000e-010  2.2700000e-010  2.0500000e-010  2.0600000e-010  2.0800000e-010  2.1800000e-010  2.2900000e-010  2.4500000e-010  2.3900000e-010  2.6100000e-010  2.8200000e-010             NaN             NaN             NaN             NaN             NaN             NaN             NaN             NaN             NaN             NaN             NaN             NaN             NaN             NaN             NaN  2.7050000e-010  2.6200000e-010  2.5300000e-010  2.5700000e-010  2.5800000e-010  2.8200000e-010  3.0200000e-010  4.2400000e-010  5.2200000e-010             NaN
  1.0000000e+001  2.7250000e-010  2.3550000e-010  2.1900000e-010  2.1900000e-010  2.2300000e-010  2.4800000e-010  2.4300000e-010  2.6500000e-010  2.8000000e-010  3.1350000e-010  3.4200000e-010             NaN             NaN             NaN             NaN             NaN             NaN             NaN             NaN             NaN             NaN             NaN             NaN             NaN             NaN  3.4950000e-010  3.5900000e-010  3.2700000e-010  3.4450000e-010  3.4900000e-010  3.6950000e-010  3.7250000e-010  4.4900000e-010  5.4500000e-010  6.3000000e-010             NaN
  7.0000000e+000  3.4800000e-010  3.0600000e-010  3.0100000e-010  3.0450000e-010  2.9900000e-010  2.9600000e-010  3.3250000e-010  3.6750000e-010  3.9850000e-010  4.1300000e-010  4.7500000e-010             NaN             NaN             NaN             NaN             NaN             NaN             NaN             NaN             NaN             NaN             NaN             NaN             NaN             NaN             NaN  5.2950000e-010  5.0600000e-010  5.1200000e-010  5.3600000e-010  5.2700000e-010  6.0600000e-010  5.9300000e-010  7.6700000e-010  8.2100000e-010             NaN
  5.0000000e+000  5.5350000e-010  4.0500000e-010  3.3950000e-010  3.2300000e-010  3.1500000e-010  3.6500000e-010  3.5900000e-010  4.1800000e-010  4.9200000e-010  5.2300000e-010  6.2000000e-010  7.0900000e-010             NaN             NaN             NaN             NaN             NaN             NaN             NaN             NaN             NaN             NaN             NaN             NaN             NaN  7.6450000e-010  7.1650000e-010  6.8300000e-010  9.1700000e-010  8.1900000e-010  8.7700000e-010  9.8050000e-010  1.2800000e-009  1.3000000e-009  1.2150000e-009             NaN
  3.0000000e+000  9.8300000e-010  6.5100000e-010  5.3800000e-010  4.7800000e-010  4.6900000e-010  4.3600000e-010  4.8450000e-010  5.6900000e-010  6.3100000e-010  7.3000000e-010  8.4650000e-010             NaN             NaN             NaN             NaN             NaN             NaN             NaN             NaN             NaN             NaN             NaN             NaN             NaN             NaN  1.3050000e-009  1.2200000e-009  1.1550000e-009  1.3100000e-009  1.6450000e-009  1.5500000e-009  1.7200000e-009  1.7400000e-009  2.2800000e-009  2.0400000e-009             NaN
  2.0000000e+000  1.3500000e-009  9.4200000e-010  6.0600000e-010  6.0100000e-010  5.6300000e-010  5.9500000e-010  6.1650000e-010  7.1400000e-010  7.7600000e-010  8.8450000e-010  1.0200000e-009             NaN             NaN             NaN             NaN             NaN             NaN             NaN             NaN             NaN             NaN             NaN             NaN             NaN             NaN  1.6650000e-009  1.9400000e-009  1.9600000e-009  2.3100000e-009  2.4400000e-009  2.4650000e-009  2.9400000e-009  3.0200000e-009  3.6050000e-009  3.3800000e-009             NaN
  1.5000000e+000  2.2900000e-009  1.5000000e-009  1.0000000e-009  8.2300000e-010  8.2300000e-010  7.3000000e-010  7.7400000e-010  8.8100000e-010  9.9500000e-010  1.0700000e-009  1.2300000e-009             NaN             NaN             NaN             NaN             NaN             NaN             NaN             NaN             NaN             NaN             NaN             NaN             NaN             NaN             NaN  2.2800000e-009  2.6700000e-009  3.2600000e-009  3.8100000e-009  4.0500000e-009  4.5850000e-009  5.3700000e-009  6.1300000e-009  6.1700000e-009             NaN
  1.0000000e+000  3.1650000e-009  2.1000000e-009  1.3200000e-009  1.1900000e-009  1.1200000e-009  1.1600000e-009  1.0900000e-009  1.2600000e-009  1.3150000e-009  1.4700000e-009  1.5300000e-009             NaN             NaN             NaN             NaN             NaN             NaN             NaN             NaN             NaN             NaN             NaN             NaN             NaN             NaN  2.8500000e-009  3.5050000e-009  3.6200000e-009  5.5600000e-009  5.7950000e-009  6.9650000e-009  8.0700000e-009  8.7600000e-009  1.0300000e-008  7.7750000e-009             NaN
  7.0000000e-001  5.3200000e-009  2.9300000e-009  1.8900000e-009  1.5300000e-009  1.5700000e-009  1.3900000e-009  1.4100000e-009  1.5700000e-009  1.6400000e-009  1.8300000e-009  2.1200000e-009             NaN             NaN             NaN             NaN             NaN             NaN             NaN             NaN             NaN             NaN             NaN             NaN             NaN             NaN             NaN  4.5400000e-009  6.0000000e-009  7.3200000e-009  9.4400000e-009  9.4600000e-009  1.3600000e-008  1.5400000e-008  1.8000000e-008  1.2700000e-008             NaN
  5.0000000e-001  7.7100000e-009  4.5700000e-009  2.8500000e-009  2.4350000e-009  2.1300000e-009  2.1500000e-009  2.1400000e-009  2.3200000e-009  2.3300000e-009  2.6600000e-009  2.9100000e-009  3.2050000e-009             NaN             NaN             NaN             NaN             NaN             NaN             NaN             NaN             NaN             NaN             NaN             NaN             NaN             NaN  7.9800000e-009  7.1850000e-009  1.2200000e-008  1.2900000e-008  1.7200000e-008  1.9150000e-008  1.9400000e-008  2.6600000e-008  2.0800000e-008             NaN
  3.0000000e-001  1.1000000e-008  6.6700000e-009  4.0150000e-009  3.2450000e-009  3.3000000e-009  2.7800000e-009  2.8700000e-009  2.9000000e-009  3.6600000e-009  3.9050000e-009  4.0650000e-009             NaN             NaN             NaN             NaN             NaN             NaN             NaN             NaN             NaN             NaN             NaN             NaN             NaN             NaN  7.7700000e-009  1.4200000e-008  1.3100000e-008  2.2750000e-008  2.2400000e-008  2.1250000e-008  3.3300000e-008  3.9950000e-008  4.3050000e-008  3.1500000e-008             NaN
  2.0000000e-001  1.7900000e-008  1.1300000e-008  6.2300000e-009  5.1800000e-009  4.7100000e-009  4.4150000e-009  4.8900000e-009  5.1100000e-009  4.9400000e-009  5.5400000e-009  6.3250000e-009             NaN             NaN             NaN             NaN             NaN             NaN             NaN             NaN             NaN             NaN             NaN             NaN             NaN             NaN             NaN  3.0300000e-008  2.8900000e-008  2.6500000e-008  3.4550000e-008  4.1600000e-008  4.5600000e-008  5.4650000e-008  5.9400000e-008  4.6700000e-008             NaN
  1.5000000e-001  2.7350000e-008  1.3600000e-008  8.4900000e-009  7.3250000e-009  7.0250000e-009  6.0500000e-009  6.4450000e-009  6.6650000e-009  7.8350000e-009  8.8400000e-009  8.8800000e-009             NaN             NaN             NaN             NaN             NaN             NaN             NaN             NaN             NaN             NaN             NaN             NaN             NaN             NaN  2.0450000e-008  2.9100000e-008  3.1200000e-008  4.5650000e-008  4.6800000e-008  4.1100000e-008  6.0150000e-008  6.5450000e-008  7.3000000e-008  6.7550000e-008             NaN
  1.0000000e-001  3.7400000e-008  2.3400000e-008  1.4450000e-008  1.1400000e-008  9.8500000e-009  9.9800000e-009  9.8600000e-009  1.0145000e-008  1.1200000e-008  1.2400000e-008  1.4600000e-008             NaN             NaN             NaN             NaN             NaN             NaN             NaN             NaN             NaN             NaN             NaN             NaN             NaN             NaN  3.5100000e-008  6.1300000e-008  5.5300000e-008  5.3800000e-008  5.9400000e-008  7.6750000e-008  7.3400000e-008  8.1700000e-008  9.2250000e-008  9.2500000e-008             NaN
