             NaN -8.7500000e+001 -8.2500000e+001 -7.7500000e+001 -7.2500000e+001 -6.7500000e+001 -6.2500000e+001 -5.7500000e+001 -5.2500000e+001 -4.7500000e+001 -4.2500000e+001 -3.7500000e+001 -3.2500000e+001 -2.7500000e+001 -2.2500000e+001 -1.7500000e+001 -1.2500000e+001 -7.5000000e+000 -2.5000000e+000  2.5000000e+000  7.5000000e+000  1.2500000e+001  1.7500000e+001  2.2500000e+001  2.7500000e+001  3.2500000e+001  3.7500000e+001  4.2500000e+001  4.7500000e+001  5.2500000e+001  5.7500000e+001  6.2500000e+001  6.7500000e+001  7.2500000e+001  7.7500000e+001  8.2500000e+001  8.7500000e+001
  1.0000000e+003             NaN             NaN             NaN             NaN             NaN             NaN             NaN             NaN             NaN             NaN             NaN             NaN             NaN             NaN             NaN             NaN             NaN             NaN             NaN             NaN             NaN             NaN             NaN             NaN             NaN             NaN             NaN             NaN             NaN             NaN             NaN             NaN             NaN             NaN             NaN             NaN
  8.5000000e+002             NaN             NaN             NaN             NaN             NaN             NaN             NaN             NaN             NaN             NaN             NaN             NaN             NaN             NaN             NaN             NaN             NaN             NaN             NaN             NaN             NaN             NaN             NaN             NaN             NaN             NaN             NaN             NaN             NaN             NaN             NaN             NaN             NaN             NaN             NaN             NaN
  7.0000000e+002             NaN             NaN             NaN             NaN             NaN             NaN             NaN             NaN             NaN             NaN             NaN             NaN             NaN             NaN             NaN             NaN             NaN             NaN             NaN             NaN             NaN             NaN             NaN             NaN             NaN             NaN             NaN             NaN             NaN             NaN             NaN             NaN             NaN             NaN             NaN             NaN
  5.0000000e+002             NaN             NaN             NaN             NaN             NaN             NaN             NaN             NaN             NaN             NaN             NaN             NaN             NaN             NaN             NaN             NaN             NaN             NaN             NaN             NaN             NaN             NaN             NaN             NaN             NaN             NaN             NaN             NaN             NaN             NaN             NaN             NaN             NaN             NaN             NaN             NaN
  4.0000000e+002             NaN             NaN             NaN             NaN             NaN             NaN             NaN             NaN             NaN             NaN             NaN             NaN             NaN             NaN             NaN             NaN             NaN             NaN             NaN             NaN             NaN             NaN             NaN             NaN             NaN             NaN             NaN             NaN             NaN             NaN             NaN             NaN             NaN             NaN             NaN             NaN
  3.0000000e+002             NaN  1.4546918e-005  1.4531551e-005  1.3921857e-005  1.1900000e-005  1.2308000e-005  1.4000000e-005             NaN             NaN             NaN             NaN             NaN             NaN             NaN             NaN             NaN             NaN             NaN             NaN             NaN             NaN             NaN             NaN             NaN             NaN             NaN             NaN             NaN             NaN             NaN             NaN             NaN             NaN             NaN             NaN             NaN
  2.5000000e+002             NaN  7.6103253e-006  9.7850139e-006  1.0155633e-005  9.4575589e-006  1.0166924e-005  9.8650674e-006  1.3137523e-005  8.7061379e-006             NaN             NaN  8.5900000e-006             NaN             NaN             NaN             NaN             NaN             NaN             NaN             NaN             NaN             NaN             NaN             NaN             NaN             NaN  6.6065663e-006  8.2211963e-006  7.5514419e-006  8.4070522e-006  8.1678603e-006  7.3542211e-006  8.1279974e-006  7.4751817e-006  7.9257941e-006             NaN
  2.0000000e+002             NaN  5.4518730e-006  5.6700005e-006  6.0935236e-006  5.8713636e-006  6.0998198e-006  6.7230305e-006  7.1107418e-006  8.3395004e-006  6.8178412e-006  1.1722444e-005  1.0009128e-005  1.0936954e-005  1.4100000e-005             NaN             NaN             NaN             NaN             NaN             NaN             NaN             NaN             NaN             NaN             NaN  6.3262973e-006  5.4003030e-006  6.0813695e-006  5.6191087e-006  5.7360495e-006  6.3335020e-006  5.9803242e-006  5.9986168e-006  5.7165602e-006             NaN             NaN
  1.7000000e+002             NaN             NaN  5.1211280e-006  4.2352027e-006  4.6089872e-006  4.3688633e-006  4.7473626e-006  4.7920298e-006  5.5308475e-006  6.6450735e-006  6.7745196e-006  7.8793873e-006  6.7772085e-006             NaN  9.9669452e-006             NaN             NaN             NaN             NaN             NaN             NaN             NaN             NaN             NaN             NaN  4.8380759e-006  5.0748072e-006  4.6823414e-006  4.9298518e-006  4.8346886e-006  5.0026914e-006  5.1297381e-006  5.0893259e-006  5.2541941e-006             NaN             NaN
  1.5000000e+002             NaN  3.5768778e-006  3.5717274e-006  3.8111679e-006  3.8351599e-006  3.9743361e-006  4.0158540e-006  4.2283486e-006  4.0712210e-006  4.1751396e-006  6.3622923e-006  5.6875895e-006  7.6351393e-006  8.7548264e-006  7.2499069e-006             NaN             NaN             NaN             NaN             NaN             NaN             NaN             NaN             NaN             NaN  4.0231277e-006  4.3533944e-006  4.4350314e-006  4.4224374e-006  4.4233336e-006  4.5281287e-006  4.5246771e-006  4.4985488e-006  4.5136878e-006  4.6216609e-006             NaN
  1.3000000e+002             NaN  3.3999532e-006  3.4641030e-006  3.5903975e-006  3.6928293e-006  3.7967221e-006  3.9332359e-006  3.8590236e-006  3.9116069e-006  4.0344718e-006  4.0579589e-006  4.4278370e-006  4.3437021e-006  4.4137036e-006  3.8039595e-006             NaN             NaN             NaN             NaN             NaN             NaN             NaN             NaN  4.0403149e-006  3.9233658e-006  3.8962871e-006  4.1514400e-006  4.2553967e-006  4.2778850e-006  4.3340965e-006  4.3955230e-006  4.4130124e-006  4.3781099e-006  4.4524373e-006  4.4413655e-006             NaN
  1.1500000e+002             NaN  3.3948362e-006  3.6402494e-006  3.6183245e-006  3.8021651e-006  3.9328679e-006  3.8974153e-006  3.9909108e-006  4.0249833e-006  4.0337938e-006  4.0260303e-006  4.0003950e-006  3.8521264e-006  3.4912648e-006  3.7455963e-006  4.2154472e-006             NaN             NaN             NaN             NaN             NaN             NaN             NaN  4.1649494e-006  4.1723864e-006  4.2820748e-006  4.2543402e-006  4.3200432e-006  4.3418308e-006  4.3610134e-006  4.3627203e-006  4.4018591e-006  4.3996544e-006  4.4546610e-006  4.5019984e-006             NaN
  1.0000000e+002             NaN  3.6978004e-006  3.5324675e-006  3.6745137e-006  3.9417863e-006  3.9335784e-006  3.9713753e-006  4.0780339e-006  4.0009542e-006  4.0906412e-006  4.0382557e-006  3.9896392e-006  3.7662154e-006  3.6528141e-006             NaN             NaN             NaN             NaN             NaN             NaN             NaN             NaN             NaN  4.3422344e-006  4.3155222e-006  4.2807044e-006  4.3169124e-006  4.3914035e-006  4.4339049e-006  4.3168776e-006  4.4154000e-006  4.4800563e-006  4.5139282e-006  4.5221703e-006  4.5203359e-006             NaN
  9.0000000e+001             NaN  3.4064208e-006  4.0492081e-006  3.9814192e-006  4.1032375e-006  4.0210266e-006  3.9901815e-006  4.0885012e-006  4.0344805e-006  4.0551467e-006  4.0613550e-006  4.0522898e-006             NaN             NaN             NaN             NaN             NaN             NaN             NaN             NaN             NaN             NaN             NaN  4.3803372e-006  4.1990172e-006  4.3325962e-006  4.2574291e-006  4.3337448e-006  4.3774863e-006  4.3632437e-006  4.4266137e-006  4.4639474e-006  4.5387648e-006  4.5234180e-006  4.5214006e-006             NaN
  8.0000000e+001             NaN  4.3671914e-006  4.0825394e-006  4.1323395e-006  4.0609030e-006  4.0438515e-006  3.9866246e-006  4.1155567e-006  4.0121860e-006  4.0639138e-006  4.1116367e-006  3.9550952e-006  3.7983060e-006  3.5387424e-006             NaN             NaN             NaN             NaN             NaN             NaN             NaN             NaN  4.1712038e-006  4.3096952e-006  4.2544752e-006  4.2319519e-006  4.3069782e-006  4.3408881e-006  4.3084673e-006  4.4279236e-006  4.4680212e-006  4.6216249e-006  4.6451404e-006  4.7332027e-006  4.7478885e-006             NaN
  7.0000000e+001             NaN  4.4080869e-006  4.4170441e-006  4.4201646e-006  4.3157624e-006  4.2494124e-006  4.2826969e-006  4.2547166e-006  4.2770658e-006  4.1460636e-006  4.1402098e-006  4.0334132e-006  3.9263156e-006             NaN             NaN             NaN             NaN             NaN             NaN             NaN             NaN             NaN             NaN  4.2399618e-006  4.3137735e-006  4.2705294e-006  4.2815908e-006  4.3046093e-006  4.2939802e-006  4.4051725e-006  4.5703699e-006  4.6535810e-006  4.7807123e-006  4.8145106e-006  4.7726347e-006  4.7933744e-006
  5.0000000e+001             NaN  5.1781890e-006  4.9506907e-006  4.8591386e-006  4.8327462e-006  4.8549135e-006  4.8479636e-006  4.7524790e-006  4.7274102e-006  4.7167935e-006  4.5823675e-006  4.3072647e-006  4.2263476e-006             NaN             NaN             NaN             NaN             NaN             NaN             NaN             NaN             NaN  4.4142656e-006  4.2758498e-006  4.5566399e-006  4.4673836e-006  4.5560302e-006  4.5385271e-006  4.5636674e-006  4.6382019e-006  4.8038223e-006  5.0270284e-006  5.2031018e-006  5.1797333e-006  5.3303175e-006             NaN
  3.0000000e+001             NaN  5.0495336e-006  4.9923972e-006  4.9880717e-006  4.9508409e-006  4.9584546e-006  4.9541706e-006  4.9472977e-006  4.9177039e-006  4.9225827e-006  4.8414984e-006  4.7795976e-006  4.6110772e-006             NaN             NaN             NaN             NaN             NaN             NaN             NaN             NaN             NaN             NaN  4.4678895e-006  4.6790778e-006  4.7213158e-006  4.7238415e-006  4.7563426e-006  4.7852549e-006  4.8945193e-006  5.1152291e-006  5.5318227e-006  5.7741925e-006  5.9839479e-006  5.9364712e-006             NaN
  2.0000000e+001             NaN  5.0878954e-006  4.8412289e-006  4.9567372e-006  4.9436144e-006  4.9014881e-006  4.9227875e-006  4.9433288e-006  4.9284805e-006  4.9787016e-006  4.8342401e-006  4.9252318e-006  4.7448602e-006             NaN             NaN             NaN             NaN             NaN             NaN             NaN             NaN             NaN  4.6086078e-006  4.6812086e-006  4.7308562e-006  4.7701374e-006  4.8879382e-006  4.8931698e-006  5.0132308e-006  5.1727482e-006  5.5348895e-006  6.0603391e-006  6.5000404e-006  6.5967429e-006  6.7157261e-006             NaN
  1.5000000e+001             NaN             NaN  4.9573251e-006  5.0265475e-006  5.0708634e-006  5.0300454e-006  5.0447351e-006  5.0264954e-006  5.0121785e-006  5.0179181e-006  4.9736734e-006  4.9545717e-006  4.9368630e-006             NaN             NaN             NaN             NaN             NaN             NaN             NaN             NaN             NaN  4.7366549e-006  4.9727373e-006  4.9590775e-006  5.0088049e-006  5.1569835e-006  5.1463325e-006  5.2665366e-006  5.3902687e-006  5.8010609e-006  6.2728843e-006  6.6178894e-006  6.7554372e-006  6.7104564e-006             NaN
  1.0000000e+001             NaN             NaN  5.1932625e-006  5.2303934e-006  5.2053916e-006  5.2216043e-006  5.2245953e-006  5.1598149e-006  5.1348427e-006  5.0498652e-006  5.0199138e-006  5.0587781e-006  4.9797599e-006             NaN             NaN             NaN             NaN             NaN             NaN             NaN             NaN  5.0244684e-006  5.2171549e-006  5.2278922e-006  5.3462171e-006  5.2173734e-006  5.4348517e-006  5.3147998e-006  5.4226863e-006  5.6455493e-006  6.0758657e-006  6.3760240e-006  6.5460046e-006  6.6697825e-006  6.4701910e-006  6.4907580e-006
  7.0000000e+000             NaN             NaN  5.4418161e-006  5.5406949e-006  5.5086342e-006  5.5075840e-006  5.5223279e-006  5.5225116e-006  5.3615833e-006  5.3505857e-006  5.2596744e-006  5.0409595e-006             NaN             NaN             NaN             NaN             NaN             NaN             NaN             NaN             NaN  5.1857801e-006  5.5719822e-006  5.7845928e-006  5.7234151e-006  5.5293557e-006  5.6755556e-006  5.8372003e-006  5.8156728e-006  5.9389537e-006  6.1233447e-006  6.2639115e-006  6.3323584e-006  6.3215229e-006  6.2607124e-006             NaN
  5.0000000e+000             NaN             NaN  5.9563902e-006  5.9106930e-006  5.9096910e-006  5.9584462e-006  5.9758565e-006  5.8401362e-006  5.7889805e-006  5.5891479e-006  5.4243030e-006  5.3286323e-006  5.1716754e-006             NaN             NaN             NaN             NaN             NaN             NaN             NaN             NaN  5.8080427e-006  5.7362743e-006  5.8178752e-006  5.8252203e-006  5.9330826e-006  6.0129993e-006  6.0211540e-006  6.0399064e-006  6.1172341e-006  6.1622187e-006  6.2726656e-006  6.2291566e-006  6.1734618e-006  6.0914734e-006             NaN
  3.0000000e+000             NaN             NaN             NaN  6.4891120e-006  6.5775521e-006  6.5161368e-006  6.5190513e-006  6.4899485e-006  6.3642685e-006  6.1569329e-006  6.0404503e-006  5.8097780e-006  5.6429804e-006             NaN             NaN             NaN             NaN             NaN             NaN             NaN             NaN  6.3761609e-006  6.2193227e-006  6.2013857e-006  6.1020884e-006  6.2692438e-006  6.2275874e-006  6.1575880e-006  6.2335020e-006  6.1916927e-006  6.2098327e-006  6.1707737e-006  6.0747554e-006  6.1179676e-006  6.1082749e-006             NaN
  2.0000000e+000             NaN             NaN             NaN  6.8008894e-006  6.7960336e-006  6.8246479e-006  6.8029841e-006  6.7569223e-006  6.6405774e-006  6.5145824e-006  6.4025743e-006  6.2075102e-006  5.9289570e-006  5.8465683e-006             NaN             NaN             NaN             NaN             NaN             NaN             NaN             NaN  6.3774398e-006  6.2901781e-006  6.5640253e-006  6.3302789e-006  6.3320292e-006  6.4177391e-006  6.4385445e-006  6.3983392e-006  6.3178061e-006  6.2213468e-006  6.0596896e-006  6.1072041e-006  6.0754413e-006             NaN
  1.5000000e+000             NaN             NaN  6.9507794e-006  6.9762826e-006  6.9369787e-006  6.9170401e-006  6.9442222e-006  6.8940216e-006  6.8778574e-006  6.7627626e-006  6.6551816e-006  6.4712522e-006  6.2776898e-006             NaN             NaN             NaN             NaN             NaN             NaN             NaN             NaN  6.4480450e-006  6.5065882e-006  6.5629032e-006  6.5331447e-006  6.4289909e-006  6.4119299e-006  6.4076740e-006  6.4162917e-006  6.3885169e-006  6.2986146e-006  6.3031469e-006  6.2290550e-006  6.0999352e-006  5.8648991e-006             NaN
  1.0000000e+000             NaN  7.3422988e-006  7.2679850e-006  7.2541699e-006  7.2186485e-006  7.2548551e-006  7.1727792e-006  7.1607688e-006  7.1138812e-006  6.9830155e-006  6.8721288e-006  6.6450122e-006  6.5627094e-006  6.3884162e-006             NaN             NaN             NaN             NaN             NaN  6.5062820e-006             NaN  6.6894255e-006  6.6039927e-006  6.6354888e-006  6.6099953e-006  6.5709886e-006  6.5843055e-006  6.5761936e-006  6.5331531e-006  6.4949209e-006  6.4602002e-006  6.2895599e-006  6.2192663e-006  6.1082799e-006  6.0862190e-006             NaN
  7.0000000e-001             NaN  7.4550098e-006  7.4458997e-006  7.4254319e-006  7.4599467e-006  7.4386211e-006  7.4459761e-006  7.4448486e-006  7.3922959e-006  7.3133689e-006  7.1863572e-006  7.0419646e-006  6.8503849e-006  6.8839763e-006             NaN             NaN             NaN             NaN             NaN             NaN             NaN  6.7285338e-006  6.8726958e-006  6.7877673e-006  6.7589177e-006  6.7313673e-006  6.6428410e-006  6.6572140e-006  6.5901483e-006  6.5447558e-006  6.5116016e-006  6.4333854e-006  6.2207413e-006  6.2907958e-006  6.2994787e-006             NaN
  5.0000000e-001             NaN  7.6465626e-006  7.7505801e-006  7.7369036e-006  7.7209940e-006  7.7338756e-006  7.7338965e-006  7.7143041e-006  7.7212958e-006  7.6206272e-006  7.3832696e-006  7.2528544e-006  7.0028919e-006             NaN             NaN             NaN             NaN             NaN             NaN             NaN             NaN  7.0492240e-006  7.0617696e-006  7.0002656e-006  7.1493840e-006  7.1055561e-006  6.9260275e-006  6.7222829e-006  6.7332393e-006  6.5868538e-006  6.6455113e-006  6.4299030e-006  6.3927251e-006  6.3712423e-006  6.2939034e-006             NaN
  3.0000000e-001             NaN             NaN  7.6099568e-006  7.5438371e-006  7.5315407e-006  7.5092628e-006  7.5513087e-006  7.4830874e-006  7.5345491e-006  7.5247414e-006  7.4401798e-006  7.3737820e-006  7.3868427e-006  7.1407682e-006             NaN             NaN             NaN             NaN             NaN             NaN             NaN  7.3132036e-006  6.7636832e-006  7.0102732e-006  6.8921448e-006  6.7696421e-006  6.8554938e-006  6.8763520e-006  6.5951295e-006  6.6466259e-006  6.4781256e-006  6.4472911e-006  6.5699110e-006  6.4816170e-006  6.3575231e-006             NaN
  2.0000000e-001             NaN             NaN             NaN  7.3891372e-006  7.3518823e-006  7.3904285e-006  7.3613627e-006  7.3171452e-006  7.2835033e-006  7.3108982e-006  7.3519706e-006  7.3580148e-006  7.3285491e-006  7.2583368e-006  7.2992803e-006  7.4700903e-006             NaN             NaN             NaN             NaN             NaN             NaN  6.9314235e-006  6.7455576e-006  6.3830879e-006  6.4980393e-006  6.5095425e-006  6.3634259e-006  6.1360156e-006  6.3147569e-006  6.2795607e-006  6.2810951e-006  6.2127809e-006  6.2211953e-006  6.1828235e-006             NaN
  1.5000000e-001             NaN             NaN  7.0288108e-006  7.2682927e-006  7.2725646e-006  7.1373896e-006  7.1932207e-006  7.0970521e-006  7.1378437e-006  7.1522352e-006  7.1544038e-006  7.1407293e-006  7.1752970e-006  7.1115749e-006  7.1091943e-006  7.4196495e-006  7.1622184e-006             NaN             NaN             NaN             NaN  6.1570776e-006  6.1515185e-006  5.8295320e-006  6.3203369e-006  6.0597414e-006  5.7950325e-006  5.7514741e-006  5.8358783e-006  5.5644758e-006  5.7739497e-006  5.6222501e-006  5.5823297e-006  5.8855996e-006             NaN             NaN
  1.0000000e-001             NaN             NaN             NaN             NaN             NaN  7.0749310e-006  7.0562086e-006  7.1772683e-006  7.1127141e-006  7.0658777e-006  7.1110900e-006  7.1011404e-006  7.0812946e-006  7.1562090e-006  7.1408343e-006  7.1549802e-006  7.1340467e-006             NaN             NaN             NaN             NaN  5.3931823e-006  5.4109477e-006  5.3672861e-006  5.4641593e-006  5.2607515e-006  5.1818053e-006  5.4545849e-006  5.1766940e-006  5.1846358e-006  5.2607838e-006  5.3320027e-006  5.2992546e-006  5.2712128e-006  4.9792098e-006             NaN
             NaN -8.7500000e+001 -8.2500000e+001 -7.7500000e+001 -7.2500000e+001 -6.7500000e+001 -6.2500000e+001 -5.7500000e+001 -5.2500000e+001 -4.7500000e+001 -4.2500000e+001 -3.7500000e+001 -3.2500000e+001 -2.7500000e+001 -2.2500000e+001 -1.7500000e+001 -1.2500000e+001 -7.5000000e+000 -2.5000000e+000  2.5000000e+000  7.5000000e+000  1.2500000e+001  1.7500000e+001  2.2500000e+001  2.7500000e+001  3.2500000e+001  3.7500000e+001  4.2500000e+001  4.7500000e+001  5.2500000e+001  5.7500000e+001  6.2500000e+001  6.7500000e+001  7.2500000e+001  7.7500000e+001  8.2500000e+001  8.7500000e+001
  1.0000000e+003             NaN             NaN             NaN             NaN             NaN             NaN             NaN             NaN             NaN             NaN             NaN             NaN             NaN             NaN             NaN             NaN             NaN             NaN             NaN             NaN             NaN             NaN             NaN             NaN             NaN             NaN             NaN             NaN             NaN             NaN             NaN             NaN             NaN             NaN             NaN             NaN
  8.5000000e+002             NaN             NaN             NaN             NaN             NaN             NaN             NaN             NaN             NaN             NaN             NaN             NaN             NaN             NaN             NaN             NaN             NaN             NaN             NaN             NaN             NaN             NaN             NaN             NaN             NaN             NaN             NaN             NaN             NaN             NaN             NaN             NaN             NaN             NaN             NaN             NaN
  7.0000000e+002             NaN             NaN             NaN             NaN             NaN             NaN             NaN             NaN             NaN             NaN             NaN             NaN             NaN             NaN             NaN             NaN             NaN             NaN             NaN             NaN             NaN             NaN             NaN             NaN             NaN             NaN             NaN             NaN             NaN             NaN             NaN             NaN             NaN             NaN             NaN             NaN
  5.0000000e+002             NaN             NaN             NaN             NaN             NaN             NaN             NaN             NaN             NaN             NaN             NaN             NaN             NaN             NaN             NaN             NaN             NaN             NaN             NaN             NaN             NaN             NaN             NaN             NaN             NaN             NaN             NaN             NaN             NaN             NaN             NaN             NaN             NaN             NaN             NaN             NaN
  4.0000000e+002             NaN             NaN             NaN             NaN             NaN             NaN             NaN             NaN             NaN             NaN             NaN             NaN             NaN             NaN             NaN             NaN             NaN             NaN             NaN             NaN             NaN             NaN             NaN             NaN             NaN             NaN             NaN             NaN             NaN             NaN             NaN             NaN             NaN             NaN             NaN             NaN
  3.0000000e+002             NaN  2.9526658e-007  2.8714622e-007  8.5710481e-007  0.0000000e+000  9.9679486e-008  0.0000000e+000             NaN             NaN             NaN             NaN             NaN             NaN             NaN             NaN             NaN             NaN             NaN             NaN             NaN             NaN             NaN             NaN             NaN             NaN             NaN             NaN             NaN             NaN             NaN             NaN             NaN             NaN             NaN             NaN             NaN
  2.5000000e+002             NaN  2.6808565e-006  2.2255558e-006  2.3640958e-006  2.0576962e-006  2.7851627e-006  2.6027053e-006  9.4586915e-007  1.9883196e-006             NaN             NaN  0.0000000e+000             NaN             NaN             NaN             NaN             NaN             NaN             NaN             NaN             NaN             NaN             NaN             NaN             NaN             NaN  1.3460349e-006  1.2800615e-006  2.1011642e-006  2.2266793e-006  1.8332653e-006  1.5598939e-006  2.1862257e-006  1.3471821e-006  1.0954841e-006             NaN
  2.0000000e+002             NaN  1.1806423e-006  9.9447228e-007  1.3586636e-006  1.3333403e-006  1.6698297e-006  2.0248797e-006  2.7037722e-006  3.4600931e-006  2.0064010e-006  1.9498684e-006  1.4214733e-006  1.7455726e-006  0.0000000e+000             NaN             NaN             NaN             NaN             NaN             NaN             NaN             NaN             NaN             NaN             NaN  2.0392230e-006  1.1679748e-006  1.4601181e-006  9.9756096e-007  1.0252052e-006  1.3560575e-006  9.1015363e-007  9.4580045e-007  7.6480971e-007             NaN             NaN
  1.7000000e+002             NaN             NaN  9.1877349e-007  5.5050039e-007  6.5056473e-007  5.1700612e-007  8.1205106e-007  8.0345481e-007  1.8956239e-006  2.4274045e-006  2.7794748e-006  3.7290237e-006  3.5412904e-006             NaN  2.9345450e-006             NaN             NaN             NaN             NaN             NaN             NaN             NaN             NaN             NaN             NaN  6.9952580e-007  7.7309592e-007  3.7244437e-007  5.2553528e-007  4.4119389e-007  6.0681330e-007  5.1490758e-007  4.2646512e-007  5.2907124e-007             NaN             NaN
  1.5000000e+002             NaN  2.6075190e-007  3.3451570e-007  2.7672625e-007  2.6462683e-007  2.9885914e-007  3.1705987e-007  5.4418187e-007  4.3255520e-007  6.0431630e-007  2.8710416e-006  1.7880128e-006  2.9671080e-006  2.4200110e-006  2.8553147e-006             NaN             NaN             NaN             NaN             NaN             NaN             NaN             NaN             NaN             NaN  4.2242571e-007  4.1323120e-007  3.0407225e-007  2.8501118e-007  2.5746791e-007  2.5692163e-007  1.8276629e-007  1.9981357e-007  2.3666529e-007  1.8130896e-007             NaN
  1.3000000e+002             NaN  4.0485791e-007  1.5599878e-007  1.9756882e-007  2.6974759e-007  1.8884433e-007  2.6832316e-007  2.5643049e-007  3.4907677e-007  4.5201112e-007  4.5848268e-007  9.4985146e-007  9.4192083e-007  1.3091461e-006  3.7938325e-007             NaN             NaN             NaN             NaN             NaN             NaN             NaN             NaN  1.9915848e-007  1.6523290e-007  3.4471903e-007  1.6421838e-007  2.3372080e-007  2.0370885e-007  1.7873171e-007  1.6513742e-007  1.8663247e-007  1.6854028e-007  1.8945784e-007  1.8072376e-007             NaN
  1.1500000e+002             NaN  2.5491241e-007  2.1916988e-007  2.7004347e-007  2.7106658e-007  2.8930992e-007  1.5400096e-007  1.7690652e-007  1.8682729e-007  2.1092132e-007  3.4713658e-007  3.5863753e-007  3.2541543e-007  4.6540834e-007  7.8552297e-007  3.6017036e-007             NaN             NaN             NaN             NaN             NaN             NaN             NaN  2.6396790e-007  2.0456936e-007  2.6221885e-007  1.8843127e-007  1.8942511e-007  1.9034538e-007  1.8981377e-007  2.0832511e-007  2.1640897e-007  1.8185245e-007  1.5548821e-007  1.4223536e-007             NaN
  1.0000000e+002             NaN  4.0991908e-007  2.7794554e-007  2.9315901e-007  1.3884336e-007  1.3900946e-007  1.8877860e-007  1.0873502e-007  1.4855061e-007  1.4033637e-007  1.3036799e-007  2.2433782e-007  2.6069826e-007  3.1399311e-007             NaN             NaN             NaN             NaN             NaN             NaN             NaN             NaN             NaN  1.0971697e-007  1.9524780e-007  9.4351957e-008  1.4960446e-007  1.3492327e-007  1.3263571e-007  1.5636360e-007  1.4451797e-007  1.3755776e-007  1.3592356e-007  1.1068562e-007  1.5708128e-007             NaN
  9.0000000e+001             NaN  3.5186144e-007  7.4748126e-008  1.4563097e-007  9.3311049e-008  1.9879877e-007  1.4599168e-007  1.1181008e-007  1.8392964e-007  1.2542093e-007  1.3140250e-007  1.4083105e-007             NaN             NaN             NaN             NaN             NaN             NaN             NaN             NaN             NaN             NaN             NaN  2.8368108e-008  1.3359194e-007  1.3365691e-007  1.6073453e-007  1.1243632e-007  1.0318020e-007  1.8362039e-007  1.6862990e-007  1.5472658e-007  2.0875113e-007  1.4487592e-007  1.2568153e-007             NaN
  8.0000000e+001             NaN  6.7173654e-007  2.0193529e-007  1.7486740e-007  1.3818612e-007  1.8388094e-007  2.0041628e-007  1.4497779e-007  1.7294584e-007  1.5346171e-007  1.3954370e-007  1.5539647e-007  5.7053919e-008  4.1665671e-007             NaN             NaN             NaN             NaN             NaN             NaN             NaN             NaN  1.0094003e-007  1.0058254e-007  1.8698795e-007  1.7043594e-007  1.8046248e-007  1.2430130e-007  1.5146473e-007  1.2575432e-007  1.4409355e-007  1.4531358e-007  1.5387279e-007  9.7635771e-008  1.3122103e-007             NaN
  7.0000000e+001             NaN  4.7022129e-007  1.8103562e-007  2.1102583e-007  1.6344103e-007  2.1207272e-007  1.8290604e-007  1.8171668e-007  1.9444258e-007  2.4804236e-007  1.9689590e-007  1.6500403e-007  6.1037696e-008             NaN             NaN             NaN             NaN             NaN             NaN             NaN             NaN             NaN             NaN  1.3843300e-007  1.1736139e-007  1.6532896e-007  1.6048043e-007  1.4287759e-007  1.4517323e-007  1.3219231e-007  1.5564456e-007  1.7015538e-007  1.3868692e-007  1.7491839e-007  1.5419760e-007  1.0799276e-007
  5.0000000e+001             NaN  2.7252010e-007  2.0589245e-007  2.2225398e-007  2.4479010e-007  2.1142067e-007  2.0186502e-007  2.2899440e-007  2.2176554e-007  2.6626699e-007  2.7326116e-007  2.6258468e-007  1.4155067e-007             NaN             NaN             NaN             NaN             NaN             NaN             NaN             NaN             NaN  1.1792721e-007  2.5959736e-007  1.5258382e-007  2.0472682e-007  2.2168981e-007  2.0705989e-007  1.7280868e-007  2.0378437e-007  1.9996041e-007  2.5771223e-007  2.4278467e-007  2.7073177e-007  3.5262170e-007             NaN
  3.0000000e+001             NaN  4.4586848e-008  1.2122799e-007  1.2988549e-007  1.4480098e-007  1.2138415e-007  1.1734014e-007  1.2113145e-007  1.2366026e-007  1.4481891e-007  1.0741137e-007  7.8675422e-008  1.9274335e-007             NaN             NaN             NaN             NaN             NaN             NaN             NaN             NaN             NaN             NaN  1.7454575e-007  1.6212920e-007  1.0929309e-007  1.4927107e-007  1.5224304e-007  1.1918995e-007  1.2752890e-007  2.2513105e-007  3.5111816e-007  3.4319098e-007  2.0112341e-007  4.4621646e-007             NaN
  2.0000000e+001             NaN  1.3503183e-007  1.6848020e-007  2.1974932e-007  1.9483120e-007  1.9792134e-007  2.1003163e-007  1.9372698e-007  1.8642841e-007  1.5856740e-007  1.3291453e-007  1.1484052e-007  1.1532130e-007             NaN             NaN             NaN             NaN             NaN             NaN             NaN             NaN             NaN  1.5112771e-007  1.4553275e-007  1.7761999e-007  1.4118515e-007  1.7789127e-007  2.2301586e-007  1.8662284e-007  2.0850874e-007  3.0477269e-007  2.8093204e-007  2.6183879e-007  1.6507437e-007  9.7826113e-008             NaN
  1.5000000e+001             NaN             NaN  1.8889736e-007  2.1857815e-007  2.3762915e-007  2.1728296e-007  2.4088378e-007  2.3792927e-007  2.0502667e-007  2.3132531e-007  1.8034606e-007  1.5867696e-007  1.7287381e-007             NaN             NaN             NaN             NaN             NaN             NaN             NaN             NaN             NaN  1.1951605e-007  2.7350264e-007  2.1913169e-007  2.3723682e-007  3.3551704e-007  3.3692292e-007  4.1550775e-007  2.8561544e-007  3.2546737e-007  3.1012698e-007  1.7903687e-007  1.5748095e-007  1.3176552e-007             NaN
  1.0000000e+001             NaN             NaN  1.3571627e-007  1.9980667e-007  1.6010377e-007  1.5075797e-007  1.4043373e-007  2.0028842e-007  1.9228894e-007  2.3388201e-007  1.6902600e-007  1.6997269e-007  1.3793944e-007             NaN             NaN             NaN             NaN             NaN             NaN             NaN             NaN  1.1564919e-007  2.4498574e-007  2.2086671e-007  3.0229667e-007  2.9751348e-007  4.0721861e-007  3.8672966e-007  4.0492416e-007  2.9750483e-007  2.5188304e-007  2.1716255e-007  1.9132717e-007  1.7937505e-007  1.0025944e-007  8.6762569e-008
  7.0000000e+000             NaN             NaN  7.6131921e-008  1.4465103e-007  1.2217269e-007  1.3876365e-007  1.2875266e-007  1.0794799e-007  1.5533868e-007  1.8677160e-007  1.4027033e-007  1.8447376e-007             NaN             NaN             NaN             NaN             NaN             NaN             NaN             NaN             NaN  4.4944785e-007  3.0130463e-007  1.5798844e-007  2.5883432e-007  2.6155102e-007  3.2080553e-007  1.8874450e-007  2.1322353e-007  2.4537137e-007  2.5874284e-007  2.2570596e-007  1.8354150e-007  1.4508236e-007  1.7433881e-007             NaN
  5.0000000e+000             NaN             NaN  1.7499834e-007  1.9481631e-007  1.6169196e-007  2.2846457e-007  1.6879761e-007  1.6564112e-007  1.5709007e-007  2.0800777e-007  1.8985354e-007  2.4523703e-007  8.0358130e-008             NaN             NaN             NaN             NaN             NaN             NaN             NaN             NaN  2.9612408e-007  3.7989316e-007  3.8500851e-007  2.5652441e-007  2.6267732e-007  2.1996535e-007  2.4953322e-007  1.9484243e-007  1.8513284e-007  1.6661622e-007  1.5877385e-007  1.9668735e-007  2.0922717e-007  2.0783960e-007             NaN
  3.0000000e+000             NaN             NaN             NaN  2.7163481e-007  2.2564073e-007  2.6572484e-007  2.4444343e-007  2.9648422e-007  2.3289697e-007  2.4943164e-007  1.7002130e-007  2.0848605e-007  2.0159279e-007             NaN             NaN             NaN             NaN             NaN             NaN             NaN             NaN  2.6346511e-007  2.6372466e-007  2.9836473e-007  2.5633010e-007  2.9708743e-007  2.0459325e-007  1.8598652e-007  2.0376340e-007  1.5560214e-007  1.7362825e-007  1.8771443e-007  1.4476818e-007  1.6876756e-007  2.0784305e-007             NaN
  2.0000000e+000             NaN             NaN             NaN  1.0928369e-007  1.4237495e-007  1.5569381e-007  1.2660232e-007  1.3363444e-007  1.7045738e-007  1.5997846e-007  1.9153996e-007  1.6829152e-007  6.9607338e-008  1.7156021e-007             NaN             NaN             NaN             NaN             NaN             NaN             NaN             NaN  3.0881066e-007  4.1535736e-007  2.1487471e-007  2.4059628e-007  2.1918719e-007  1.4863648e-007  1.6392302e-007  1.8307570e-007  1.3996303e-007  2.0682434e-007  2.6879972e-007  2.6151004e-007  2.7617903e-007             NaN
  1.5000000e+000             NaN             NaN  8.8468516e-008  1.6060454e-007  1.3329367e-007  1.2286127e-007  1.3132556e-007  9.2399987e-008  8.4445647e-008  1.0331788e-007  1.1652412e-007  1.1949164e-007  1.5905472e-007             NaN             NaN             NaN             NaN             NaN             NaN             NaN             NaN  3.1850736e-007  3.4732632e-007  1.8750751e-007  2.4558007e-007  2.6525790e-007  2.5768235e-007  2.4954721e-007  2.0549496e-007  1.5058108e-007  1.7194865e-007  2.4468191e-007  2.3379231e-007  2.7471149e-007  7.6394921e-008             NaN
  1.0000000e+000             NaN  2.2671825e-007  2.5749370e-007  2.2803443e-007  2.3673814e-007  2.0536784e-007  1.8934392e-007  1.6285154e-007  1.5643358e-007  1.4427077e-007  2.3123018e-007  1.7601830e-007  2.2996701e-007  9.2651326e-008             NaN             NaN             NaN             NaN             NaN  2.3052850e-007             NaN  2.1608407e-007  1.0457375e-007  1.5962261e-007  2.6892856e-007  2.2623237e-007  1.7169399e-007  1.4246447e-007  1.8626188e-007  2.1654875e-007  1.8007149e-007  1.8611757e-007  1.8216464e-007  2.6558422e-007  2.9099141e-007             NaN
  7.0000000e-001             NaN  1.5328570e-007  1.2638606e-007  1.3857881e-007  1.5866162e-007  1.5545996e-007  1.6367131e-007  1.8181722e-007  1.1630619e-007  1.6422493e-007  1.4370888e-007  1.9375457e-007  2.2894321e-007  2.6373495e-007             NaN             NaN             NaN             NaN             NaN             NaN             NaN  1.5314007e-007  7.9758173e-008  1.2933664e-007  1.9767271e-007  2.2245357e-007  1.7347312e-007  2.8767357e-007  2.1884727e-007  3.0527236e-007  2.3237122e-007  2.7735545e-007  3.0963053e-007  2.5551002e-007  1.7949311e-007             NaN
  5.0000000e-001             NaN  9.1041867e-008  1.8962442e-007  1.7514289e-007  2.0726380e-007  1.3718352e-007  2.0439943e-007  1.6566124e-007  1.9497048e-007  2.2454702e-007  2.6217550e-007  2.3684138e-007  1.9804383e-007             NaN             NaN             NaN             NaN             NaN             NaN             NaN             NaN  9.2531571e-008  1.1916942e-007  2.9078398e-007  1.6263403e-007  2.6094467e-007  3.7273358e-007  3.7298746e-007  2.8993821e-007  3.0040349e-007  3.2079839e-007  3.3394278e-007  3.6003338e-007  3.4703824e-007  1.3629814e-007             NaN
  3.0000000e-001             NaN             NaN  1.2272058e-007  1.8353981e-007  1.9125271e-007  1.9969267e-007  1.5565637e-007  1.8698707e-007  1.7466448e-007  1.9818388e-007  1.7028242e-007  2.8087657e-007  2.1966412e-007  1.0902353e-007             NaN             NaN             NaN             NaN             NaN             NaN             NaN  2.5947847e-007  4.2064442e-007  2.8124658e-007  5.1377216e-007  5.4612699e-007  3.6219052e-007  4.8102881e-007  4.7168224e-007  5.1075845e-007  4.7974634e-007  4.1691523e-007  3.9404979e-007  3.8326825e-007  2.7412466e-007             NaN
  2.0000000e-001             NaN             NaN             NaN  1.0878504e-007  1.6404908e-007  1.4447317e-007  1.5967347e-007  1.5945394e-007  1.6071254e-007  2.1722981e-007  1.3284981e-007  2.1873932e-007  1.9903382e-007  2.6700168e-007  1.3388026e-007  1.3339555e-007             NaN             NaN             NaN             NaN             NaN             NaN  3.2905926e-007  2.7568549e-007  8.1130567e-007  6.1699476e-007  4.9209036e-007  4.9332907e-007  5.9019251e-007  5.8004377e-007  5.1386177e-007  4.0351253e-007  6.1496038e-007  4.8149706e-007  5.1671242e-007             NaN
  1.5000000e-001             NaN             NaN  2.0040009e-007  1.3686961e-007  1.4322632e-007  1.6253986e-007  1.1088730e-007  1.7086277e-007  1.5732286e-007  1.3587127e-007  1.4336336e-007  1.7451201e-007  1.9797089e-007  1.5168920e-007  1.8444448e-007  1.8833977e-007  1.1322380e-007             NaN             NaN             NaN             NaN  7.1802277e-007  5.6068803e-007  5.7173357e-007  3.9234222e-007  5.2138231e-007  5.8523296e-007  7.0459491e-007  6.8960157e-007  6.1273648e-007  4.5869698e-007  5.6028331e-007  4.0897942e-007  4.4294021e-007             NaN             NaN
  1.0000000e-001             NaN             NaN             NaN             NaN             NaN  1.5025689e-007  1.4586750e-007  1.4105342e-007  1.9853877e-007  1.2099723e-007  1.7654813e-007  1.6343966e-007  9.5866399e-008  1.5454058e-007  1.5074247e-007  2.1500212e-007  2.1311598e-007             NaN             NaN             NaN             NaN  6.6794280e-007  7.1106085e-007  7.5382476e-007  7.7475122e-007  7.3579097e-007  5.7474412e-007  6.5123550e-007  5.7487032e-007  7.4605382e-007  5.9939606e-007  8.9255793e-007  5.0331267e-007  5.2434356e-007  8.0738095e-007             NaN
             NaN -8.7500000e+001 -8.2500000e+001 -7.7500000e+001 -7.2500000e+001 -6.7500000e+001 -6.2500000e+001 -5.7500000e+001 -5.2500000e+001 -4.7500000e+001 -4.2500000e+001 -3.7500000e+001 -3.2500000e+001 -2.7500000e+001 -2.2500000e+001 -1.7500000e+001 -1.2500000e+001 -7.5000000e+000 -2.5000000e+000  2.5000000e+000  7.5000000e+000  1.2500000e+001  1.7500000e+001  2.2500000e+001  2.7500000e+001  3.2500000e+001  3.7500000e+001  4.2500000e+001  4.7500000e+001  5.2500000e+001  5.7500000e+001  6.2500000e+001  6.7500000e+001  7.2500000e+001  7.7500000e+001  8.2500000e+001  8.7500000e+001
  1.0000000e+003             NaN             NaN             NaN             NaN             NaN             NaN             NaN             NaN             NaN             NaN             NaN             NaN             NaN             NaN             NaN             NaN             NaN             NaN             NaN             NaN             NaN             NaN             NaN             NaN             NaN             NaN             NaN             NaN             NaN             NaN             NaN             NaN             NaN             NaN             NaN             NaN
  8.5000000e+002             NaN             NaN             NaN             NaN             NaN             NaN             NaN             NaN             NaN             NaN             NaN             NaN             NaN             NaN             NaN             NaN             NaN             NaN             NaN             NaN             NaN             NaN             NaN             NaN             NaN             NaN             NaN             NaN             NaN             NaN             NaN             NaN             NaN             NaN             NaN             NaN
  7.0000000e+002             NaN             NaN             NaN             NaN             NaN             NaN             NaN             NaN             NaN             NaN             NaN             NaN             NaN             NaN             NaN             NaN             NaN             NaN             NaN             NaN             NaN             NaN             NaN             NaN             NaN             NaN             NaN             NaN             NaN             NaN             NaN             NaN             NaN             NaN             NaN             NaN
  5.0000000e+002             NaN             NaN             NaN             NaN             NaN             NaN             NaN             NaN             NaN             NaN             NaN             NaN             NaN             NaN             NaN             NaN             NaN             NaN             NaN             NaN             NaN             NaN             NaN             NaN             NaN             NaN             NaN             NaN             NaN             NaN             NaN             NaN             NaN             NaN             NaN             NaN
  4.0000000e+002             NaN             NaN             NaN             NaN             NaN             NaN             NaN             NaN             NaN             NaN             NaN             NaN             NaN             NaN             NaN             NaN             NaN             NaN             NaN             NaN             NaN             NaN             NaN             NaN             NaN             NaN             NaN             NaN             NaN             NaN             NaN             NaN             NaN             NaN             NaN             NaN
  3.0000000e+002             NaN  2.5150000e-007  2.1500000e-007  3.1500000e-007  3.2500000e-007  1.7500000e-007  1.8300000e-007             NaN             NaN             NaN             NaN             NaN             NaN             NaN             NaN             NaN             NaN             NaN             NaN             NaN             NaN             NaN             NaN             NaN             NaN             NaN             NaN             NaN             NaN             NaN             NaN             NaN             NaN             NaN             NaN             NaN
  2.5000000e+002             NaN  1.9600000e-007  2.5700000e-007  2.5700000e-007  2.0200000e-007  2.3600000e-007  2.4600000e-007  1.8200000e-007  2.9000000e-007             NaN             NaN  2.6700000e-007             NaN             NaN             NaN             NaN             NaN             NaN             NaN             NaN             NaN             NaN             NaN             NaN             NaN             NaN  2.8500000e-007  2.5500000e-007  2.9650000e-007  2.4050000e-007  2.4950000e-007  2.6200000e-007  2.5400000e-007  2.4000000e-007  2.5650000e-007             NaN
  2.0000000e+002             NaN  2.0700000e-007  2.0600000e-007  2.1000000e-007  2.2100000e-007  2.2100000e-007  2.1500000e-007  2.2400000e-007  2.0550000e-007  2.4700000e-007  1.3300000e-007  1.7200000e-007  1.5100000e-007  1.6200000e-007             NaN             NaN             NaN             NaN             NaN             NaN             NaN             NaN             NaN             NaN             NaN  2.5100000e-007  2.1650000e-007  2.3500000e-007  2.2700000e-007  2.2700000e-007  2.2150000e-007  2.4450000e-007  2.2100000e-007  2.4500000e-007             NaN             NaN
  1.7000000e+002             NaN             NaN  2.2600000e-007  1.3200000e-007  1.2900000e-007  1.4900000e-007  1.4900000e-007  1.3450000e-007  1.2600000e-007  1.1500000e-007  1.5200000e-007  1.2600000e-007  1.6550000e-007             NaN  1.1095000e-007             NaN             NaN             NaN             NaN             NaN             NaN             NaN             NaN             NaN             NaN  2.3000000e-007  1.8200000e-007  2.0300000e-007  2.3100000e-007  2.2700000e-007  2.2600000e-007  2.5600000e-007  2.2500000e-007  2.4450000e-007             NaN             NaN
  1.5000000e+002             NaN  1.0100000e-007  1.0400000e-007  1.3700000e-007  1.3600000e-007  1.3100000e-007  1.0650000e-007  9.6400000e-008  1.3200000e-007  1.2450000e-007  1.2150000e-007  1.2600000e-007  1.6000000e-007  1.0400000e-007  1.4250000e-007             NaN             NaN             NaN             NaN             NaN             NaN             NaN             NaN             NaN             NaN  1.4050000e-007  1.3600000e-007  1.3800000e-007  1.3700000e-007  1.3650000e-007  1.4550000e-007  1.3700000e-007  1.3400000e-007  1.5200000e-007  1.4700000e-007             NaN
  1.3000000e+002             NaN  1.2500000e-007  1.1300000e-007  1.1200000e-007  1.1400000e-007  1.1100000e-007  1.0900000e-007  1.0400000e-007  1.0600000e-007  1.0700000e-007  1.0800000e-007  1.0500000e-007  1.0550000e-007  9.5050000e-008  4.7650000e-008             NaN             NaN             NaN             NaN             NaN             NaN             NaN             NaN  1.0570000e-007  1.1900000e-007  1.1600000e-007  1.1150000e-007  1.0700000e-007  1.1800000e-007  1.1900000e-007  1.2100000e-007  1.1900000e-007  1.1250000e-007  1.1400000e-007  1.2000000e-007             NaN
  1.1500000e+002             NaN  1.0070000e-007  5.5100000e-008  1.1900000e-007  9.5100000e-008  9.4100000e-008  6.6600000e-008  5.0900000e-008  4.7100000e-008  6.4350000e-008  5.8900000e-008  4.9100000e-008  4.3800000e-008  4.0550000e-008  4.1700000e-008  4.4800000e-008             NaN             NaN             NaN             NaN             NaN             NaN             NaN  7.6600000e-008  9.5650000e-008  6.0700000e-008  6.9300000e-008  1.1700000e-007  1.2200000e-007  1.1600000e-007  1.2500000e-007  1.1800000e-007  1.2500000e-007  1.3150000e-007  1.3350000e-007             NaN
  1.0000000e+002             NaN  4.3000000e-008  5.1000000e-008  4.6250000e-008  4.1650000e-008  4.3000000e-008  4.3500000e-008  4.6100000e-008  4.3300000e-008  4.6700000e-008  4.2900000e-008  4.9200000e-008  5.3100000e-008  4.4800000e-008             NaN             NaN             NaN             NaN             NaN             NaN             NaN             NaN             NaN  4.5700000e-008  4.7450000e-008  4.7500000e-008  4.7600000e-008  4.8700000e-008  4.5500000e-008  4.7600000e-008  4.8000000e-008  5.5600000e-008  5.4100000e-008  5.5500000e-008  1.0900000e-007             NaN
  9.0000000e+001             NaN  5.2000000e-008  4.7500000e-008  4.3700000e-008  4.4200000e-008  4.9750000e-008  4.5900000e-008  4.8250000e-008  4.4300000e-008  4.4750000e-008  4.4950000e-008  4.6200000e-008             NaN             NaN             NaN             NaN             NaN             NaN             NaN             NaN             NaN             NaN             NaN  5.4900000e-008  4.5450000e-008  4.6200000e-008  4.5400000e-008  4.8300000e-008  5.0750000e-008  5.0050000e-008  5.0050000e-008  5.1900000e-008  5.2650000e-008  5.0600000e-008  5.5700000e-008             NaN
  8.0000000e+001             NaN  4.7050000e-008  4.8950000e-008  4.3100000e-008  4.3100000e-008  4.4050000e-008  4.0400000e-008  4.3800000e-008  4.1200000e-008  4.2900000e-008  4.0350000e-008  4.3500000e-008  4.2000000e-008  4.1900000e-008             NaN             NaN             NaN             NaN             NaN             NaN             NaN             NaN  4.3850000e-008  4.8800000e-008  4.6500000e-008  4.4700000e-008  4.7450000e-008  4.8550000e-008  4.7800000e-008  5.0500000e-008  4.9200000e-008  5.3200000e-008  5.1000000e-008  5.4900000e-008  5.6650000e-008             NaN
  7.0000000e+001             NaN  4.9400000e-008  4.5100000e-008  4.6000000e-008  4.5600000e-008  4.6100000e-008  4.6850000e-008  4.6000000e-008  4.4400000e-008  4.6400000e-008  4.6800000e-008  4.7400000e-008  4.7200000e-008             NaN             NaN             NaN             NaN             NaN             NaN             NaN             NaN             NaN             NaN  4.5700000e-008  4.5550000e-008  4.4250000e-008  4.5900000e-008  4.6000000e-008  4.6700000e-008  4.9300000e-008  5.0700000e-008  5.1400000e-008  5.5700000e-008  5.5000000e-008  6.5000000e-008  5.5100000e-008
  5.0000000e+001             NaN  5.4600000e-008  4.5900000e-008  4.8050000e-008  4.8200000e-008  5.0400000e-008  4.7700000e-008  4.6600000e-008  4.6900000e-008  4.8600000e-008  4.7400000e-008  5.0750000e-008  5.1700000e-008             NaN             NaN             NaN             NaN             NaN             NaN             NaN             NaN             NaN  4.8800000e-008  4.7800000e-008  5.1350000e-008  4.7700000e-008  4.8000000e-008  4.9550000e-008  4.8850000e-008  5.1750000e-008  5.3200000e-008  5.8650000e-008  5.9600000e-008  6.3450000e-008  6.1750000e-008             NaN
  3.0000000e+001             NaN  5.1500000e-008  5.2200000e-008  5.4050000e-008  5.3100000e-008  5.4300000e-008  5.3500000e-008  5.4200000e-008  5.4400000e-008  5.5800000e-008  5.6400000e-008  5.7850000e-008  5.8750000e-008             NaN             NaN             NaN             NaN             NaN             NaN             NaN             NaN             NaN             NaN  5.5000000e-008  5.3700000e-008  5.4400000e-008  5.4250000e-008  5.5500000e-008  5.4550000e-008  5.7050000e-008  5.8600000e-008  6.6150000e-008  7.3800000e-008  7.4950000e-008  6.8800000e-008             NaN
  2.0000000e+001             NaN  6.2300000e-008  6.4250000e-008  6.0900000e-008  6.2100000e-008  6.0800000e-008  6.1800000e-008  6.1900000e-008  6.3500000e-008  6.4300000e-008  6.5300000e-008  6.7800000e-008  7.0050000e-008             NaN             NaN             NaN             NaN             NaN             NaN             NaN             NaN             NaN  6.2850000e-008  5.8600000e-008  6.2100000e-008  6.1600000e-008  6.2600000e-008  6.3400000e-008  6.4700000e-008  6.7300000e-008  7.4200000e-008  7.9250000e-008  9.0700000e-008  8.6000000e-008  8.7950000e-008             NaN
  1.5000000e+001             NaN             NaN  7.3300000e-008  7.3500000e-008  7.4500000e-008  7.4100000e-008  7.3550000e-008  7.4000000e-008  7.3700000e-008  7.5400000e-008  7.7900000e-008  7.8800000e-008  8.0500000e-008             NaN             NaN             NaN             NaN             NaN             NaN             NaN             NaN             NaN  7.6550000e-008  7.3700000e-008  7.6200000e-008  7.4650000e-008  7.7500000e-008  7.6450000e-008  7.7950000e-008  8.0450000e-008  8.4000000e-008  8.6100000e-008  9.2350000e-008  9.9100000e-008  9.9100000e-008             NaN
  1.0000000e+001             NaN             NaN  7.7800000e-008  8.5550000e-008  8.2950000e-008  8.3100000e-008  8.4500000e-008  8.2450000e-008  8.3500000e-008  8.1750000e-008  8.1400000e-008  8.5850000e-008  8.4500000e-008             NaN             NaN             NaN             NaN             NaN             NaN             NaN             NaN  8.7950000e-008  8.2050000e-008  8.2100000e-008  8.0500000e-008  8.4000000e-008  8.5300000e-008  8.6200000e-008  8.8100000e-008  9.1700000e-008  1.0650000e-007  1.0400000e-007  1.0800000e-007  1.1000000e-007  1.1200000e-007  1.1200000e-007
  7.0000000e+000             NaN             NaN  9.3500000e-008  9.2200000e-008  9.2700000e-008  9.3250000e-008  9.5400000e-008  9.2300000e-008  9.4600000e-008  9.6300000e-008  9.3100000e-008  9.4650000e-008             NaN             NaN             NaN             NaN             NaN             NaN             NaN             NaN             NaN  9.4900000e-008  9.3650000e-008  9.5500000e-008  9.4500000e-008  9.6650000e-008  9.5450000e-008  1.0000000e-007  1.0300000e-007  1.0400000e-007  1.0700000e-007  1.1050000e-007  1.1000000e-007  1.1200000e-007  1.1150000e-007             NaN
  5.0000000e+000             NaN             NaN  1.0000000e-007  1.0550000e-007  1.0200000e-007  1.0700000e-007  1.0600000e-007  9.9850000e-008  1.0400000e-007  9.8700000e-008  1.0030000e-007  1.0200000e-007  9.8200000e-008             NaN             NaN             NaN             NaN             NaN             NaN             NaN             NaN  9.7400000e-008  9.7850000e-008  9.8800000e-008  1.0150000e-007  1.0200000e-007  1.0400000e-007  1.0700000e-007  1.0500000e-007  1.0900000e-007  1.1200000e-007  1.2050000e-007  1.2050000e-007  1.1700000e-007  1.2300000e-007             NaN
  3.0000000e+000             NaN             NaN             NaN  1.1200000e-007  1.1200000e-007  1.1200000e-007  1.1100000e-007  1.1000000e-007  1.1000000e-007  1.1200000e-007  1.0900000e-007  1.1050000e-007  1.1500000e-007             NaN             NaN             NaN             NaN             NaN             NaN             NaN             NaN  1.1500000e-007  1.0900000e-007  1.1100000e-007  1.1000000e-007  1.0750000e-007  1.1000000e-007  1.1400000e-007  1.1300000e-007  1.1100000e-007  1.1400000e-007  1.1800000e-007  1.1900000e-007  1.1700000e-007  1.1900000e-007             NaN
  2.0000000e+000             NaN             NaN             NaN  1.1600000e-007  1.1500000e-007  1.1600000e-007  1.1500000e-007  1.1250000e-007  1.1300000e-007  1.1300000e-007  1.1000000e-007  1.0950000e-007  1.1250000e-007  1.0950000e-007             NaN             NaN             NaN             NaN             NaN             NaN             NaN             NaN  1.0700000e-007  1.1050000e-007  1.1100000e-007  1.1100000e-007  1.0900000e-007  1.1000000e-007  1.1450000e-007  1.1800000e-007  1.1700000e-007  1.2100000e-007  1.2100000e-007  1.2000000e-007  1.2200000e-007             NaN
  1.5000000e+000             NaN             NaN  1.2650000e-007  1.2700000e-007  1.2200000e-007  1.1900000e-007  1.1700000e-007  1.1600000e-007  1.1800000e-007  1.1800000e-007  1.1800000e-007  1.1500000e-007  1.1950000e-007             NaN             NaN             NaN             NaN             NaN             NaN             NaN             NaN  1.1250000e-007  1.1400000e-007  1.1100000e-007  1.1200000e-007  1.1400000e-007  1.1000000e-007  1.0800000e-007  1.1000000e-007  1.1100000e-007  1.1400000e-007  1.1600000e-007  1.1700000e-007  1.1400000e-007  1.1300000e-007             NaN
  1.0000000e+000             NaN  1.2200000e-007  1.2500000e-007  1.1950000e-007  1.2500000e-007  1.2250000e-007  1.2300000e-007  1.2300000e-007  1.2200000e-007  1.2300000e-007  1.2300000e-007  1.2300000e-007  1.2400000e-007  1.2200000e-007             NaN             NaN             NaN             NaN             NaN  1.1800000e-007             NaN  1.2000000e-007  1.1250000e-007  1.2300000e-007  1.1750000e-007  1.1900000e-007  1.1700000e-007  1.1800000e-007  1.1750000e-007  1.1800000e-007  1.1300000e-007  1.1100000e-007  1.1500000e-007  1.0750000e-007  1.1300000e-007             NaN
  7.0000000e-001             NaN  1.1650000e-007  1.1750000e-007  1.1750000e-007  1.1500000e-007  1.1600000e-007  1.1400000e-007  1.1500000e-007  1.1600000e-007  1.1400000e-007  1.1600000e-007  1.2000000e-007  1.1800000e-007  1.2100000e-007             NaN             NaN             NaN             NaN             NaN             NaN             NaN  1.1600000e-007  1.1000000e-007  1.1900000e-007  1.1650000e-007  1.1800000e-007  1.1700000e-007  1.1700000e-007  1.2100000e-007  1.1700000e-007  1.2300000e-007  1.2300000e-007  1.2100000e-007  1.1900000e-007  1.1850000e-007             NaN
  5.0000000e-001             NaN  1.2550000e-007  1.2400000e-007  1.2600000e-007  1.2400000e-007  1.2350000e-007  1.2500000e-007  1.2300000e-007  1.2500000e-007  1.2300000e-007  1.2200000e-007  1.2300000e-007  1.2800000e-007             NaN             NaN             NaN             NaN             NaN             NaN             NaN             NaN  1.2800000e-007  1.2400000e-007  1.2900000e-007  1.2600000e-007  1.2750000e-007  1.2300000e-007  1.2100000e-007  1.2150000e-007  1.2350000e-007  1.2150000e-007  1.2500000e-007  1.2100000e-007  1.2400000e-007  1.2700000e-007             NaN
  3.0000000e-001             NaN             NaN  1.4000000e-007  1.4050000e-007  1.4800000e-007  1.5100000e-007  1.5100000e-007  1.5000000e-007  1.4700000e-007  1.4600000e-007  1.4200000e-007  1.4900000e-007  1.5200000e-007  1.4900000e-007             NaN             NaN             NaN             NaN             NaN             NaN             NaN  1.6050000e-007  1.2400000e-007  1.2900000e-007  1.2800000e-007  1.2800000e-007  1.2800000e-007  1.3200000e-007  1.2600000e-007  1.3000000e-007  1.3100000e-007  1.2800000e-007  1.3300000e-007  1.3250000e-007  1.3550000e-007             NaN
  2.0000000e-001             NaN             NaN             NaN  1.7900000e-007  1.8300000e-007  1.8200000e-007  1.9050000e-007  1.8300000e-007  1.8850000e-007  1.9000000e-007  1.8600000e-007  1.9000000e-007  1.9400000e-007  1.9250000e-007  1.8850000e-007  1.9850000e-007             NaN             NaN             NaN             NaN             NaN             NaN  1.5050000e-007  1.4400000e-007  1.4800000e-007  1.4000000e-007  1.4000000e-007  1.3550000e-007  1.3350000e-007  1.3500000e-007  1.3600000e-007  1.3500000e-007  1.3350000e-007  1.3550000e-007  1.4100000e-007             NaN
  1.5000000e-001             NaN             NaN  1.8600000e-007  1.8600000e-007  1.9200000e-007  1.9450000e-007  1.9200000e-007  1.8500000e-007  1.8700000e-007  1.9200000e-007  1.8400000e-007  1.9000000e-007  1.9100000e-007  1.9200000e-007  1.8950000e-007  1.8600000e-007  1.8000000e-007             NaN             NaN             NaN             NaN  1.5200000e-007  1.5300000e-007  1.3600000e-007  1.6100000e-007  1.5200000e-007  1.3700000e-007  1.4100000e-007  1.4000000e-007  1.3350000e-007  1.4300000e-007  1.3300000e-007  1.4000000e-007  1.4050000e-007             NaN             NaN
  1.0000000e-001             NaN             NaN             NaN             NaN             NaN  1.9300000e-007  1.8450000e-007  1.8950000e-007  1.8800000e-007  1.8300000e-007  1.8900000e-007  1.8300000e-007  1.8850000e-007  1.8650000e-007  1.8700000e-007  1.8900000e-007  1.9000000e-007             NaN             NaN             NaN             NaN  1.2600000e-007  1.3550000e-007  1.3300000e-007  1.3300000e-007  1.3100000e-007  1.2200000e-007  1.2750000e-007  1.2500000e-007  1.3100000e-007  1.2900000e-007  1.4100000e-007  1.2850000e-007  1.2500000e-007  1.2200000e-007             NaN
