             NaN -8.7500000e+001 -8.2500000e+001 -7.7500000e+001 -7.2500000e+001 -6.7500000e+001 -6.2500000e+001 -5.7500000e+001 -5.2500000e+001 -4.7500000e+001 -4.2500000e+001 -3.7500000e+001 -3.2500000e+001 -2.7500000e+001 -2.2500000e+001 -1.7500000e+001 -1.2500000e+001 -7.5000000e+000 -2.5000000e+000  2.5000000e+000  7.5000000e+000  1.2500000e+001  1.7500000e+001  2.2500000e+001  2.7500000e+001  3.2500000e+001  3.7500000e+001  4.2500000e+001  4.7500000e+001  5.2500000e+001  5.7500000e+001  6.2500000e+001  6.7500000e+001  7.2500000e+001  7.7500000e+001  8.2500000e+001  8.7500000e+001
  1.0000000e+003             NaN             NaN             NaN             NaN             NaN             NaN             NaN             NaN             NaN             NaN             NaN             NaN             NaN             NaN             NaN             NaN             NaN             NaN             NaN             NaN             NaN             NaN             NaN             NaN             NaN             NaN             NaN             NaN             NaN             NaN             NaN             NaN             NaN             NaN             NaN             NaN
  8.5000000e+002             NaN             NaN             NaN             NaN             NaN             NaN             NaN             NaN             NaN             NaN             NaN             NaN             NaN             NaN             NaN             NaN             NaN             NaN             NaN             NaN             NaN             NaN             NaN             NaN             NaN             NaN             NaN             NaN             NaN             NaN             NaN             NaN             NaN             NaN             NaN             NaN
  7.0000000e+002             NaN             NaN             NaN             NaN             NaN             NaN             NaN             NaN             NaN             NaN             NaN             NaN             NaN             NaN             NaN             NaN             NaN             NaN             NaN             NaN             NaN             NaN             NaN             NaN             NaN             NaN             NaN             NaN             NaN             NaN             NaN             NaN             NaN             NaN             NaN             NaN
  5.0000000e+002             NaN             NaN             NaN             NaN             NaN             NaN             NaN             NaN             NaN             NaN             NaN             NaN             NaN             NaN             NaN             NaN             NaN             NaN             NaN             NaN             NaN             NaN             NaN             NaN             NaN             NaN             NaN             NaN             NaN             NaN             NaN             NaN             NaN             NaN             NaN             NaN
  4.0000000e+002             NaN             NaN             NaN             NaN             NaN             NaN             NaN             NaN             NaN             NaN             NaN             NaN             NaN             NaN             NaN             NaN             NaN             NaN             NaN             NaN             NaN             NaN             NaN             NaN             NaN             NaN             NaN             NaN             NaN             NaN             NaN             NaN             NaN             NaN             NaN             NaN
  3.0000000e+002             NaN             NaN             NaN             NaN             NaN             NaN             NaN             NaN             NaN             NaN             NaN             NaN             NaN             NaN             NaN             NaN             NaN             NaN             NaN             NaN             NaN             NaN             NaN             NaN             NaN             NaN             NaN             NaN             NaN             NaN             NaN             NaN             NaN             NaN             NaN             NaN
  2.5000000e+002             NaN             NaN             NaN             NaN             NaN             NaN             NaN             NaN             NaN             NaN             NaN             NaN             NaN             NaN             NaN             NaN             NaN             NaN             NaN             NaN             NaN             NaN             NaN             NaN             NaN             NaN             NaN             NaN             NaN             NaN             NaN             NaN             NaN             NaN             NaN             NaN
  2.0000000e+002             NaN             NaN             NaN             NaN             NaN             NaN             NaN             NaN             NaN             NaN             NaN             NaN             NaN             NaN             NaN             NaN             NaN             NaN             NaN             NaN             NaN             NaN             NaN             NaN             NaN             NaN             NaN             NaN             NaN             NaN             NaN             NaN             NaN             NaN             NaN             NaN
  1.7000000e+002             NaN             NaN             NaN             NaN             NaN             NaN             NaN             NaN             NaN             NaN             NaN             NaN             NaN             NaN             NaN             NaN             NaN             NaN             NaN             NaN             NaN             NaN             NaN             NaN             NaN             NaN             NaN             NaN             NaN             NaN             NaN             NaN             NaN             NaN             NaN             NaN
  1.5000000e+002             NaN             NaN             NaN             NaN             NaN             NaN             NaN             NaN             NaN             NaN             NaN             NaN             NaN             NaN             NaN             NaN             NaN             NaN             NaN             NaN             NaN             NaN             NaN             NaN             NaN             NaN             NaN             NaN             NaN             NaN             NaN             NaN             NaN             NaN             NaN             NaN
  1.3000000e+002             NaN             NaN             NaN             NaN             NaN             NaN             NaN             NaN             NaN             NaN             NaN             NaN  6.1388052e-011  4.3248737e-011  5.4551020e-011  6.1354291e-011  5.6188611e-011             NaN             NaN             NaN             NaN  7.0704747e-011  5.4703642e-011             NaN             NaN             NaN             NaN             NaN             NaN             NaN             NaN             NaN             NaN             NaN             NaN             NaN
  1.1500000e+002             NaN             NaN             NaN             NaN             NaN  1.5562471e-010             NaN  2.4305882e-011  4.2726333e-011  2.5581677e-011  3.1996806e-011  4.1270245e-011  4.0619605e-011  5.2947561e-011  4.7550066e-011  5.4738954e-011  5.7621399e-011  4.8054465e-011             NaN  9.1042378e-011  4.9947640e-011  2.5498326e-011  3.6448119e-011  4.8442895e-011  2.1139664e-011  1.9851458e-011  2.4708147e-011  4.6024789e-011  4.7991905e-011  5.7079834e-011  9.2306543e-011             NaN             NaN             NaN  4.2800000e-011             NaN
  1.0000000e+002             NaN  5.7631290e-010  4.6358617e-010  4.1924126e-010  3.1249560e-010  1.2259114e-010  3.6081845e-011  2.4354698e-011  2.1923987e-011  3.7379027e-011  3.2652108e-011  4.3290439e-011  3.5312211e-011  3.4121987e-011  4.0586297e-011  5.7199146e-011  3.8748914e-011  9.9714472e-011             NaN  8.8755865e-011  7.5309451e-011  4.2103177e-011  7.3969733e-011  4.7686817e-011  4.3054262e-011  3.7734284e-011  2.3732088e-011  8.6718827e-011  1.4656715e-011  3.6927666e-011  2.3526287e-011  7.0147368e-011  5.1181261e-010             NaN             NaN             NaN
  9.0000000e+001             NaN  4.4142790e-010  4.5854471e-010  4.4210343e-010  2.9659866e-010  8.8653641e-011  9.1504358e-011  4.4586067e-011  2.9595008e-011  3.2525339e-011  4.1320348e-011  3.2967706e-011  3.8440578e-011  5.4694979e-011  5.1108555e-011  4.8009665e-011  7.6729972e-011  5.2103148e-011             NaN  8.8474945e-011  8.3407527e-011  4.6727025e-011  5.5287189e-011  2.7422203e-011  9.9416562e-011  3.3767180e-011  3.9138339e-011  2.6777567e-011  2.8177650e-011  3.6327312e-011  1.0387811e-010  5.1566971e-011  7.9387227e-011  2.1100000e-011  6.6900000e-011             NaN
  8.0000000e+001  3.4906154e-010  4.4292035e-010  4.1211947e-010  2.4399131e-010  2.4194507e-010  1.0104162e-010  3.8383756e-011  4.5882415e-011  3.4931634e-011  3.5167491e-011  3.1118241e-011  3.5461282e-011  4.4816089e-011  5.3710643e-011  4.2135073e-011  5.2365389e-011  6.5990619e-011  7.0521946e-011             NaN  1.0025944e-010             NaN  6.6374476e-011  3.7496120e-011  1.9941959e-011  4.5702322e-011  3.5824942e-011  5.1892303e-011  4.5130660e-011  4.3835864e-011  7.3867666e-011  4.6437586e-011  3.2978467e-011  3.5693004e-011  3.4059591e-011             NaN  3.6900000e-010
  7.0000000e+001  4.3208943e-010  3.0990231e-010  3.4140132e-010  3.1435610e-010  1.9821653e-010  1.0022783e-010  5.2679181e-011  4.9179336e-011  4.2335106e-011  4.0654538e-011  3.3278371e-011  4.7675403e-011  6.1659833e-011  7.4217465e-011  7.4420834e-011  7.9419200e-011  7.9412251e-011  5.7438717e-011             NaN  7.3678002e-011  6.9093477e-011  8.3342293e-011  6.5126322e-011  5.1015032e-011  2.7592170e-011  3.9514560e-011  4.9150794e-011  3.5925201e-011  3.6861491e-011  3.7304336e-011  1.2400000e-011  2.7535417e-010  3.8243555e-011  6.0100000e-010  8.3900000e-011             NaN
  5.0000000e+001  4.0164010e-010  3.8690546e-010  3.8891993e-010  2.8397568e-010  2.0998340e-010  1.7348769e-010  8.9338305e-011  6.2006040e-011  5.7283049e-011  6.7155377e-011  6.3116775e-011  5.6950737e-011  7.1735842e-011  9.2526639e-011  9.4251432e-011  8.7435002e-011  6.8916526e-011  5.0260463e-011             NaN  4.5064146e-011  6.1187458e-011  9.0497402e-011  7.8040824e-011  8.4128936e-011  4.5135226e-011  4.5506972e-011  4.6935362e-011  5.7585372e-011  5.6019515e-011  5.5789933e-011  7.7422062e-011  4.9600794e-011  7.3358008e-011  7.3794516e-011  5.6537858e-011             NaN
  3.0000000e+001  3.7653141e-010  4.6121396e-010  4.8773674e-010  4.1664075e-010  4.0670448e-010  5.9281156e-010  4.0499584e-010  3.1599997e-010  2.9920982e-010  2.8187055e-010  2.6905727e-010  2.2921979e-010  2.3775683e-010  2.3472702e-010  1.8302464e-010  1.2122193e-010  9.8165017e-011  8.2576684e-011             NaN  1.2636957e-010  1.3717028e-010  1.2227751e-010  1.5701368e-010  1.4194112e-010  1.6826534e-010  8.3409087e-011  8.9603186e-011  8.5349555e-011  1.2020531e-010  1.7500166e-010  2.1580737e-010  2.9560644e-010  3.3868179e-010  3.6304757e-010  3.6218141e-010  2.8419794e-010
  2.0000000e+001  1.1106414e-009  5.3372198e-010  6.6319534e-010  8.1596390e-010  9.3018540e-010  1.3193399e-009  1.1556171e-009  1.0078855e-009  9.5182602e-010  9.3731996e-010  8.7133999e-010  9.2878586e-010  7.5273462e-010  8.8209366e-010  5.4197861e-010  3.2351678e-010  2.5166087e-010  1.3511919e-010             NaN  2.8201882e-010  3.2441476e-010  1.9047616e-010  1.5817448e-010  3.2879683e-010  2.2031328e-010  1.9778389e-010  2.6822182e-010  3.8047481e-010  4.5351310e-010  5.6635332e-010  6.7540924e-010  9.4334168e-010  1.1982284e-009  1.2705916e-009  1.3633559e-009  1.4513991e-009
  1.5000000e+001  8.8767075e-010  1.2966738e-009  1.7029387e-009  1.6729211e-009  1.5685755e-009  2.3211728e-009  2.3581699e-009  2.3414080e-009  2.2267797e-009  2.1860999e-009  2.1580803e-009  1.9359754e-009  1.8212316e-009  1.4712014e-009  1.3543063e-009  8.1741531e-010  6.7693783e-010  3.6089257e-010             NaN  7.4726641e-010  6.4718404e-010  4.0634369e-010  5.1031468e-010  7.7002062e-010  6.6152325e-010  8.0399034e-010  1.0574525e-009  1.1936459e-009  1.4423553e-009  1.6477801e-009  1.7885726e-009  2.1948986e-009  2.3693974e-009  2.8214349e-009  3.2262008e-009  3.1611437e-009
  1.0000000e+001  2.9168114e-009  2.7146916e-009  2.5103638e-009  2.9061910e-009  3.0890533e-009  3.3009971e-009  3.5892506e-009  3.6180141e-009  3.8527076e-009  3.6757242e-009  3.3962066e-009  3.0587146e-009  3.0221222e-009  2.8629128e-009  2.4295162e-009  1.6979452e-009  1.3695802e-009  1.0867634e-009             NaN  1.6408152e-009  1.4999517e-009  1.3521450e-009  1.9131348e-009  2.1133089e-009  2.0179486e-009  2.2985555e-009  2.4224392e-009  2.6637902e-009  2.9018322e-009  3.1141907e-009  3.2644259e-009  3.3737975e-009  3.8414623e-009  4.4645363e-009  4.9082641e-009  5.1330066e-009
  7.0000000e+000  2.8894735e-009  3.1634025e-009  3.8643729e-009  4.0148769e-009  4.1821316e-009  4.6666025e-009  5.1150590e-009  5.3876005e-009  5.4529336e-009  5.0930919e-009  4.7431978e-009  4.4829280e-009  4.6894561e-009  4.6041802e-009  4.1551602e-009  3.6481505e-009  3.3958856e-009  2.9313708e-009             NaN  3.3018951e-009  3.8441713e-009  3.6358697e-009  4.4046803e-009  4.6138197e-009  4.4095549e-009  4.4130216e-009  4.2990051e-009  4.2674194e-009  4.2187054e-009  4.2327772e-009  4.2088233e-009  4.4391316e-009  4.9187423e-009  5.5096490e-009  6.3024122e-009  6.6227314e-009
  5.0000000e+000  5.3804790e-009  4.6965552e-009  4.6272098e-009  4.8671731e-009  4.9598118e-009  5.6950209e-009  6.3233307e-009  6.1735533e-009  6.4778602e-009  6.3484840e-009  5.9732949e-009  6.0315717e-009  6.1993452e-009  5.8587965e-009  5.9175375e-009  6.4071880e-009  6.2340129e-009  6.0220743e-009             NaN  6.5515379e-009  7.5707386e-009  5.8330652e-009  7.4326686e-009  7.2600586e-009  6.4291036e-009  5.8685593e-009  5.8708828e-009  5.6168180e-009  5.3578417e-009  4.9700202e-009  4.9614346e-009  4.8633929e-009  5.2295339e-009  6.3264095e-009  7.0641181e-009  7.5438326e-009
  3.0000000e+000  5.1504778e-009  5.4932162e-009  5.7324860e-009  5.9763912e-009  6.3241142e-009  6.7575085e-009  7.3451425e-009  7.3821145e-009  7.5772341e-009  7.5638414e-009  7.3574648e-009  7.7451453e-009  7.8264162e-009  7.8243047e-009  8.3447256e-009  8.4596465e-009  9.0917604e-009  8.6259287e-009             NaN  9.1166326e-009  1.0273399e-008  9.5401241e-009  9.1333158e-009  8.8766866e-009  8.4027476e-009  7.9806054e-009  7.4661322e-009  7.0459549e-009  6.5904131e-009  6.0388480e-009  5.4127802e-009  5.4638952e-009  5.6644871e-009  6.6771960e-009  7.2608467e-009  7.6830658e-009
  2.0000000e+000  5.5032422e-009  6.3369265e-009  6.4850727e-009  6.9822807e-009  7.0110935e-009  7.2566716e-009  7.3758127e-009  7.2644815e-009  7.6162373e-009  7.5841734e-009  8.0253295e-009  8.4126719e-009  8.3005426e-009  9.0504742e-009  9.1278589e-009  9.2213360e-009  9.5971471e-009  1.0463862e-008             NaN  1.0267306e-008  1.0656720e-008  1.0819739e-008  1.0854480e-008  1.0080142e-008  8.9624189e-009  8.7411965e-009  8.4110807e-009  7.6557325e-009  7.4936173e-009  6.5097399e-009  5.4482029e-009  5.2967111e-009  5.1727975e-009  5.3718286e-009  6.4364207e-009  6.8448928e-009
  1.5000000e+000  6.2041625e-009  6.7219747e-009  6.3584743e-009  6.9716753e-009  6.7410671e-009  6.7918704e-009  7.0758969e-009  6.9784131e-009  7.1135940e-009  7.3868677e-009  7.7448097e-009  8.5159677e-009  8.2839375e-009  8.5908868e-009  8.6741656e-009  9.2877282e-009  9.5830541e-009  1.0626290e-008             NaN  1.0138659e-008  1.0264538e-008  1.0887175e-008  1.0449940e-008  1.0341221e-008  1.0015179e-008  8.6506069e-009  8.4161705e-009  7.8088949e-009  7.1348111e-009  6.2172030e-009  5.8981756e-009  5.5971040e-009  5.8279042e-009  5.6498919e-009  5.7262272e-009  6.5173307e-009
  1.0000000e+000  6.6941193e-009  6.2063939e-009  6.1562489e-009  6.4270848e-009  6.2356314e-009  6.2953306e-009  6.3080287e-009  6.1831648e-009  6.4315889e-009  6.9812912e-009  7.7581314e-009  7.9816134e-009  7.7159957e-009  8.0084005e-009  8.3082752e-009  8.8905005e-009  8.5560943e-009  8.6535544e-009             NaN  9.2997578e-009  9.2444060e-009  8.9233682e-009  1.0197396e-008  9.8715621e-009  9.2898940e-009  7.8923737e-009  7.2896419e-009  7.6052466e-009  6.8104397e-009  6.2568052e-009  5.3597594e-009  5.0975321e-009  5.3182220e-009  4.8921198e-009  5.3210215e-009  5.7431550e-009
  7.0000000e-001  6.5669165e-009  6.3226464e-009  5.5579332e-009  5.4903340e-009  5.6156942e-009  5.6394504e-009  5.6630757e-009  5.6128045e-009  5.9518209e-009  6.0415340e-009  6.6013056e-009  6.8847368e-009  7.2537731e-009  7.2168663e-009  7.1776685e-009  6.9368844e-009  7.5022957e-009  7.2085510e-009             NaN  7.8344549e-009  7.5645892e-009  6.7311487e-009  7.6777185e-009  8.5184444e-009  8.6930868e-009  7.5224150e-009  6.8749670e-009  5.8554853e-009  5.5537786e-009  5.6990727e-009  5.0642042e-009  5.0072562e-009  5.0304680e-009  4.9859227e-009  5.2220375e-009  4.8806969e-009
  5.0000000e-001  7.4513571e-009  5.1116934e-009  4.9240790e-009  5.1188001e-009  4.9575808e-009  4.9019439e-009  4.9714817e-009  5.1466390e-009  5.3280685e-009  5.2104000e-009  5.7776339e-009  5.8371650e-009  6.1910799e-009  6.0139114e-009  5.9191864e-009  6.2660878e-009  6.1326710e-009  6.0738521e-009             NaN  5.7366290e-009  5.5691465e-009  5.1249043e-009  6.3722819e-009  6.0477448e-009  6.9003177e-009  5.9019441e-009  6.2293628e-009  5.5140214e-009  5.2376203e-009  4.9019718e-009  4.4878398e-009  4.7988333e-009  4.6380780e-009  4.2750059e-009  5.0739938e-009  5.5200759e-009
  3.0000000e-001             NaN  4.5317564e-009  4.5889362e-009  4.1368256e-009  4.5117360e-009  4.1999914e-009  4.5055771e-009  4.2829969e-009  4.5254918e-009  4.4758662e-009  4.7619633e-009  4.5724936e-009  4.6888901e-009  4.3194192e-009  4.4154654e-009  4.4966063e-009  4.7649752e-009  4.7938333e-009             NaN  4.8780406e-009  5.2927731e-009  5.1058271e-009  5.5953201e-009  5.5752971e-009  5.8999292e-009  4.8292355e-009  4.6411317e-009  4.6110986e-009  4.5028290e-009  4.5556955e-009  4.7036440e-009  5.0951243e-009  4.4810268e-009  5.8580896e-009  6.1114886e-009  4.3739643e-009
  2.0000000e-001             NaN  5.9502161e-009  3.7185883e-009  4.4656204e-009  3.8098298e-009  4.5245041e-009  4.6246371e-009  4.5906525e-009  4.5794186e-009  4.8978093e-009  4.6036979e-009  4.4983900e-009  5.1698057e-009  3.9722276e-009  3.7997345e-009  4.0736459e-009  3.7506466e-009  4.0491268e-009             NaN  5.5934896e-009  5.0963091e-009  4.9140371e-009  4.6785193e-009  5.4485720e-009  4.3875478e-009  4.3764549e-009  5.1473266e-009  5.0913403e-009  5.7418961e-009  5.6530995e-009  5.2334727e-009  6.3457816e-009  6.9742259e-009  5.3710502e-009  5.4046487e-009  3.7976980e-009
  1.5000000e-001             NaN  3.9988040e-009  5.1684353e-009  4.2917328e-009  4.0592211e-009  4.6871281e-009  4.8398474e-009  5.0101432e-009  4.9613608e-009  5.5772483e-009  5.1789738e-009  5.3780938e-009  6.0699617e-009  5.1882566e-009  5.1314581e-009  5.2456621e-009  4.2176915e-009  4.7096448e-009             NaN  4.9405119e-009  6.4954493e-009  6.0507025e-009  6.3353914e-009  5.6033413e-009  5.3556668e-009  6.5830911e-009  6.8871834e-009  6.9228622e-009  6.9350317e-009  6.6518519e-009  6.7353970e-009  5.9390727e-009  6.3816094e-009  6.9806841e-009  8.8215679e-009  5.8011819e-009
  1.0000000e-001             NaN             NaN  5.1964130e-009  6.4271609e-009  6.4371548e-009  6.6677584e-009  6.2127533e-009  6.1127519e-009  6.0191479e-009  6.4867644e-009  7.0792387e-009  7.1051170e-009  7.0062808e-009  5.7808660e-009  5.8177523e-009  7.6086543e-009  6.6660171e-009  6.8469531e-009             NaN  8.2023167e-009  8.5622455e-009  7.1683890e-009  7.3597625e-009  7.0973120e-009  8.3896223e-009  8.7201106e-009  9.0164619e-009  8.4262035e-009  8.9261114e-009  9.3637225e-009  1.0474423e-008  8.9578121e-009  1.0499924e-008  1.1070685e-008  1.0272346e-008             NaN
             NaN -8.7500000e+001 -8.2500000e+001 -7.7500000e+001 -7.2500000e+001 -6.7500000e+001 -6.2500000e+001 -5.7500000e+001 -5.2500000e+001 -4.7500000e+001 -4.2500000e+001 -3.7500000e+001 -3.2500000e+001 -2.7500000e+001 -2.2500000e+001 -1.7500000e+001 -1.2500000e+001 -7.5000000e+000 -2.5000000e+000  2.5000000e+000  7.5000000e+000  1.2500000e+001  1.7500000e+001  2.2500000e+001  2.7500000e+001  3.2500000e+001  3.7500000e+001  4.2500000e+001  4.7500000e+001  5.2500000e+001  5.7500000e+001  6.2500000e+001  6.7500000e+001  7.2500000e+001  7.7500000e+001  8.2500000e+001  8.7500000e+001
  1.0000000e+003             NaN             NaN             NaN             NaN             NaN             NaN             NaN             NaN             NaN             NaN             NaN             NaN             NaN             NaN             NaN             NaN             NaN             NaN             NaN             NaN             NaN             NaN             NaN             NaN             NaN             NaN             NaN             NaN             NaN             NaN             NaN             NaN             NaN             NaN             NaN             NaN
  8.5000000e+002             NaN             NaN             NaN             NaN             NaN             NaN             NaN             NaN             NaN             NaN             NaN             NaN             NaN             NaN             NaN             NaN             NaN             NaN             NaN             NaN             NaN             NaN             NaN             NaN             NaN             NaN             NaN             NaN             NaN             NaN             NaN             NaN             NaN             NaN             NaN             NaN
  7.0000000e+002             NaN             NaN             NaN             NaN             NaN             NaN             NaN             NaN             NaN             NaN             NaN             NaN             NaN             NaN             NaN             NaN             NaN             NaN             NaN             NaN             NaN             NaN             NaN             NaN             NaN             NaN             NaN             NaN             NaN             NaN             NaN             NaN             NaN             NaN             NaN             NaN
  5.0000000e+002             NaN             NaN             NaN             NaN             NaN             NaN             NaN             NaN             NaN             NaN             NaN             NaN             NaN             NaN             NaN             NaN             NaN             NaN             NaN             NaN             NaN             NaN             NaN             NaN             NaN             NaN             NaN             NaN             NaN             NaN             NaN             NaN             NaN             NaN             NaN             NaN
  4.0000000e+002             NaN             NaN             NaN             NaN             NaN             NaN             NaN             NaN             NaN             NaN             NaN             NaN             NaN             NaN             NaN             NaN             NaN             NaN             NaN             NaN             NaN             NaN             NaN             NaN             NaN             NaN             NaN             NaN             NaN             NaN             NaN             NaN             NaN             NaN             NaN             NaN
  3.0000000e+002             NaN             NaN             NaN             NaN             NaN             NaN             NaN             NaN             NaN             NaN             NaN             NaN             NaN             NaN             NaN             NaN             NaN             NaN             NaN             NaN             NaN             NaN             NaN             NaN             NaN             NaN             NaN             NaN             NaN             NaN             NaN             NaN             NaN             NaN             NaN             NaN
  2.5000000e+002             NaN             NaN             NaN             NaN             NaN             NaN             NaN             NaN             NaN             NaN             NaN             NaN             NaN             NaN             NaN             NaN             NaN             NaN             NaN             NaN             NaN             NaN             NaN             NaN             NaN             NaN             NaN             NaN             NaN             NaN             NaN             NaN             NaN             NaN             NaN             NaN
  2.0000000e+002             NaN             NaN             NaN             NaN             NaN             NaN             NaN             NaN             NaN             NaN             NaN             NaN             NaN             NaN             NaN             NaN             NaN             NaN             NaN             NaN             NaN             NaN             NaN             NaN             NaN             NaN             NaN             NaN             NaN             NaN             NaN             NaN             NaN             NaN             NaN             NaN
  1.7000000e+002             NaN             NaN             NaN             NaN             NaN             NaN             NaN             NaN             NaN             NaN             NaN             NaN             NaN             NaN             NaN             NaN             NaN             NaN             NaN             NaN             NaN             NaN             NaN             NaN             NaN             NaN             NaN             NaN             NaN             NaN             NaN             NaN             NaN             NaN             NaN             NaN
  1.5000000e+002             NaN             NaN             NaN             NaN             NaN             NaN             NaN             NaN             NaN             NaN             NaN             NaN             NaN             NaN             NaN             NaN             NaN             NaN             NaN             NaN             NaN             NaN             NaN             NaN             NaN             NaN             NaN             NaN             NaN             NaN             NaN             NaN             NaN             NaN             NaN             NaN
  1.3000000e+002             NaN             NaN             NaN             NaN             NaN             NaN             NaN             NaN             NaN             NaN             NaN             NaN  2.2736019e-011  2.1212089e-011  2.0238143e-011  2.7271622e-011  2.2691703e-011             NaN             NaN             NaN             NaN  4.5886270e-011  4.0844669e-011             NaN             NaN             NaN             NaN             NaN             NaN             NaN             NaN             NaN             NaN             NaN             NaN             NaN
  1.1500000e+002             NaN             NaN             NaN             NaN             NaN  9.1956490e-011             NaN  6.5971447e-012  3.7085584e-011  1.3033030e-011  2.6308366e-011  1.6317492e-011  1.5520527e-011  3.0671912e-011  3.2891123e-011  3.2677491e-011  3.5316953e-011  3.2440984e-011             NaN  4.4726546e-011  2.5551116e-011  8.1491297e-012  3.9999784e-011  4.9877411e-011  7.0121734e-012  6.0888146e-012  6.9677770e-012  6.7233782e-011  6.6018563e-011  6.5146426e-011  1.2609421e-010             NaN             NaN             NaN  0.0000000e+000             NaN
  1.0000000e+002             NaN  1.6979372e-010  1.0713766e-010  1.6675278e-010  1.3241529e-010  8.7414768e-011  1.3796776e-011  9.2491095e-012  8.5729634e-012  2.1170212e-011  1.4595072e-011  2.5578782e-011  2.0686170e-011  1.3148594e-011  2.2233102e-011  3.3075018e-011  1.3251293e-011  1.2491051e-011             NaN  5.1851923e-011  2.8778698e-011  8.6175910e-011  5.6149840e-011  3.5571873e-011  3.9904874e-011  4.9690432e-011  8.0048254e-012  1.0199722e-010  3.5390030e-012  1.1061168e-011  6.6147944e-012  7.1028033e-011  9.9541848e-011             NaN             NaN             NaN
  9.0000000e+001             NaN  2.2695027e-010  2.8379533e-010  2.2859004e-010  1.8333408e-010  5.8408923e-011  1.0976625e-010  3.3646630e-011  1.8703299e-011  1.4669786e-011  2.6390185e-011  2.2341039e-011  2.1364231e-011  3.3402489e-011  3.1362277e-011  2.8075781e-011  3.3957851e-011  2.2053399e-011             NaN  4.5031819e-011  6.8096254e-011  4.8009785e-011  5.8735882e-011  1.3197266e-011  1.2691682e-010  1.9756523e-011  3.6780951e-011  1.7054541e-011  7.4498925e-012  3.4007557e-011  2.1072434e-010  3.7831265e-011  1.0262190e-010  0.0000000e+000  0.0000000e+000             NaN
  8.0000000e+001  1.1999842e-011  3.5322330e-010  2.1828104e-010  1.8579806e-010  1.3259648e-010  6.2591699e-011  2.1795134e-011  2.6587475e-011  1.8442628e-011  1.7447683e-011  1.8353172e-011  2.1517429e-011  2.4130968e-011  3.3314327e-011  1.7249585e-011  2.1768750e-011  4.1358075e-011  3.4293134e-011             NaN  5.0749108e-011             NaN  3.6178549e-011  1.5974585e-011  9.9498757e-013  3.1911564e-011  1.5073754e-011  5.7399107e-011  2.9312010e-011  4.5410111e-012  5.0351885e-011  2.0214464e-011  5.3598671e-012  9.7228036e-012  3.7499877e-012             NaN  0.0000000e+000
  7.0000000e+001  2.4671095e-010  1.7974504e-010  2.0274252e-010  1.9748963e-010  1.0181032e-010  6.5896169e-011  2.8034822e-011  2.6925883e-011  2.3442723e-011  2.0146916e-011  1.4876336e-011  2.7691582e-011  3.9640450e-011  2.8578958e-011  3.4013544e-011  3.5006880e-011  3.4579520e-011  2.6553384e-011             NaN  4.1335131e-011  3.7777563e-011  5.5491931e-011  4.1412754e-011  3.6093431e-011  6.1920422e-012  1.9089518e-011  4.0002884e-011  1.7012590e-011  1.6631977e-011  1.0904231e-011  0.0000000e+000  1.3546102e-010  1.4015519e-011  0.0000000e+000  0.0000000e+000             NaN
  5.0000000e+001  1.3764999e-010  1.2549679e-010  1.5075583e-010  1.2029662e-010  9.5860945e-011  1.4821382e-010  6.9414712e-011  3.1855702e-011  3.8775892e-011  3.8489468e-011  2.8712594e-011  2.9785633e-011  3.7783895e-011  4.8346631e-011  4.8527749e-011  3.7583688e-011  2.6956407e-011  2.3219348e-011             NaN  1.9988659e-011  2.3380601e-011  2.9010470e-011  2.4154414e-011  4.1951514e-011  3.5620987e-011  4.3385447e-011  2.8832688e-011  2.6874996e-011  3.0242970e-011  2.3160857e-011  3.6112674e-011  2.5329991e-011  4.8027896e-011  4.0953518e-011  3.0469226e-011             NaN
  3.0000000e+001  2.6478845e-010  2.2885131e-010  2.0116092e-010  2.0942274e-010  2.4248083e-010  3.5685661e-010  2.5688710e-010  2.1678526e-010  2.0456107e-010  1.8850122e-010  1.9148662e-010  1.4921633e-010  1.4179746e-010  1.5787641e-010  1.1079430e-010  8.0176539e-011  5.1385671e-011  4.0598920e-011             NaN  6.1973907e-011  5.8891076e-011  4.2761714e-011  4.1292591e-011  9.2155074e-011  1.3167160e-010  6.5637978e-011  6.4563845e-011  4.2531728e-011  7.6801115e-011  1.2392344e-010  1.5467823e-010  2.2054503e-010  2.5195193e-010  2.9139398e-010  2.5788023e-010  2.1081776e-010
  2.0000000e+001  2.7281696e-010  4.1521263e-010  4.6888317e-010  4.5044817e-010  5.7338246e-010  4.7261836e-010  4.7744590e-010  4.3406742e-010  4.0708490e-010  4.0244407e-010  3.8994436e-010  3.9629142e-010  3.0645639e-010  4.6113234e-010  3.7548671e-010  2.3039695e-010  1.9022905e-010  9.7224418e-011             NaN  1.2916969e-010  1.5556593e-010  1.6352983e-010  7.3661494e-011  2.8715765e-010  1.6697124e-010  1.1099396e-010  1.4959045e-010  1.9383142e-010  2.2796248e-010  3.0440938e-010  3.5165526e-010  4.5564055e-010  5.9274914e-010  6.2122669e-010  5.5057684e-010  6.8565408e-010
  1.5000000e+001  8.4904865e-010  8.0281290e-010  7.4026880e-010  7.6457341e-010  8.1676620e-010  6.7530409e-010  6.9726635e-010  7.2720230e-010  6.3733149e-010  6.3693780e-010  7.1742260e-010  7.3413767e-010  7.1856576e-010  6.4624191e-010  8.0101660e-010  5.6849694e-010  4.5764428e-010  2.0419557e-010             NaN  4.5146032e-010  4.8213123e-010  3.6549078e-010  2.4634046e-010  4.5741339e-010  3.6561954e-010  3.8170877e-010  4.2071206e-010  4.8841027e-010  5.2880893e-010  5.2324642e-010  5.9643062e-010  6.6523641e-010  7.9837485e-010  6.8557944e-010  8.2276854e-010  8.9877234e-010
  1.0000000e+001  1.4504641e-009  8.9986577e-010  9.3015743e-010  1.1552390e-009  9.9674597e-010  9.6455592e-010  8.8782589e-010  9.2650321e-010  9.5427618e-010  9.7110323e-010  9.1044810e-010  8.8467774e-010  9.3180927e-010  1.1201564e-009  1.0332815e-009  9.3772142e-010  6.4541076e-010  6.7141011e-010             NaN  8.2990266e-010  9.1298831e-010  7.1737971e-010  8.9660409e-010  1.2868496e-009  8.4546307e-010  7.5221894e-010  5.3348165e-010  7.0350569e-010  7.3165948e-010  5.7763901e-010  5.6175921e-010  6.6200829e-010  7.5702426e-010  8.5067085e-010  9.5642648e-010  8.8459758e-010
  7.0000000e+000  1.5277481e-009  1.3021021e-009  1.2811785e-009  1.2272731e-009  1.2991287e-009  1.2394943e-009  1.2431131e-009  1.0877215e-009  1.0309334e-009  1.1975260e-009  1.2115880e-009  1.1851028e-009  1.2155440e-009  1.4176323e-009  1.6098213e-009  1.5580806e-009  1.2324622e-009  1.0966194e-009             NaN  1.4080132e-009  1.6729623e-009  8.2546035e-010  1.2692238e-009  1.1641206e-009  1.1443722e-009  7.5551794e-010  8.1208445e-010  8.9917598e-010  6.8267478e-010  6.0651825e-010  5.5768409e-010  6.9754291e-010  1.0209669e-009  1.2885335e-009  1.1587535e-009  1.0896130e-009
  5.0000000e+000  2.0747994e-009  1.6216290e-009  1.3584493e-009  1.3822130e-009  1.4212490e-009  1.4731362e-009  1.2635401e-009  1.2526236e-009  1.0113016e-009  1.1132118e-009  1.0700883e-009  1.2644307e-009  1.2500046e-009  1.3991665e-009  1.6616216e-009  1.8096426e-009  1.9540370e-009  1.8032218e-009             NaN  1.7789369e-009  1.6621314e-009  1.3781593e-009  1.1338548e-009  1.4925541e-009  1.1153708e-009  1.3319490e-009  1.2095112e-009  9.2802554e-010  8.0492546e-010  7.6476974e-010  5.8607701e-010  9.3195771e-010  1.2571104e-009  1.8871867e-009  1.5682518e-009  1.3137521e-009
  3.0000000e+000  1.1135462e-009  1.4175277e-009  1.6961586e-009  1.6117774e-009  1.6347030e-009  1.6078630e-009  1.4858098e-009  1.3700080e-009  8.8821086e-010  8.6191329e-010  8.7913859e-010  9.7428964e-010  1.1592316e-009  1.5213573e-009  1.4295904e-009  1.4596165e-009  1.5821934e-009  1.6040854e-009             NaN  1.4194488e-009  1.1187567e-009  1.6782777e-009  1.1709757e-009  1.3294758e-009  1.3705432e-009  1.2150907e-009  9.7583352e-010  8.4996058e-010  9.3392567e-010  6.5371735e-010  8.2787655e-010  1.4213201e-009  1.6155025e-009  1.6567429e-009  1.6141840e-009  1.4163577e-009
  2.0000000e+000  8.1691954e-010  1.4956660e-009  1.6468775e-009  1.6211714e-009  1.5381902e-009  1.2899162e-009  1.3173790e-009  1.3343415e-009  8.6239734e-010  7.7280990e-010  1.1916618e-009  9.9259218e-010  8.9826866e-010  1.3935421e-009  1.6921933e-009  1.1782745e-009  1.3080353e-009  1.7012340e-009             NaN  1.6172372e-009  1.4932684e-009  1.3894973e-009  8.2368551e-010  1.0278993e-009  8.1272085e-010  8.6153902e-010  8.4434707e-010  1.1436301e-009  1.1224306e-009  1.3038289e-009  8.9382717e-010  1.3132471e-009  1.4738467e-009  1.5323960e-009  1.8065126e-009  1.7034943e-009
  1.5000000e+000  1.2042700e-009  1.6117057e-009  1.5279761e-009  1.5785123e-009  1.3865327e-009  1.2829294e-009  1.3023492e-009  1.1672112e-009  1.0658864e-009  8.9336319e-010  9.4364176e-010  1.2509528e-009  9.3778064e-010  1.1261346e-009  1.3548607e-009  1.2280897e-009  1.3347287e-009  1.3928782e-009             NaN  1.4212076e-009  1.4355785e-009  9.6582982e-010  1.2962797e-009  7.8643293e-010  1.0710801e-009  1.0935666e-009  1.0515479e-009  1.5527874e-009  1.6881042e-009  1.1863926e-009  1.3146798e-009  2.0117167e-009  2.1726650e-009  1.4509199e-009  1.4912104e-009  1.7205162e-009
  1.0000000e+000  1.8881009e-009  1.2252743e-009  1.1816109e-009  1.0585108e-009  1.0766042e-009  9.0744394e-010  9.9823164e-010  1.0583250e-009  9.4751874e-010  1.1395647e-009  1.0336605e-009  1.1025586e-009  8.3228563e-010  9.6390755e-010  1.1522887e-009  1.2089278e-009  9.3544884e-010  8.5961327e-010             NaN  1.3828671e-009  1.4423765e-009  2.8813668e-010  8.2831130e-010  1.0434341e-009  1.7877351e-009  1.8344884e-009  2.5139138e-009  2.1002546e-009  1.8553417e-009  1.7226039e-009  1.2799214e-009  1.7287329e-009  2.0037054e-009  1.2974358e-009  2.0897337e-009  2.6484565e-009
  7.0000000e-001  1.7508151e-009  2.1518444e-009  1.1704880e-009  8.8580795e-010  9.0823625e-010  1.0023248e-009  9.5637816e-010  9.5284624e-010  1.0808625e-009  1.1358652e-009  1.2229699e-009  8.3084408e-010  8.2527456e-010  7.4509711e-010  9.1449035e-010  1.0983175e-009  6.6757402e-010  1.1842955e-009             NaN  9.9542061e-010  1.2089351e-009  7.1245683e-010  1.0290883e-009  2.0214102e-009  2.0131951e-009  2.3412845e-009  2.3355126e-009  1.6901221e-009  1.7149421e-009  1.5540304e-009  1.5026559e-009  1.6269385e-009  1.6909408e-009  2.0987033e-009  2.8956856e-009  3.6201526e-009
  5.0000000e-001  3.0228775e-009  1.3252934e-009  1.0554450e-009  1.2734456e-009  1.3355214e-009  1.1845676e-009  1.1024035e-009  1.1654950e-009  1.2001016e-009  1.3392673e-009  1.2473969e-009  1.1152863e-009  8.1414859e-010  9.2399169e-010  1.1426054e-009  1.0894380e-009  1.0041289e-009  1.2992524e-009             NaN  1.0689700e-009  1.1620881e-009  1.4426612e-009  1.7525604e-009  1.8315590e-009  2.1297395e-009  2.1680348e-009  2.3684504e-009  1.9762444e-009  1.7803073e-009  1.5548774e-009  1.5369632e-009  1.7443868e-009  2.0280854e-009  2.2676167e-009  4.1330371e-009  4.2259969e-009
  3.0000000e-001             NaN  2.0963728e-009  1.5081151e-009  1.2283256e-009  1.5008372e-009  1.3496579e-009  1.6092909e-009  1.4756105e-009  1.6072197e-009  1.3267050e-009  1.4766814e-009  1.4702030e-009  1.3964948e-009  1.2045629e-009  1.1453081e-009  1.4510667e-009  1.4046239e-009  1.5330297e-009             NaN  2.2795466e-009  1.5714232e-009  1.8692678e-009  1.9115807e-009  1.9332453e-009  1.8958867e-009  1.8851870e-009  1.8164434e-009  1.6497398e-009  1.4526007e-009  1.5226193e-009  1.8399789e-009  2.4569587e-009  1.8430708e-009  4.4838052e-009  4.9703261e-009  1.8694374e-009
  2.0000000e-001             NaN  3.7680940e-009  1.2938412e-009  1.8012709e-009  1.5279363e-009  2.0516168e-009  1.9836916e-009  1.8258362e-009  1.7207329e-009  2.6956543e-009  2.3822002e-009  1.9172876e-009  2.4228480e-009  1.2546648e-009  1.6234999e-009  1.3301877e-009  1.3070401e-009  1.3987179e-009             NaN  2.7997291e-009  1.6262837e-009  3.0473152e-009  1.7437739e-009  1.2691273e-009  1.5549902e-009  1.1892862e-009  1.9310649e-009  1.8137837e-009  2.8298429e-009  2.7569393e-009  2.0168203e-009  3.9232368e-009  5.4094473e-009  3.2779023e-009  2.4645416e-009  8.8545481e-010
  1.5000000e-001             NaN  1.2492305e-009  2.4768264e-009  1.8609171e-009  1.7860932e-009  1.9080248e-009  1.7039483e-009  1.9492435e-009  1.8693499e-009  2.6454743e-009  2.3294805e-009  2.2925633e-009  3.2232869e-009  2.6408627e-009  2.1649508e-009  2.7936528e-009  1.4415517e-009  1.1814480e-009             NaN  1.0142301e-009  2.1217702e-009  1.5569050e-009  2.1182460e-009  3.0389861e-009  2.3378810e-009  2.8722826e-009  3.3063621e-009  3.2328338e-009  3.6571744e-009  3.2441696e-009  3.6976587e-009  2.9084507e-009  4.3608234e-009  4.1202140e-009  7.9282172e-009  1.7719924e-009
  1.0000000e-001             NaN             NaN  1.9664112e-009  2.4089339e-009  2.3221187e-009  3.1865786e-009  2.0803165e-009  2.7907174e-009  1.8910687e-009  2.9415378e-009  3.7858701e-009  3.2152991e-009  3.3612637e-009  2.6168692e-009  2.2695619e-009  3.5336290e-009  2.6092874e-009  1.9565408e-009             NaN  3.1659246e-009  1.9800416e-009  1.6840706e-009  1.1403909e-009  4.1529715e-009  4.7336180e-009  4.2320280e-009  3.8031987e-009  4.4822612e-009  4.1413607e-009  5.1869878e-009  5.4740816e-009  5.2059244e-009  6.7648057e-009  6.8502510e-009  6.6455954e-009             NaN
             NaN -8.7500000e+001 -8.2500000e+001 -7.7500000e+001 -7.2500000e+001 -6.7500000e+001 -6.2500000e+001 -5.7500000e+001 -5.2500000e+001 -4.7500000e+001 -4.2500000e+001 -3.7500000e+001 -3.2500000e+001 -2.7500000e+001 -2.2500000e+001 -1.7500000e+001 -1.2500000e+001 -7.5000000e+000 -2.5000000e+000  2.5000000e+000  7.5000000e+000  1.2500000e+001  1.7500000e+001  2.2500000e+001  2.7500000e+001  3.2500000e+001  3.7500000e+001  4.2500000e+001  4.7500000e+001  5.2500000e+001  5.7500000e+001  6.2500000e+001  6.7500000e+001  7.2500000e+001  7.7500000e+001  8.2500000e+001  8.7500000e+001
  1.0000000e+003             NaN             NaN             NaN             NaN             NaN             NaN             NaN             NaN             NaN             NaN             NaN             NaN             NaN             NaN             NaN             NaN             NaN             NaN             NaN             NaN             NaN             NaN             NaN             NaN             NaN             NaN             NaN             NaN             NaN             NaN             NaN             NaN             NaN             NaN             NaN             NaN
  8.5000000e+002             NaN             NaN             NaN             NaN             NaN             NaN             NaN             NaN             NaN             NaN             NaN             NaN             NaN             NaN             NaN             NaN             NaN             NaN             NaN             NaN             NaN             NaN             NaN             NaN             NaN             NaN             NaN             NaN             NaN             NaN             NaN             NaN             NaN             NaN             NaN             NaN
  7.0000000e+002             NaN             NaN             NaN             NaN             NaN             NaN             NaN             NaN             NaN             NaN             NaN             NaN             NaN             NaN             NaN             NaN             NaN             NaN             NaN             NaN             NaN             NaN             NaN             NaN             NaN             NaN             NaN             NaN             NaN             NaN             NaN             NaN             NaN             NaN             NaN             NaN
  5.0000000e+002             NaN             NaN             NaN             NaN             NaN             NaN             NaN             NaN             NaN             NaN             NaN             NaN             NaN             NaN             NaN             NaN             NaN             NaN             NaN             NaN             NaN             NaN             NaN             NaN             NaN             NaN             NaN             NaN             NaN             NaN             NaN             NaN             NaN             NaN             NaN             NaN
  4.0000000e+002             NaN             NaN             NaN             NaN             NaN             NaN             NaN             NaN             NaN             NaN             NaN             NaN             NaN             NaN             NaN             NaN             NaN             NaN             NaN             NaN             NaN             NaN             NaN             NaN             NaN             NaN             NaN             NaN             NaN             NaN             NaN             NaN             NaN             NaN             NaN             NaN
  3.0000000e+002             NaN             NaN             NaN             NaN             NaN             NaN             NaN             NaN             NaN             NaN             NaN             NaN             NaN             NaN             NaN             NaN             NaN             NaN             NaN             NaN             NaN             NaN             NaN             NaN             NaN             NaN             NaN             NaN             NaN             NaN             NaN             NaN             NaN             NaN             NaN             NaN
  2.5000000e+002             NaN             NaN             NaN             NaN             NaN             NaN             NaN             NaN             NaN             NaN             NaN             NaN             NaN             NaN             NaN             NaN             NaN             NaN             NaN             NaN             NaN             NaN             NaN             NaN             NaN             NaN             NaN             NaN             NaN             NaN             NaN             NaN             NaN             NaN             NaN             NaN
  2.0000000e+002             NaN             NaN             NaN             NaN             NaN             NaN             NaN             NaN             NaN             NaN             NaN             NaN             NaN             NaN             NaN             NaN             NaN             NaN             NaN             NaN             NaN             NaN             NaN             NaN             NaN             NaN             NaN             NaN             NaN             NaN             NaN             NaN             NaN             NaN             NaN             NaN
  1.7000000e+002             NaN             NaN             NaN             NaN             NaN             NaN             NaN             NaN             NaN             NaN             NaN             NaN             NaN             NaN             NaN             NaN             NaN             NaN             NaN             NaN             NaN             NaN             NaN             NaN             NaN             NaN             NaN             NaN             NaN             NaN             NaN             NaN             NaN             NaN             NaN             NaN
  1.5000000e+002             NaN             NaN             NaN             NaN             NaN             NaN             NaN             NaN             NaN             NaN             NaN             NaN             NaN             NaN             NaN             NaN             NaN             NaN             NaN             NaN             NaN             NaN             NaN             NaN             NaN             NaN             NaN             NaN             NaN             NaN             NaN             NaN             NaN             NaN             NaN             NaN
  1.3000000e+002             NaN             NaN             NaN             NaN             NaN             NaN             NaN             NaN             NaN             NaN             NaN             NaN  2.0550000e-011  1.6450000e-011  1.6300000e-011  1.7200000e-011  1.8150000e-011             NaN             NaN             NaN             NaN  1.5850000e-011  1.6200000e-011             NaN             NaN             NaN             NaN             NaN             NaN             NaN             NaN             NaN             NaN             NaN             NaN             NaN
  1.1500000e+002             NaN             NaN             NaN             NaN             NaN  1.6500000e-011             NaN  1.3600000e-011  1.2350000e-011  1.4900000e-011  1.6950000e-011  1.6350000e-011  1.6100000e-011  1.8100000e-011  1.5900000e-011  1.7950000e-011  1.7900000e-011  1.7050000e-011             NaN  1.8800000e-011  2.6650000e-011  1.4700000e-011  1.3300000e-011  1.5000000e-011  1.2850000e-011  1.4150000e-011  1.2600000e-011  1.6600000e-011  1.2600000e-011  1.6200000e-011  1.6500000e-011             NaN             NaN             NaN  1.1400000e-011             NaN
  1.0000000e+002             NaN  1.7500000e-011  1.7200000e-011  1.8650000e-011  1.7500000e-011  1.7600000e-011  1.6300000e-011  1.4800000e-011  1.4700000e-011  1.5100000e-011  1.5100000e-011  1.6000000e-011  1.6200000e-011  1.4100000e-011  1.3900000e-011  1.4200000e-011  1.5300000e-011  1.4900000e-011             NaN  1.2400000e-011  1.9900000e-011  1.5200000e-011  1.5500000e-011  1.4250000e-011  1.1300000e-011  1.2900000e-011  1.3000000e-011  1.4155000e-011  1.0685000e-011  1.7350000e-011  1.6200000e-011  1.9000000e-011  5.7100000e-011             NaN             NaN             NaN
  9.0000000e+001             NaN  1.6200000e-011  1.6700000e-011  1.8600000e-011  1.9500000e-011  1.7600000e-011  1.7800000e-011  1.5700000e-011  1.2350000e-011  1.3300000e-011  1.3550000e-011  1.2300000e-011  1.2600000e-011  1.2050000e-011  1.1600000e-011  1.1800000e-011  1.5150000e-011  1.3400000e-011             NaN  1.5650000e-011  1.2200000e-011  1.6600000e-011  1.3100000e-011  1.2000000e-011  1.3900000e-011  1.4900000e-011  1.2450000e-011  1.1695000e-011  1.3800000e-011  1.4700000e-011  1.5450000e-011  1.7600000e-011  1.7500000e-011  1.5700000e-011  1.5700000e-011             NaN
  8.0000000e+001  1.9500000e-011  2.0150000e-011  1.9800000e-011  1.9150000e-011  1.9900000e-011  1.8700000e-011  1.7100000e-011  1.7150000e-011  1.7950000e-011  1.3350000e-011  1.4700000e-011  1.1800000e-011  1.2200000e-011  1.2600000e-011  1.0800000e-011  1.1700000e-011  1.6350000e-011  1.7600000e-011             NaN  1.7900000e-011             NaN  1.6000000e-011  1.4400000e-011  1.2600000e-011  1.1900000e-011  1.1500000e-011  1.2100000e-011  1.8250000e-011  1.9100000e-011  1.7400000e-011  1.7400000e-011  1.7800000e-011  1.7200000e-011  1.9550000e-011             NaN  3.1500000e-011
  7.0000000e+001  1.7950000e-011  1.8500000e-011  1.7500000e-011  1.7200000e-011  1.5700000e-011  1.5900000e-011  1.6900000e-011  1.4400000e-011  1.2450000e-011  1.5600000e-011  1.3150000e-011  1.4200000e-011  1.3050000e-011  1.5000000e-011  1.4800000e-011  1.5250000e-011  1.7100000e-011  1.7500000e-011             NaN  1.4800000e-011  1.7550000e-011  1.8100000e-011  2.1600000e-011  1.4900000e-011  1.5200000e-011  1.3500000e-011  1.6500000e-011  1.2250000e-011  1.1800000e-011  1.3400000e-011  1.0600000e-011  1.6800000e-011  1.5050000e-011  1.1300000e-011  1.6100000e-011             NaN
  5.0000000e+001  2.3000000e-011  1.8750000e-011  1.9400000e-011  1.9000000e-011  1.8100000e-011  1.9400000e-011  1.8950000e-011  2.0600000e-011  2.0600000e-011  2.3000000e-011  2.1850000e-011  1.7900000e-011  2.0200000e-011  1.9250000e-011  1.8950000e-011  1.9950000e-011  2.4000000e-011  2.5100000e-011             NaN  2.1500000e-011  2.2100000e-011  2.8100000e-011  3.8400000e-011  2.9650000e-011  2.3300000e-011  2.0150000e-011  1.7000000e-011  1.7250000e-011  1.7100000e-011  1.7200000e-011  1.8600000e-011  1.7250000e-011  1.8200000e-011  2.1800000e-011  2.0400000e-011             NaN
  3.0000000e+001  2.7500000e-011  2.7200000e-011  2.7050000e-011  2.6800000e-011  2.7500000e-011  2.7900000e-011  2.9150000e-011  2.9200000e-011  2.9600000e-011  2.9200000e-011  2.9150000e-011  2.8850000e-011  3.0350000e-011  2.8600000e-011  3.1400000e-011  3.1750000e-011  3.7850000e-011  4.1800000e-011             NaN  4.2900000e-011  4.7600000e-011  4.3800000e-011  5.7800000e-011  4.8600000e-011  4.7500000e-011  3.2600000e-011  2.8450000e-011  2.5550000e-011  2.7100000e-011  2.8400000e-011  2.6500000e-011  2.9500000e-011  3.0100000e-011  3.4150000e-011  3.6000000e-011  3.7900000e-011
  2.0000000e+001  3.8100000e-011  3.7600000e-011  3.6100000e-011  3.6800000e-011  3.8550000e-011  4.1000000e-011  4.2950000e-011  4.2150000e-011  4.2700000e-011  4.2900000e-011  4.3400000e-011  4.4000000e-011  4.2700000e-011  4.7500000e-011  4.4150000e-011  4.4350000e-011  4.9600000e-011  5.1600000e-011             NaN  8.1100000e-011  8.5900000e-011  6.8700000e-011  8.7350000e-011  7.1800000e-011  5.0800000e-011  4.3800000e-011  3.6700000e-011  3.7650000e-011  3.7600000e-011  3.8300000e-011  3.7600000e-011  4.1000000e-011  4.3050000e-011  4.9500000e-011  5.1400000e-011  5.4400000e-011
  1.5000000e+001  4.9000000e-011  4.9400000e-011  5.1700000e-011  5.1450000e-011  5.0000000e-011  5.8600000e-011  6.1350000e-011  6.0550000e-011  6.1000000e-011  6.2150000e-011  6.1250000e-011  6.0650000e-011  6.2600000e-011  6.1300000e-011  6.6300000e-011  6.2650000e-011  7.3200000e-011  6.7300000e-011             NaN  9.7400000e-011  1.0900000e-010  8.3800000e-011  1.0100000e-010  9.5400000e-011  7.2200000e-011  6.3200000e-011  5.8700000e-011  5.7800000e-011  5.7200000e-011  5.6300000e-011  5.1250000e-011  5.6150000e-011  5.8800000e-011  6.6900000e-011  7.6350000e-011  7.8800000e-011
  1.0000000e+001  6.8250000e-011  6.9200000e-011  6.8450000e-011  7.1600000e-011  7.2900000e-011  7.7000000e-011  8.0400000e-011  7.9600000e-011  8.2400000e-011  8.1800000e-011  8.0150000e-011  8.0500000e-011  8.2750000e-011  8.4700000e-011  9.3550000e-011  9.0450000e-011  9.2700000e-011  9.5200000e-011             NaN  1.2400000e-010  1.3200000e-010  1.2800000e-010  1.4300000e-010  1.2950000e-010  8.6200000e-011  8.7400000e-011  8.1450000e-011  7.9200000e-011  7.5000000e-011  7.3500000e-011  7.3400000e-011  7.4000000e-011  7.8000000e-011  8.9700000e-011  9.6500000e-011  1.0000000e-010
  7.0000000e+000  9.3250000e-011  8.9900000e-011  9.9100000e-011  9.7550000e-011  1.0000000e-010  1.0300000e-010  1.0600000e-010  1.0800000e-010  1.0850000e-010  1.0550000e-010  1.0450000e-010  1.0200000e-010  1.1400000e-010  1.1900000e-010  1.2700000e-010  1.2700000e-010  1.4800000e-010  1.4850000e-010             NaN  1.6400000e-010  2.1500000e-010  1.8450000e-010  2.0500000e-010  1.6100000e-010  1.2900000e-010  1.2300000e-010  1.1500000e-010  1.0400000e-010  1.0000000e-010  9.5200000e-011  9.3100000e-011  9.7050000e-011  1.0100000e-010  1.0700000e-010  1.2000000e-010  1.2200000e-010
  5.0000000e+000  1.3400000e-010  1.3450000e-010  1.3350000e-010  1.3100000e-010  1.3100000e-010  1.3500000e-010  1.3850000e-010  1.3800000e-010  1.3800000e-010  1.3900000e-010  1.3250000e-010  1.4400000e-010  1.4550000e-010  1.4600000e-010  1.5950000e-010  1.8900000e-010  1.8500000e-010  1.8950000e-010             NaN  2.3200000e-010  2.7350000e-010  2.3400000e-010  2.2100000e-010  1.8950000e-010  1.5400000e-010  1.4800000e-010  1.4750000e-010  1.3800000e-010  1.3500000e-010  1.2300000e-010  1.2300000e-010  1.2600000e-010  1.3000000e-010  1.3850000e-010  1.5000000e-010  1.5300000e-010
  3.0000000e+000  1.8900000e-010  1.9100000e-010  1.8650000e-010  1.9300000e-010  1.8900000e-010  1.9500000e-010  1.9100000e-010  1.9200000e-010  1.9000000e-010  1.9000000e-010  1.9100000e-010  1.9800000e-010  2.1200000e-010  2.1200000e-010  2.2900000e-010  2.3400000e-010  2.6200000e-010  2.4250000e-010             NaN  3.1850000e-010  3.3800000e-010  3.0850000e-010  3.0450000e-010  3.1650000e-010  2.0550000e-010  2.0900000e-010  1.9700000e-010  1.9500000e-010  1.8400000e-010  1.7500000e-010  1.7700000e-010  1.7000000e-010  1.8150000e-010  1.8400000e-010  1.9800000e-010  2.0700000e-010
  2.0000000e+000  2.4800000e-010  2.7100000e-010  2.6400000e-010  2.6200000e-010  2.6300000e-010  2.6200000e-010  2.5750000e-010  2.6200000e-010  2.5300000e-010  2.5150000e-010  2.7050000e-010  2.6600000e-010  2.6800000e-010  2.7800000e-010  2.9700000e-010  3.1200000e-010  3.1200000e-010  3.2500000e-010             NaN  3.8400000e-010  3.9000000e-010  4.2700000e-010  4.4150000e-010  4.0800000e-010  3.0250000e-010  3.0300000e-010  2.6400000e-010  2.5150000e-010  2.5500000e-010  2.4400000e-010  2.3700000e-010  2.3750000e-010  2.5300000e-010  2.4100000e-010  2.4900000e-010  2.5800000e-010
  1.5000000e+000  3.2500000e-010  3.4900000e-010  3.5350000e-010  3.4950000e-010  3.5500000e-010  3.5500000e-010  3.4500000e-010  3.4500000e-010  3.3900000e-010  3.4250000e-010  3.4000000e-010  3.4800000e-010  3.6000000e-010  3.7350000e-010  3.9300000e-010  4.0800000e-010  4.1350000e-010  4.1250000e-010             NaN  5.0450000e-010  4.9400000e-010  5.3100000e-010  5.8000000e-010  5.5400000e-010  4.2950000e-010  3.8000000e-010  3.6400000e-010  3.3600000e-010  3.4800000e-010  3.2500000e-010  3.2700000e-010  3.1750000e-010  3.2900000e-010  3.3050000e-010  3.4250000e-010  3.2500000e-010
  1.0000000e+000  5.1300000e-010  4.9050000e-010  4.9600000e-010  4.8900000e-010  4.9500000e-010  4.8900000e-010  4.7900000e-010  4.8400000e-010  4.8800000e-010  4.7400000e-010  4.7300000e-010  4.8100000e-010  5.2050000e-010  5.2700000e-010  5.1900000e-010  5.3950000e-010  5.5850000e-010  6.2550000e-010             NaN  6.6500000e-010  6.8800000e-010  7.7900000e-010  7.2200000e-010  7.0450000e-010  5.4900000e-010  5.1100000e-010  4.9200000e-010  4.6600000e-010  4.7350000e-010  4.6400000e-010  4.7700000e-010  4.8400000e-010  4.8750000e-010  4.7800000e-010  4.8200000e-010  4.8100000e-010
  7.0000000e-001  7.6050000e-010  7.0500000e-010  7.0400000e-010  6.7700000e-010  6.6400000e-010  6.7900000e-010  6.6800000e-010  6.5900000e-010  6.5350000e-010  6.6600000e-010  6.8400000e-010  6.7600000e-010  6.7800000e-010  7.3600000e-010  7.5250000e-010  8.3350000e-010  7.0900000e-010  9.0100000e-010             NaN  9.4000000e-010  9.1250000e-010  9.9400000e-010  9.8200000e-010  8.2100000e-010  7.2650000e-010  6.9000000e-010  6.8900000e-010  6.9100000e-010  6.6000000e-010  6.7600000e-010  6.7300000e-010  6.6800000e-010  6.8300000e-010  6.9000000e-010  6.8600000e-010  6.7500000e-010
  5.0000000e-001  1.0545000e-009  8.9200000e-010  9.3450000e-010  9.4600000e-010  9.6900000e-010  9.6300000e-010  9.2400000e-010  9.4400000e-010  9.2050000e-010  9.3500000e-010  9.2100000e-010  9.2300000e-010  9.4750000e-010  9.9900000e-010  1.0400000e-009  1.0550000e-009  1.0650000e-009  1.1900000e-009             NaN  1.3400000e-009  1.4200000e-009  1.4050000e-009  1.3900000e-009  1.2700000e-009  9.5800000e-010  1.0100000e-009  9.7050000e-010  9.6300000e-010  9.5300000e-010  9.6700000e-010  9.9300000e-010  9.7500000e-010  9.8200000e-010  1.0100000e-009  9.6600000e-010  9.8600000e-010
  3.0000000e-001             NaN  1.4200000e-009  1.3700000e-009  1.3250000e-009  1.2800000e-009  1.3500000e-009  1.3300000e-009  1.3200000e-009  1.2800000e-009  1.2700000e-009  1.3300000e-009  1.3600000e-009  1.3450000e-009  1.4100000e-009  1.5000000e-009  1.4500000e-009  1.5100000e-009  1.6900000e-009             NaN  1.7100000e-009  1.9600000e-009  1.8400000e-009  1.8000000e-009  1.5800000e-009  1.4200000e-009  1.4400000e-009  1.4350000e-009  1.4100000e-009  1.4300000e-009  1.4150000e-009  1.4200000e-009  1.4700000e-009  1.4800000e-009  1.4600000e-009  1.4100000e-009  1.4000000e-009
  2.0000000e-001             NaN  2.1000000e-009  1.7800000e-009  1.7800000e-009  1.7850000e-009  1.8050000e-009  1.7900000e-009  1.7500000e-009  1.7900000e-009  1.8450000e-009  1.8400000e-009  1.8500000e-009  1.8150000e-009  1.9200000e-009  1.7100000e-009  1.8400000e-009  2.1450000e-009  2.0100000e-009             NaN  2.2000000e-009  2.4150000e-009  2.8800000e-009  2.2050000e-009  2.3050000e-009  1.9600000e-009  2.1250000e-009  1.9500000e-009  2.1200000e-009  2.0000000e-009  2.0850000e-009  2.0850000e-009  2.0300000e-009  1.9600000e-009  2.0800000e-009  2.0000000e-009  1.9100000e-009
  1.5000000e-001             NaN  2.0000000e-009  2.5050000e-009  2.3500000e-009  2.2500000e-009  2.3200000e-009  2.3100000e-009  2.2800000e-009  2.3550000e-009  2.5800000e-009  2.5400000e-009  2.4400000e-009  2.5900000e-009  2.4200000e-009  2.5800000e-009  2.4400000e-009  2.5900000e-009  2.4050000e-009             NaN  2.7500000e-009  3.3100000e-009  2.8800000e-009  2.8450000e-009  2.6500000e-009  2.7150000e-009  2.7150000e-009  2.7250000e-009  2.7800000e-009  2.7600000e-009  2.7000000e-009  2.7300000e-009  2.7550000e-009  2.7200000e-009  2.7050000e-009  2.6000000e-009  2.5750000e-009
  1.0000000e-001             NaN             NaN  3.5200000e-009  3.2500000e-009  3.2000000e-009  3.1700000e-009  3.3200000e-009  3.1650000e-009  3.2750000e-009  3.2800000e-009  3.3600000e-009  3.5200000e-009  3.4400000e-009  3.5200000e-009  3.3850000e-009  3.4900000e-009  3.8500000e-009  4.0900000e-009             NaN  4.4450000e-009  4.0800000e-009  3.8900000e-009  4.2000000e-009  4.1800000e-009  3.9400000e-009  4.0100000e-009  3.9500000e-009  3.9350000e-009  3.8200000e-009  3.7650000e-009  3.8000000e-009  3.6000000e-009  3.5600000e-009  3.5600000e-009  3.6750000e-009             NaN
