             NaN -8.7500000e+001 -8.2500000e+001 -7.7500000e+001 -7.2500000e+001 -6.7500000e+001 -6.2500000e+001 -5.7500000e+001 -5.2500000e+001 -4.7500000e+001 -4.2500000e+001 -3.7500000e+001 -3.2500000e+001 -2.7500000e+001 -2.2500000e+001 -1.7500000e+001 -1.2500000e+001 -7.5000000e+000 -2.5000000e+000  2.5000000e+000  7.5000000e+000  1.2500000e+001  1.7500000e+001  2.2500000e+001  2.7500000e+001  3.2500000e+001  3.7500000e+001  4.2500000e+001  4.7500000e+001  5.2500000e+001  5.7500000e+001  6.2500000e+001  6.7500000e+001  7.2500000e+001  7.7500000e+001  8.2500000e+001  8.7500000e+001
  1.0000000e+003             NaN             NaN             NaN             NaN             NaN             NaN             NaN             NaN             NaN             NaN             NaN             NaN             NaN             NaN             NaN             NaN             NaN             NaN             NaN             NaN             NaN             NaN             NaN             NaN             NaN             NaN             NaN             NaN             NaN             NaN             NaN             NaN             NaN             NaN             NaN             NaN
  8.5000000e+002             NaN             NaN             NaN             NaN             NaN             NaN             NaN             NaN             NaN             NaN             NaN             NaN             NaN             NaN             NaN             NaN             NaN             NaN             NaN             NaN             NaN             NaN             NaN             NaN             NaN             NaN             NaN             NaN             NaN             NaN             NaN             NaN             NaN             NaN             NaN             NaN
  7.0000000e+002             NaN             NaN             NaN             NaN             NaN             NaN             NaN             NaN             NaN             NaN             NaN             NaN             NaN             NaN             NaN             NaN             NaN             NaN             NaN             NaN             NaN             NaN             NaN             NaN             NaN             NaN             NaN             NaN             NaN             NaN             NaN             NaN             NaN             NaN             NaN             NaN
  5.0000000e+002             NaN             NaN             NaN             NaN             NaN             NaN             NaN             NaN             NaN             NaN             NaN             NaN             NaN             NaN             NaN             NaN             NaN             NaN             NaN             NaN             NaN             NaN             NaN             NaN             NaN             NaN             NaN             NaN             NaN             NaN             NaN             NaN             NaN             NaN             NaN             NaN
  4.0000000e+002             NaN             NaN             NaN             NaN             NaN             NaN             NaN             NaN             NaN             NaN             NaN             NaN             NaN             NaN             NaN             NaN             NaN             NaN             NaN             NaN             NaN             NaN             NaN             NaN             NaN             NaN             NaN             NaN             NaN             NaN             NaN             NaN             NaN             NaN             NaN             NaN
  3.0000000e+002             NaN             NaN             NaN             NaN             NaN             NaN             NaN             NaN             NaN             NaN             NaN             NaN             NaN             NaN             NaN             NaN             NaN             NaN             NaN             NaN             NaN             NaN             NaN             NaN             NaN             NaN             NaN             NaN             NaN             NaN             NaN             NaN             NaN             NaN             NaN             NaN
  2.5000000e+002             NaN             NaN             NaN             NaN             NaN             NaN             NaN             NaN             NaN             NaN             NaN             NaN             NaN             NaN             NaN             NaN             NaN             NaN             NaN             NaN             NaN             NaN             NaN             NaN             NaN             NaN             NaN             NaN             NaN             NaN             NaN             NaN             NaN             NaN             NaN             NaN
  2.0000000e+002             NaN             NaN             NaN             NaN             NaN             NaN             NaN             NaN             NaN             NaN             NaN             NaN             NaN             NaN             NaN             NaN             NaN             NaN             NaN             NaN             NaN             NaN             NaN             NaN             NaN             NaN             NaN             NaN             NaN             NaN             NaN             NaN             NaN             NaN             NaN             NaN
  1.7000000e+002             NaN             NaN             NaN             NaN             NaN             NaN             NaN             NaN             NaN             NaN             NaN             NaN             NaN             NaN             NaN             NaN             NaN             NaN             NaN             NaN             NaN             NaN             NaN             NaN             NaN             NaN             NaN             NaN             NaN             NaN             NaN             NaN             NaN             NaN             NaN             NaN
  1.5000000e+002             NaN             NaN             NaN             NaN             NaN             NaN             NaN             NaN             NaN             NaN             NaN             NaN             NaN             NaN             NaN             NaN             NaN             NaN             NaN             NaN             NaN             NaN             NaN             NaN             NaN             NaN             NaN             NaN             NaN             NaN             NaN             NaN             NaN             NaN             NaN             NaN
  1.3000000e+002             NaN             NaN             NaN             NaN             NaN             NaN             NaN             NaN             NaN             NaN             NaN  8.1793718e-011  7.2823219e-011  7.4401342e-011  7.6901247e-011  9.6178023e-011  4.1315642e-011             NaN             NaN             NaN  3.5252743e-011             NaN             NaN             NaN             NaN             NaN             NaN             NaN             NaN             NaN             NaN             NaN             NaN             NaN             NaN             NaN
  1.1500000e+002             NaN             NaN  6.2527938e-011  5.8335222e-011  4.0425961e-011  3.7149649e-011  4.3322043e-011  3.1471637e-011  3.8372068e-011  4.6163318e-011  4.5412489e-011  5.3865493e-011  5.7643199e-011  9.6436166e-011  7.5491254e-011  6.1031315e-011  6.3110153e-011             NaN             NaN             NaN  6.0518568e-011             NaN  2.8032133e-011  4.3273460e-011             NaN  3.1998026e-011  2.0790901e-011  1.1200000e-010             NaN             NaN             NaN             NaN             NaN             NaN             NaN             NaN
  1.0000000e+002             NaN  8.8667762e-011  8.5444710e-011  1.2137094e-010  7.0903265e-011  4.7238636e-011  4.8581621e-011  5.1075672e-011  3.9595343e-011  3.5029216e-011  6.4913189e-011  6.1740221e-011  6.6848211e-011  7.5017212e-011  1.0582511e-010  9.4788801e-011  5.6274721e-011  8.5476563e-011             NaN  4.7861341e-011  4.7611473e-011             NaN  4.3908353e-011  1.5276718e-011             NaN  5.3014567e-011  2.0029245e-011             NaN  2.5260608e-011             NaN             NaN  2.9000000e-011  1.6643067e-010  3.5200000e-011             NaN             NaN
  9.0000000e+001             NaN  1.5685306e-010  6.2257337e-011  8.9618169e-011  5.9401906e-011  3.5590661e-011  4.0516343e-011  4.3513650e-011  5.4527974e-011  4.7561301e-011  4.8984892e-011  5.8068875e-011  7.9777254e-011  6.8334079e-011  6.1513185e-011  9.2696823e-011  7.4273332e-011  9.1137355e-011  2.8851832e-011  7.5657399e-011             NaN  5.7200000e-011  3.2056453e-011  3.2735786e-011             NaN             NaN  2.3400000e-011  1.6417931e-011  1.8100000e-010  2.7400000e-010             NaN  8.8300000e-011  1.1500000e-010  4.4519308e-011             NaN             NaN
  8.0000000e+001             NaN  1.4203198e-010  4.4436925e-011  1.0988422e-010  1.1432474e-010  6.6996706e-011  5.7421895e-011  4.0733552e-011  4.9772892e-011  6.4262816e-011  5.8236792e-011  7.1888086e-011  6.4727700e-011  1.0027851e-010  9.4916554e-011  7.3653994e-011  7.6333378e-011  8.8035820e-011             NaN             NaN  9.8139441e-011  7.4236673e-011  4.8224068e-011  7.8449631e-011  3.7965462e-011  2.1200000e-011             NaN  9.6700000e-011  1.1641359e-010  7.5200000e-011  1.2300000e-010  7.1500000e-011             NaN             NaN  2.2600000e-010             NaN
  7.0000000e+001             NaN  5.7881014e-011  5.7066189e-011  8.1416744e-011  8.7795176e-011  5.0479777e-011  4.5874083e-011  4.4027392e-011  5.3104974e-011  5.4002786e-011  8.0332707e-011  8.6307800e-011  1.0186056e-010  1.0891088e-010  8.5821408e-011  8.9918384e-011  6.2084606e-011  1.1017982e-010  3.2793494e-011  8.5843867e-011  9.6872119e-011  1.3068129e-010  5.6637673e-011  7.8971081e-011  1.0507676e-010  6.6858550e-011  1.1546507e-010  6.9900000e-011  4.7496774e-011  1.7500000e-011  3.6467547e-011  6.6695391e-011  4.2750820e-011             NaN  5.4400000e-011             NaN
  5.0000000e+001             NaN  1.5082023e-010  1.2175079e-010  1.5974372e-010  1.4038300e-010  1.0508268e-010  1.0131704e-010  1.2046608e-010  1.1817670e-010  1.1377428e-010  1.2084921e-010  1.5028742e-010  1.4745395e-010  1.5563551e-010  1.2751618e-010  8.4971058e-011  8.5828125e-011  8.7349414e-011  8.1360861e-011  6.8204437e-011  8.0084899e-011  1.6862189e-010  1.3624744e-010  5.0264762e-011  7.3611710e-011  7.1897934e-011  7.9500000e-011  1.9104558e-011             NaN  5.8638186e-010  8.5400000e-011             NaN  4.5600000e-011  9.1700000e-011  7.9045283e-011             NaN
  3.0000000e+001             NaN  5.3526125e-010  6.9402022e-010  4.9234421e-010  5.0443091e-010  5.4414624e-010  5.3253405e-010  5.2143484e-010  5.1966475e-010  5.1773212e-010  4.1849770e-010  4.0262991e-010  2.5929241e-010  2.6489635e-010  2.4061251e-010  1.4004178e-010  1.1569765e-010  1.2774716e-010  8.2861151e-011  1.0722520e-010  1.2928110e-010  8.4025938e-011  1.1438659e-010  1.2146310e-010  7.0827410e-011  1.0428189e-010  1.1545109e-010  1.1888890e-010  1.2965933e-010  1.0328261e-010  1.2917787e-010  9.8827054e-011  1.3120887e-010  1.1929704e-010  1.6565849e-010  1.7780402e-010
  2.0000000e+001             NaN  1.6734176e-009  1.5125005e-009  1.4642458e-009  1.7264791e-009  1.5735612e-009  1.5162389e-009  1.5457088e-009  1.3382796e-009  1.2250650e-009  1.0611515e-009  6.8701000e-010  8.0441892e-010  5.7957541e-010  3.9098500e-010  3.5714981e-010  4.0355448e-010  3.4120076e-010  2.4043705e-010  3.0798950e-010  3.0393723e-010  2.1874771e-010  2.4616183e-010  2.2487915e-010  2.5609974e-010  3.0959534e-010  3.2202794e-010  2.8954854e-010  2.9615395e-010  3.6548204e-010  3.4663733e-010  3.1875219e-010  3.0050765e-010  2.7336935e-010  2.7575734e-010  2.9212469e-010
  1.5000000e+001             NaN  2.6572368e-009  3.1068994e-009  3.1853160e-009  3.0750711e-009  3.0661208e-009  2.9524167e-009  2.8613921e-009  2.5834927e-009  2.2964049e-009  2.0619210e-009  1.6170322e-009  1.4228189e-009  1.3167988e-009  6.9980982e-010  7.2513324e-010  6.6273490e-010  8.3901193e-010  5.5553013e-010  4.0371632e-010  6.3584974e-010  5.0322443e-010  9.1293932e-010  6.9250212e-010  7.7933617e-010  7.8927567e-010  9.1574116e-010  9.3208873e-010  1.0783513e-009  1.2531000e-009  1.0593613e-009  9.0117472e-010  7.2369759e-010  6.5517299e-010  8.3812913e-010  1.3358699e-009
  1.0000000e+001             NaN  4.8590978e-009  4.9815887e-009  4.8084132e-009  4.8510660e-009  4.7336528e-009  4.6183512e-009  4.3003300e-009  3.9136234e-009  3.8770395e-009  3.5732657e-009  2.8452613e-009  2.9528041e-009  2.4484022e-009  2.3644017e-009  1.2805544e-009  1.6185280e-009  2.2543933e-009  1.1673055e-009  1.4313775e-009  1.7322125e-009  1.5557503e-009  2.1308781e-009  1.7271411e-009  1.9762330e-009  2.0291350e-009  1.9963485e-009  2.1642954e-009  2.2597634e-009  2.6091939e-009  2.3984176e-009  1.7447406e-009  1.3174712e-009  1.3881614e-009  1.5339469e-009  1.4836412e-009
  7.0000000e+000             NaN             NaN  6.1596859e-009  6.4162490e-009  6.3291139e-009  6.3403740e-009  6.1882315e-009  6.0372800e-009  5.3858496e-009  5.4785337e-009  5.3036586e-009  4.7339895e-009  4.8819047e-009  4.2204403e-009  4.2893967e-009  3.1867186e-009  3.2152101e-009  4.2338647e-009  3.3270754e-009  3.6965747e-009  3.5014976e-009  3.3406868e-009  3.1726214e-009  3.5753763e-009  3.5978643e-009  3.6862712e-009  3.2737453e-009  3.6609943e-009  3.9967472e-009  3.6388089e-009  3.1482365e-009  2.3544422e-009  2.0492599e-009  2.2906390e-009  2.3260517e-009             NaN
  5.0000000e+000             NaN             NaN  7.4249499e-009  7.4838716e-009  7.5161780e-009  7.3871884e-009  7.5076732e-009  7.2901944e-009  7.1162119e-009  6.8757475e-009  7.3009553e-009  6.9056686e-009  7.5642896e-009  6.7186982e-009  6.4920321e-009  6.2071250e-009  5.8689969e-009  6.7790089e-009  5.8637947e-009  5.8134386e-009  7.3451349e-009  5.2822593e-009  5.0283946e-009  4.8570253e-009  5.0742874e-009  4.8502084e-009  5.1251548e-009  5.0163442e-009  4.8607722e-009  4.5802437e-009  4.2123177e-009  3.4446764e-009  2.9734294e-009  3.2837700e-009  3.0846067e-009  4.3617704e-009
  3.0000000e+000             NaN             NaN  8.0901506e-009  8.7335813e-009  8.7476828e-009  8.5862548e-009  8.3909137e-009  8.3745437e-009  8.5526760e-009  8.5080211e-009  8.9096718e-009  9.0196913e-009  9.8422276e-009  1.0150224e-008  1.0599098e-008  9.4628679e-009  9.6616668e-009  1.0413637e-008  9.5019991e-009  9.2549052e-009  8.6249804e-009  7.5353108e-009  6.5190691e-009  6.1401954e-009  6.3672880e-009  6.3398195e-009  5.9538316e-009  5.9737266e-009  6.0587076e-009  5.4799207e-009  5.1490169e-009  4.6444746e-009  4.3374671e-009  5.2462332e-009  5.4086684e-009  5.4247548e-009
  2.0000000e+000             NaN             NaN             NaN  9.3962774e-009  9.0238970e-009  8.8583148e-009  8.5766480e-009  8.6417403e-009  8.7189948e-009  8.9434063e-009  9.6376727e-009  1.0113911e-008  1.1095410e-008  1.1933169e-008  1.2021988e-008  1.3102197e-008  1.3173322e-008  1.2832859e-008  1.1536478e-008  1.1430316e-008  1.0539785e-008  8.7924513e-009  6.7419519e-009  8.1294500e-009  7.4941280e-009  6.9663030e-009  6.9323224e-009  7.0701096e-009  6.8928154e-009  6.4250318e-009  6.2517214e-009  5.8681473e-009  5.8668042e-009  5.7862085e-009  6.3925092e-009  5.2850231e-009
  1.5000000e+000             NaN             NaN  8.9161719e-009  8.8183325e-009  8.6323696e-009  8.4954491e-009  8.3672773e-009  8.3045297e-009  8.6599724e-009  8.7753251e-009  9.3174436e-009  1.0367753e-008  1.0965790e-008  1.1855576e-008  1.2622169e-008  1.3046129e-008  1.3021992e-008  1.4179836e-008  1.2821404e-008  1.0246435e-008  9.8324249e-009  8.0379892e-009  7.6296980e-009  7.7469492e-009  7.5344988e-009  7.5162171e-009  7.5997216e-009  7.1693016e-009  6.9610487e-009  6.3632446e-009  6.8303528e-009  6.6761570e-009  6.6554544e-009  6.6216520e-009  6.5111311e-009  7.0045261e-009
  1.0000000e+000             NaN  8.4745874e-009  8.1889229e-009  8.0035054e-009  7.9753346e-009  7.6959804e-009  7.2765224e-009  7.5413065e-009  7.6785746e-009  8.7789861e-009  8.9858865e-009  1.0736195e-008  1.0728261e-008  1.1672905e-008  1.2872315e-008  1.1670973e-008  1.2792701e-008  1.2023498e-008  8.5992295e-009  9.0343902e-009  9.8964725e-009  8.7930965e-009  8.1024113e-009  7.2017911e-009  7.4266880e-009  7.4897616e-009  7.0935749e-009  6.9046321e-009  7.1598242e-009  6.6561628e-009  6.6841548e-009  6.8245681e-009  7.0689615e-009  7.4398453e-009  7.3897724e-009  6.0887659e-009
  7.0000000e-001             NaN  7.1190224e-009  7.2679723e-009  6.9145025e-009  7.1130211e-009  6.6281460e-009  6.3446923e-009  6.4985440e-009  6.8265789e-009  7.2623958e-009  8.3623149e-009  8.9740452e-009  1.0270188e-008  1.0724764e-008  1.0672832e-008  9.6339144e-009  9.9134704e-009  8.4630136e-009  7.2270138e-009  6.6184895e-009  6.9532485e-009  6.9653699e-009  7.2551890e-009  7.0980940e-009  6.8168168e-009  6.9466082e-009  6.7179700e-009  6.9023027e-009  6.9307842e-009  6.9372663e-009  6.5842602e-009  6.7543383e-009  7.4756580e-009  7.5904792e-009  7.6006630e-009  1.5323307e-008
  5.0000000e-001             NaN  5.1805520e-009  5.7993339e-009  5.9612684e-009  5.7345448e-009  6.1536453e-009  5.9671144e-009  5.8395887e-009  6.1906322e-009  6.1586342e-009  7.0315407e-009  8.2076489e-009  8.8265158e-009  9.1342807e-009  8.9933406e-009  8.2896564e-009  7.4914119e-009  6.9972636e-009  5.6690643e-009  5.5299458e-009  5.2587042e-009  6.0609044e-009  4.6117673e-009  6.4485807e-009  5.5170852e-009  6.0608831e-009  6.4321819e-009  6.8656997e-009  6.2898455e-009  6.3192684e-009  6.4467305e-009  6.9234060e-009  7.4998608e-009  1.1735679e-008  2.2179741e-008  3.0086164e-008
  3.0000000e-001             NaN  4.5286112e-009  4.4308352e-009  5.5356248e-009  4.8984981e-009  4.6193775e-009  4.8784154e-009  4.9519771e-009  5.4118723e-009  5.5603932e-009  5.9825087e-009  6.3004370e-009  7.1164666e-009  6.7332310e-009  6.4540784e-009  5.8853506e-009  5.9598943e-009  4.8605150e-009  4.2708091e-009  4.2079839e-009  4.5198996e-009  4.5568470e-009  6.3551495e-009  5.1813009e-009  5.4074803e-009  6.2080436e-009  6.4662790e-009  7.1279953e-009  6.9655485e-009  6.4522114e-009  6.9717146e-009  7.8799486e-009  1.4391828e-008  3.1719748e-008  4.8783779e-008  7.3219502e-008
  2.0000000e-001             NaN             NaN  4.1394196e-009  3.6147824e-009  3.9246652e-009  4.1165405e-009  4.0579799e-009  4.7127553e-009  4.2848858e-009  4.8290511e-009  4.8110623e-009  5.2930544e-009  4.7624678e-009  5.1003580e-009  5.0815762e-009  5.4297736e-009  4.7545175e-009  3.7427325e-009  5.0581218e-009  3.5667049e-009  3.1035564e-009  4.7601486e-009  5.8990454e-009  6.8735909e-009  7.8272579e-009  8.5798473e-009  8.2973281e-009  9.5133553e-009  9.9071300e-009  8.8549680e-009  7.8613698e-009  1.4542321e-008  2.4500208e-008  5.0530581e-008  3.8355391e-008  1.8951886e-007
  1.5000000e-001             NaN             NaN  4.5565750e-009  7.2176967e-009  5.0643857e-009  3.9565871e-009  4.0879482e-009  4.9577293e-009  4.8296341e-009  4.5261514e-009  4.3227718e-009  4.8650359e-009  4.1962650e-009  4.6874798e-009  4.2293758e-009  4.4448049e-009  3.8172488e-009  6.6420691e-009  4.9490506e-009  4.3994750e-009  4.1690751e-009  9.3322729e-009  1.0030035e-008  6.7350714e-009  7.9020745e-009  1.0330813e-008  1.2279630e-008  1.1844575e-008  1.0591481e-008  1.1808379e-008  1.3867575e-008  2.3634281e-008  2.3516056e-008  3.7734015e-008  1.2860870e-007             NaN
  1.0000000e-001             NaN             NaN             NaN  1.0065070e-008  6.6770239e-009  5.5798203e-009  5.5814535e-009  5.3780692e-009  5.4145982e-009  4.8440629e-009  5.9306635e-009  5.3166831e-009  5.6956718e-009  4.8651768e-009  5.5260817e-009  5.5141623e-009  6.3651518e-009  7.3243147e-009  6.8107362e-009  6.2001835e-009  9.3309449e-009  1.1105419e-008  8.9125797e-009  1.2510296e-008  1.2334451e-008  1.2684894e-008  1.4220637e-008  1.4369211e-008  1.6986725e-008  1.6160613e-008  2.4302494e-008  2.5936948e-008  3.5330921e-008  5.6475397e-008  9.3020457e-008             NaN
             NaN -8.7500000e+001 -8.2500000e+001 -7.7500000e+001 -7.2500000e+001 -6.7500000e+001 -6.2500000e+001 -5.7500000e+001 -5.2500000e+001 -4.7500000e+001 -4.2500000e+001 -3.7500000e+001 -3.2500000e+001 -2.7500000e+001 -2.2500000e+001 -1.7500000e+001 -1.2500000e+001 -7.5000000e+000 -2.5000000e+000  2.5000000e+000  7.5000000e+000  1.2500000e+001  1.7500000e+001  2.2500000e+001  2.7500000e+001  3.2500000e+001  3.7500000e+001  4.2500000e+001  4.7500000e+001  5.2500000e+001  5.7500000e+001  6.2500000e+001  6.7500000e+001  7.2500000e+001  7.7500000e+001  8.2500000e+001  8.7500000e+001
  1.0000000e+003             NaN             NaN             NaN             NaN             NaN             NaN             NaN             NaN             NaN             NaN             NaN             NaN             NaN             NaN             NaN             NaN             NaN             NaN             NaN             NaN             NaN             NaN             NaN             NaN             NaN             NaN             NaN             NaN             NaN             NaN             NaN             NaN             NaN             NaN             NaN             NaN
  8.5000000e+002             NaN             NaN             NaN             NaN             NaN             NaN             NaN             NaN             NaN             NaN             NaN             NaN             NaN             NaN             NaN             NaN             NaN             NaN             NaN             NaN             NaN             NaN             NaN             NaN             NaN             NaN             NaN             NaN             NaN             NaN             NaN             NaN             NaN             NaN             NaN             NaN
  7.0000000e+002             NaN             NaN             NaN             NaN             NaN             NaN             NaN             NaN             NaN             NaN             NaN             NaN             NaN             NaN             NaN             NaN             NaN             NaN             NaN             NaN             NaN             NaN             NaN             NaN             NaN             NaN             NaN             NaN             NaN             NaN             NaN             NaN             NaN             NaN             NaN             NaN
  5.0000000e+002             NaN             NaN             NaN             NaN             NaN             NaN             NaN             NaN             NaN             NaN             NaN             NaN             NaN             NaN             NaN             NaN             NaN             NaN             NaN             NaN             NaN             NaN             NaN             NaN             NaN             NaN             NaN             NaN             NaN             NaN             NaN             NaN             NaN             NaN             NaN             NaN
  4.0000000e+002             NaN             NaN             NaN             NaN             NaN             NaN             NaN             NaN             NaN             NaN             NaN             NaN             NaN             NaN             NaN             NaN             NaN             NaN             NaN             NaN             NaN             NaN             NaN             NaN             NaN             NaN             NaN             NaN             NaN             NaN             NaN             NaN             NaN             NaN             NaN             NaN
  3.0000000e+002             NaN             NaN             NaN             NaN             NaN             NaN             NaN             NaN             NaN             NaN             NaN             NaN             NaN             NaN             NaN             NaN             NaN             NaN             NaN             NaN             NaN             NaN             NaN             NaN             NaN             NaN             NaN             NaN             NaN             NaN             NaN             NaN             NaN             NaN             NaN             NaN
  2.5000000e+002             NaN             NaN             NaN             NaN             NaN             NaN             NaN             NaN             NaN             NaN             NaN             NaN             NaN             NaN             NaN             NaN             NaN             NaN             NaN             NaN             NaN             NaN             NaN             NaN             NaN             NaN             NaN             NaN             NaN             NaN             NaN             NaN             NaN             NaN             NaN             NaN
  2.0000000e+002             NaN             NaN             NaN             NaN             NaN             NaN             NaN             NaN             NaN             NaN             NaN             NaN             NaN             NaN             NaN             NaN             NaN             NaN             NaN             NaN             NaN             NaN             NaN             NaN             NaN             NaN             NaN             NaN             NaN             NaN             NaN             NaN             NaN             NaN             NaN             NaN
  1.7000000e+002             NaN             NaN             NaN             NaN             NaN             NaN             NaN             NaN             NaN             NaN             NaN             NaN             NaN             NaN             NaN             NaN             NaN             NaN             NaN             NaN             NaN             NaN             NaN             NaN             NaN             NaN             NaN             NaN             NaN             NaN             NaN             NaN             NaN             NaN             NaN             NaN
  1.5000000e+002             NaN             NaN             NaN             NaN             NaN             NaN             NaN             NaN             NaN             NaN             NaN             NaN             NaN             NaN             NaN             NaN             NaN             NaN             NaN             NaN             NaN             NaN             NaN             NaN             NaN             NaN             NaN             NaN             NaN             NaN             NaN             NaN             NaN             NaN             NaN             NaN
  1.3000000e+002             NaN             NaN             NaN             NaN             NaN             NaN             NaN             NaN             NaN             NaN             NaN  3.1900836e-011  3.1892793e-011  3.2594881e-011  2.4676287e-011  6.0240873e-011  2.8214554e-011             NaN             NaN             NaN  1.0045421e-011             NaN             NaN             NaN             NaN             NaN             NaN             NaN             NaN             NaN             NaN             NaN             NaN             NaN             NaN             NaN
  1.1500000e+002             NaN             NaN  2.8953058e-011  2.2875906e-011  1.6760503e-011  2.2026137e-011  1.8176901e-011  9.1590730e-012  1.6105983e-011  2.1193052e-011  2.2312394e-011  2.8745808e-011  2.4094060e-011  5.1935640e-011  4.7874341e-011  3.1649153e-011  1.6327748e-011             NaN             NaN             NaN  1.1598177e-011             NaN  4.0184192e-012  2.8457733e-011             NaN  6.6237634e-012  6.1162868e-012  0.0000000e+000             NaN             NaN             NaN             NaN             NaN             NaN             NaN             NaN
  1.0000000e+002             NaN  3.7920469e-011  3.1331592e-011  1.1971886e-010  4.4862308e-011  2.6230600e-011  2.3782439e-011  2.9414743e-011  1.8813553e-011  1.8417104e-011  3.7865868e-011  3.1812271e-011  3.5309893e-011  4.1564282e-011  6.1744480e-011  6.7166721e-011  3.0419538e-011  6.0929137e-011             NaN  1.2660367e-011  3.3010549e-011             NaN  1.9384923e-011  3.0772050e-012             NaN  9.1900290e-011  4.0695362e-012             NaN  6.2247135e-012             NaN             NaN  0.0000000e+000  1.0713717e-010  0.0000000e+000             NaN             NaN
  9.0000000e+001             NaN  9.2186012e-011  9.9367106e-012  1.1867504e-010  2.9545630e-011  1.5653593e-011  1.9482436e-011  1.3750390e-011  2.7888903e-011  2.0938534e-011  2.7586816e-011  3.2737657e-011  5.3276945e-011  4.0875578e-011  2.5284056e-011  7.1797811e-011  3.9720989e-011  2.2110385e-011  3.6843895e-012  2.2835627e-011             NaN  0.0000000e+000  2.3092550e-011  2.0255436e-011             NaN             NaN  0.0000000e+000  2.3930840e-012  0.0000000e+000  0.0000000e+000             NaN  0.0000000e+000  0.0000000e+000  3.1876461e-011             NaN             NaN
  8.0000000e+001             NaN  1.8812210e-010  1.6593255e-011  1.3807218e-010  1.2978021e-010  5.1649372e-011  2.5708159e-011  2.0781025e-011  2.7292334e-011  3.2345043e-011  3.6902858e-011  3.7010949e-011  3.8640903e-011  5.6705507e-011  4.8527730e-011  4.5864264e-011  3.7236936e-011  2.8321471e-011             NaN             NaN  1.1112900e-011  3.1847211e-011  3.3750963e-011  5.3078591e-011  1.2652046e-011  0.0000000e+000             NaN  0.0000000e+000  1.2358100e-010  0.0000000e+000  0.0000000e+000  0.0000000e+000             NaN             NaN  0.0000000e+000             NaN
  7.0000000e+001             NaN  3.9164469e-011  3.4625452e-011  8.1980380e-011  9.7945568e-011  2.7373856e-011  2.1335302e-011  2.0379923e-011  3.9239968e-011  3.1054187e-011  5.1101621e-011  5.0014601e-011  4.9983597e-011  5.8606793e-011  4.2798053e-011  4.6625646e-011  4.3534378e-011  2.9028023e-011  7.8969361e-012  4.2701515e-011  3.8711862e-011  3.2766534e-011  1.5065388e-011  2.3489574e-011  3.4296229e-011  7.6337416e-012  3.7905799e-011  3.0334304e-011  5.6440368e-012  0.0000000e+000  1.2215524e-011  4.5629309e-011  7.0914084e-012             NaN  0.0000000e+000             NaN
  5.0000000e+001             NaN  1.2044642e-010  1.0937897e-010  1.1223622e-010  8.1334523e-011  6.7080391e-011  5.7692811e-011  6.6026949e-011  7.0596506e-011  7.3988841e-011  7.1912348e-011  8.1601987e-011  8.7978252e-011  7.5226770e-011  6.6807388e-011  4.7972636e-011  4.2673518e-011  3.3770664e-011  3.6590506e-011  2.8767957e-011  2.5758928e-011  4.0460416e-011  3.2406827e-011  2.4793945e-011  2.1498708e-011  3.2727641e-011  0.0000000e+000  1.9686492e-011             NaN  5.0559633e-010  0.0000000e+000             NaN  0.0000000e+000  0.0000000e+000  2.9069770e-011             NaN
  3.0000000e+001             NaN  1.7506194e-010  3.3684086e-010  2.6698121e-010  2.2835171e-010  2.6738771e-010  2.6920075e-010  2.5748614e-010  2.5857673e-010  2.6687595e-010  1.9532578e-010  2.6776531e-010  1.8905436e-010  1.5802095e-010  1.3966137e-010  8.9678917e-011  5.9619032e-011  6.2873292e-011  4.0443310e-011  6.2869374e-011  8.3094669e-011  9.9297705e-012  2.5343935e-011  4.2131004e-011  2.0165052e-011  6.0821764e-011  6.9492325e-011  6.1774537e-011  7.0942198e-011  6.0434691e-011  7.9321410e-011  7.3635755e-011  8.6898019e-011  8.7602136e-011  9.2511337e-011  1.4172456e-010
  2.0000000e+001             NaN  6.2923309e-010  5.9710801e-010  4.2342179e-010  4.2613775e-010  4.5430858e-010  4.5621698e-010  4.0145522e-010  3.8909985e-010  3.4009713e-010  5.0846900e-010  5.3960111e-010  4.4760304e-010  3.8042061e-010  3.1239482e-010  2.6551624e-010  2.1041368e-010  1.1956533e-010  1.0174896e-010  1.4875919e-010  1.9460511e-010  1.0486476e-010  1.5268278e-010  1.8144989e-010  1.4567494e-010  1.8692677e-010  2.4721839e-010  2.1745106e-010  2.2612339e-010  2.4067369e-010  1.9822717e-010  2.2389791e-010  2.0514808e-010  1.7528224e-010  2.5613732e-010  2.0583699e-010
  1.5000000e+001             NaN  8.6879137e-010  6.0357221e-010  6.6647183e-010  6.5322876e-010  6.0048859e-010  5.7825187e-010  6.3667682e-010  6.4604481e-010  6.9129248e-010  6.7425239e-010  8.7928685e-010  8.6768232e-010  8.0749125e-010  6.3100630e-010  5.7956534e-010  4.4636886e-010  4.5464975e-010  3.9057767e-010  3.3931217e-010  4.6590791e-010  3.7713098e-010  4.9793494e-010  3.2151050e-010  3.7418792e-010  4.4204045e-010  4.8323270e-010  5.6226618e-010  5.7256407e-010  7.3000088e-010  5.8820270e-010  5.5964024e-010  4.6395969e-010  4.7919896e-010  5.4653697e-010  9.8717068e-010
  1.0000000e+001             NaN  6.4198149e-010  7.1228921e-010  7.5876958e-010  5.7955578e-010  6.1035366e-010  7.1608152e-010  7.4675716e-010  8.2746259e-010  8.9874023e-010  9.0753266e-010  1.2508801e-009  1.0977486e-009  1.3094201e-009  1.0862670e-009  7.2843456e-010  8.1477677e-010  7.7240638e-010  7.2079002e-010  7.8024482e-010  7.7575902e-010  6.4580488e-010  7.8974096e-010  8.6271333e-010  9.3481305e-010  8.3631519e-010  9.3095931e-010  1.0449050e-009  1.1199073e-009  1.1793794e-009  9.0345311e-010  8.0203821e-010  7.7527097e-010  8.8145420e-010  9.1136200e-010  8.8534213e-010
  7.0000000e+000             NaN             NaN  9.0135948e-010  6.2329916e-010  4.8192295e-010  5.3854881e-010  6.0413204e-010  4.7450594e-010  8.6197279e-010  1.0498025e-009  1.0510877e-009  1.2201784e-009  1.5231350e-009  1.4177668e-009  1.5204086e-009  1.2716619e-009  1.2583868e-009  1.0788604e-009  1.1930777e-009  1.2824154e-009  1.3371846e-009  1.0417617e-009  1.2427505e-009  1.1769364e-009  1.4330662e-009  1.6004636e-009  1.3309636e-009  1.5665106e-009  1.6439258e-009  1.5019303e-009  1.2409680e-009  1.1398877e-009  1.2788168e-009  1.3743927e-009  1.3730155e-009             NaN
  5.0000000e+000             NaN             NaN  5.4156735e-010  6.0449971e-010  6.4159366e-010  6.1140670e-010  6.9634548e-010  5.8691209e-010  8.4032679e-010  1.0171238e-009  1.3910186e-009  1.4378377e-009  1.3112366e-009  1.6717567e-009  1.7116088e-009  1.7581345e-009  1.9816495e-009  1.1678444e-009  1.4500713e-009  1.6788542e-009  1.7660200e-009  2.0274760e-009  1.9599756e-009  1.7061289e-009  1.7490462e-009  2.2519661e-009  1.7717583e-009  1.4344873e-009  1.5474105e-009  1.2849725e-009  1.2144536e-009  1.6011624e-009  1.6480910e-009  1.7278012e-009  1.4473793e-009  1.5652736e-009
  3.0000000e+000             NaN             NaN  1.1567842e-009  7.8764887e-010  6.5151281e-010  5.8556751e-010  5.1172246e-010  6.1355684e-010  7.9468733e-010  1.0517653e-009  1.0458338e-009  1.1486861e-009  1.2520040e-009  1.0508412e-009  1.2104355e-009  1.9793037e-009  1.7756022e-009  1.4163288e-009  1.6328930e-009  1.5872353e-009  2.0670937e-009  2.5015644e-009  2.0210338e-009  1.7985355e-009  1.8668017e-009  1.7926915e-009  1.5643896e-009  1.5090168e-009  1.2735814e-009  1.4072785e-009  1.4450010e-009  1.6714647e-009  1.7917756e-009  1.7707914e-009  1.8032579e-009  5.0067434e-010
  2.0000000e+000             NaN             NaN             NaN  4.2012786e-010  4.2146546e-010  5.6076791e-010  5.2263342e-010  3.9201324e-010  5.5223450e-010  7.5946577e-010  9.0584972e-010  1.1769199e-009  1.0925206e-009  8.3300398e-010  9.1351737e-010  7.4686752e-010  7.8678981e-010  1.5250048e-009  1.7321718e-009  2.2707130e-009  2.0610870e-009  2.2035666e-009  1.6920415e-009  2.1855999e-009  2.0837374e-009  1.6912030e-009  1.3332579e-009  1.2716371e-009  1.1269426e-009  1.3466412e-009  1.7618106e-009  1.6711104e-009  1.7520426e-009  1.4502207e-009  1.6728374e-009  5.3487232e-010
  1.5000000e+000             NaN             NaN  7.7041747e-010  5.4576890e-010  7.1091142e-010  7.0404135e-010  7.3889881e-010  6.1854145e-010  6.6377046e-010  1.0902902e-009  7.2921192e-010  1.4410949e-009  1.7300485e-009  1.3576008e-009  1.4746384e-009  1.3219590e-009  1.0298979e-009  7.4812527e-010  1.3936524e-009  2.0451582e-009  2.3694256e-009  2.8681538e-009  2.2122896e-009  1.7572731e-009  1.7658048e-009  1.6785043e-009  1.4666860e-009  1.5563594e-009  1.4723708e-009  1.5420598e-009  1.9381520e-009  1.9383050e-009  1.8480697e-009  1.9229553e-009  1.2146807e-009  1.1676017e-009
  1.0000000e+000             NaN  5.7082651e-010  5.3023133e-010  7.1550664e-010  7.6681287e-010  8.0581233e-010  8.0035994e-010  8.0321280e-010  9.5981982e-010  1.3361831e-009  1.6817067e-009  2.1036416e-009  2.1081974e-009  1.8231485e-009  1.7169036e-009  1.7057261e-009  1.2237981e-009  2.2219244e-009  1.4569785e-009  1.8405784e-009  2.0219891e-009  1.8922009e-009  2.1182308e-009  1.7009168e-009  1.8149548e-009  1.6677548e-009  1.7735651e-009  1.6689647e-009  1.9794599e-009  1.9046344e-009  2.0182910e-009  1.9905817e-009  1.8679665e-009  2.0584818e-009  3.0587565e-009  2.4836669e-009
  7.0000000e-001             NaN  7.5293900e-010  9.1636459e-010  7.6159228e-010  8.5235636e-010  8.7597231e-010  9.4317601e-010  9.2163630e-010  9.3087034e-010  1.4608405e-009  1.8180191e-009  1.7467118e-009  2.1475088e-009  2.1434113e-009  1.9574621e-009  1.5594544e-009  2.2086834e-009  2.0093195e-009  9.1752843e-010  1.2748788e-009  1.7399152e-009  1.1913724e-009  1.8579308e-009  1.5118475e-009  1.7839046e-009  1.6786873e-009  1.9232859e-009  2.0128500e-009  2.2304654e-009  2.2969250e-009  2.5985114e-009  2.4905286e-009  3.0481633e-009  3.3765611e-009  3.6058191e-009  2.7064547e-008
  5.0000000e-001             NaN  1.6487817e-009  1.0474958e-009  1.1405220e-009  1.1996686e-009  1.1362772e-009  1.1749523e-009  1.1829240e-009  1.5296310e-009  1.2053960e-009  1.8863519e-009  1.8191095e-009  1.7677127e-009  2.0276656e-009  1.9167544e-009  2.3061618e-009  1.8073400e-009  1.2495742e-009  6.2930030e-010  8.0248060e-010  1.0389535e-009  1.5868343e-009  1.4048393e-009  1.8549246e-009  1.9000236e-009  2.1355165e-009  2.1081807e-009  3.0821021e-009  2.1331740e-009  2.4277067e-009  2.9044251e-009  3.0694897e-009  5.0780160e-009  2.4740545e-008  6.1757790e-008  9.8683455e-008
  3.0000000e-001             NaN  1.4564139e-009  1.0283344e-009  2.5254870e-009  1.2837632e-009  1.2308482e-009  1.5851479e-009  1.3160505e-009  1.5581955e-009  1.1230836e-009  1.4540434e-009  1.6008476e-009  1.8246793e-009  1.8300210e-009  1.9184053e-009  1.5031994e-009  1.9753223e-009  1.4917437e-009  1.1048457e-009  9.2397005e-010  1.0451722e-009  1.2351236e-009  2.6246780e-009  2.7664747e-009  2.7614177e-009  2.9294508e-009  3.0296705e-009  3.8762930e-009  4.0176865e-009  3.3889118e-009  4.7200540e-009  4.7389509e-009  3.7241223e-008  1.1346250e-007  1.3352871e-007  2.2890217e-007
  2.0000000e-001             NaN             NaN  1.1515275e-009  2.0541899e-009  1.4292201e-009  1.2463069e-009  1.5958069e-009  1.6215519e-009  1.3357014e-009  1.4623741e-009  1.3382358e-009  1.1113903e-009  1.1723997e-009  1.4580152e-009  1.4767916e-009  1.4791157e-009  1.0462944e-009  1.1872018e-009  1.6676712e-009  1.1883507e-009  5.3065938e-010  1.1477661e-009  3.2115936e-009  4.4872433e-009  4.7009151e-009  4.8726547e-009  4.3737767e-009  6.6514759e-009  7.4884402e-009  5.6923254e-009  4.8480406e-009  2.1216700e-008  5.4001234e-008  1.1122159e-007  9.5726653e-008  2.3304603e-007
  1.5000000e-001             NaN             NaN  2.2040480e-009  5.7812792e-009  1.8199489e-009  1.0278779e-009  1.2286744e-009  1.4770676e-009  1.5609441e-009  1.5610564e-009  1.4315230e-009  1.7549051e-009  1.4957200e-009  1.2441103e-009  1.8036559e-009  1.4792976e-009  1.0049767e-009  1.6832969e-009  1.8595255e-009  1.5063386e-009  1.3684929e-009  9.8970409e-009  5.0901119e-009  2.6537744e-009  4.3411548e-009  6.9425134e-009  8.6346761e-009  7.7825173e-009  6.2316612e-009  8.9634663e-009  1.6437405e-008  4.1615410e-008  3.5017031e-008  7.3579072e-008  1.7691394e-007             NaN
  1.0000000e-001             NaN             NaN             NaN  1.6420795e-009  2.3324406e-009  2.7926139e-009  1.9252642e-009  1.4448580e-009  2.4525431e-009  1.3845397e-009  2.1658426e-009  2.0945997e-009  2.8058876e-009  1.4358290e-009  1.4608183e-009  1.8414646e-009  2.0046010e-009  2.2058561e-009  2.6798349e-009  1.8343516e-009  4.2532938e-009  7.7879104e-009  6.6801723e-009  6.9323873e-009  6.5681683e-009  7.9429531e-009  7.6806155e-009  9.3831208e-009  1.2393460e-008  1.3315368e-008  3.4797996e-008  3.2234684e-008  4.8043168e-008  7.5935893e-008  7.0923090e-008             NaN
             NaN -8.7500000e+001 -8.2500000e+001 -7.7500000e+001 -7.2500000e+001 -6.7500000e+001 -6.2500000e+001 -5.7500000e+001 -5.2500000e+001 -4.7500000e+001 -4.2500000e+001 -3.7500000e+001 -3.2500000e+001 -2.7500000e+001 -2.2500000e+001 -1.7500000e+001 -1.2500000e+001 -7.5000000e+000 -2.5000000e+000  2.5000000e+000  7.5000000e+000  1.2500000e+001  1.7500000e+001  2.2500000e+001  2.7500000e+001  3.2500000e+001  3.7500000e+001  4.2500000e+001  4.7500000e+001  5.2500000e+001  5.7500000e+001  6.2500000e+001  6.7500000e+001  7.2500000e+001  7.7500000e+001  8.2500000e+001  8.7500000e+001
  1.0000000e+003             NaN             NaN             NaN             NaN             NaN             NaN             NaN             NaN             NaN             NaN             NaN             NaN             NaN             NaN             NaN             NaN             NaN             NaN             NaN             NaN             NaN             NaN             NaN             NaN             NaN             NaN             NaN             NaN             NaN             NaN             NaN             NaN             NaN             NaN             NaN             NaN
  8.5000000e+002             NaN             NaN             NaN             NaN             NaN             NaN             NaN             NaN             NaN             NaN             NaN             NaN             NaN             NaN             NaN             NaN             NaN             NaN             NaN             NaN             NaN             NaN             NaN             NaN             NaN             NaN             NaN             NaN             NaN             NaN             NaN             NaN             NaN             NaN             NaN             NaN
  7.0000000e+002             NaN             NaN             NaN             NaN             NaN             NaN             NaN             NaN             NaN             NaN             NaN             NaN             NaN             NaN             NaN             NaN             NaN             NaN             NaN             NaN             NaN             NaN             NaN             NaN             NaN             NaN             NaN             NaN             NaN             NaN             NaN             NaN             NaN             NaN             NaN             NaN
  5.0000000e+002             NaN             NaN             NaN             NaN             NaN             NaN             NaN             NaN             NaN             NaN             NaN             NaN             NaN             NaN             NaN             NaN             NaN             NaN             NaN             NaN             NaN             NaN             NaN             NaN             NaN             NaN             NaN             NaN             NaN             NaN             NaN             NaN             NaN             NaN             NaN             NaN
  4.0000000e+002             NaN             NaN             NaN             NaN             NaN             NaN             NaN             NaN             NaN             NaN             NaN             NaN             NaN             NaN             NaN             NaN             NaN             NaN             NaN             NaN             NaN             NaN             NaN             NaN             NaN             NaN             NaN             NaN             NaN             NaN             NaN             NaN             NaN             NaN             NaN             NaN
  3.0000000e+002             NaN             NaN             NaN             NaN             NaN             NaN             NaN             NaN             NaN             NaN             NaN             NaN             NaN             NaN             NaN             NaN             NaN             NaN             NaN             NaN             NaN             NaN             NaN             NaN             NaN             NaN             NaN             NaN             NaN             NaN             NaN             NaN             NaN             NaN             NaN             NaN
  2.5000000e+002             NaN             NaN             NaN             NaN             NaN             NaN             NaN             NaN             NaN             NaN             NaN             NaN             NaN             NaN             NaN             NaN             NaN             NaN             NaN             NaN             NaN             NaN             NaN             NaN             NaN             NaN             NaN             NaN             NaN             NaN             NaN             NaN             NaN             NaN             NaN             NaN
  2.0000000e+002             NaN             NaN             NaN             NaN             NaN             NaN             NaN             NaN             NaN             NaN             NaN             NaN             NaN             NaN             NaN             NaN             NaN             NaN             NaN             NaN             NaN             NaN             NaN             NaN             NaN             NaN             NaN             NaN             NaN             NaN             NaN             NaN             NaN             NaN             NaN             NaN
  1.7000000e+002             NaN             NaN             NaN             NaN             NaN             NaN             NaN             NaN             NaN             NaN             NaN             NaN             NaN             NaN             NaN             NaN             NaN             NaN             NaN             NaN             NaN             NaN             NaN             NaN             NaN             NaN             NaN             NaN             NaN             NaN             NaN             NaN             NaN             NaN             NaN             NaN
  1.5000000e+002             NaN             NaN             NaN             NaN             NaN             NaN             NaN             NaN             NaN             NaN             NaN             NaN             NaN             NaN             NaN             NaN             NaN             NaN             NaN             NaN             NaN             NaN             NaN             NaN             NaN             NaN             NaN             NaN             NaN             NaN             NaN             NaN             NaN             NaN             NaN             NaN
  1.3000000e+002             NaN             NaN             NaN             NaN             NaN             NaN             NaN             NaN             NaN             NaN             NaN  1.4400000e-011  1.5000000e-011  1.6900000e-011  1.6100000e-011  1.5250000e-011  1.8350000e-011             NaN             NaN             NaN  2.0950000e-011             NaN             NaN             NaN             NaN             NaN             NaN             NaN             NaN             NaN             NaN             NaN             NaN             NaN             NaN             NaN
  1.1500000e+002             NaN             NaN  1.5700000e-011  1.5300000e-011  1.5300000e-011  1.4400000e-011  1.8500000e-011  1.6450000e-011  1.5900000e-011  1.5150000e-011  1.5700000e-011  1.4500000e-011  1.4300000e-011  1.3950000e-011  1.4850000e-011  1.4400000e-011  1.6000000e-011             NaN             NaN             NaN  1.5850000e-011             NaN  1.9600000e-011  3.9400000e-011             NaN  1.9200000e-011  1.3500000e-011  1.8100000e-011             NaN             NaN             NaN             NaN             NaN             NaN             NaN             NaN
  1.0000000e+002             NaN  1.6300000e-011  1.8200000e-011  1.7400000e-011  1.5700000e-011  1.6000000e-011  1.9600000e-011  1.7200000e-011  1.5700000e-011  1.5300000e-011  1.4700000e-011  1.5800000e-011  1.6000000e-011  1.5650000e-011  1.5800000e-011  1.5500000e-011  1.8850000e-011  1.3800000e-011             NaN  1.0750000e-011  2.1350000e-011             NaN  1.5050000e-011  1.3100000e-011             NaN  5.8350000e-011  1.8800000e-011             NaN  1.6150000e-011             NaN             NaN  2.6100000e-011  3.1300000e-011  1.3300000e-011             NaN             NaN
  9.0000000e+001             NaN  1.9300000e-011  1.7600000e-011  1.6850000e-011  1.8750000e-011  1.7600000e-011  1.7200000e-011  1.7400000e-011  1.7500000e-011  1.8100000e-011  1.5700000e-011  1.6900000e-011  1.4100000e-011  1.0600000e-011  1.4100000e-011  1.1300000e-011  1.1400000e-011  1.4300000e-011  1.9500000e-011  1.1700000e-011             NaN  1.0600000e-011  1.0900000e-011  1.2400000e-011             NaN             NaN  1.5000000e-011  1.4500000e-011  1.4100000e-011  2.3200000e-011             NaN  1.6600000e-011  2.0300000e-011  1.7350000e-011             NaN             NaN
  8.0000000e+001             NaN  1.9050000e-011  2.1900000e-011  1.9800000e-011  1.7800000e-011  1.4700000e-011  1.9400000e-011  1.6750000e-011  1.7800000e-011  1.9950000e-011  1.9600000e-011  1.2550000e-011  1.2150000e-011  1.4850000e-011  1.0950000e-011  1.2400000e-011  1.0900000e-011  1.4900000e-011             NaN             NaN  1.6850000e-011  1.3500000e-011  2.5100000e-011  1.4100000e-011  1.5500000e-011  1.7100000e-011             NaN  1.8000000e-011  2.4600000e-011  2.2100000e-011  2.1100000e-011  1.8700000e-011             NaN             NaN  3.7800000e-011             NaN
  7.0000000e+001             NaN  1.3100000e-011  1.2600000e-011  1.3400000e-011  1.5100000e-011  1.4450000e-011  1.4400000e-011  1.5000000e-011  1.5400000e-011  1.4850000e-011  1.3400000e-011  1.4450000e-011  1.4900000e-011  1.5700000e-011  1.5200000e-011  1.7050000e-011  1.3700000e-011  1.7150000e-011  1.7200000e-011  1.6950000e-011  1.4650000e-011  1.5500000e-011  1.3000000e-011  2.1400000e-011  3.1000000e-011  2.0500000e-011  1.7300000e-011  3.5900000e-011  2.3250000e-011  1.2600000e-011  1.3250000e-011  1.8800000e-011  1.8300000e-011             NaN  2.4300000e-011             NaN
  5.0000000e+001             NaN  1.9750000e-011  2.0050000e-011  2.0600000e-011  2.0800000e-011  2.1200000e-011  2.0650000e-011  2.0800000e-011  2.1400000e-011  2.0100000e-011  2.1700000e-011  2.2300000e-011  1.9100000e-011  1.9600000e-011  2.0900000e-011  1.9100000e-011  2.2100000e-011  2.2900000e-011  1.9950000e-011  2.2050000e-011  2.3500000e-011  2.9800000e-011  3.2400000e-011  2.8550000e-011  2.5000000e-011  2.4400000e-011  4.4700000e-011  3.3400000e-011             NaN  5.0700000e-011  3.7400000e-011             NaN  2.7200000e-011  2.4200000e-011  1.5900000e-011             NaN
  3.0000000e+001             NaN  3.0350000e-011  3.3400000e-011  3.0800000e-011  3.0500000e-011  3.2250000e-011  3.2750000e-011  3.3050000e-011  3.4100000e-011  3.3400000e-011  3.5100000e-011  3.4600000e-011  3.1450000e-011  3.1000000e-011  3.2400000e-011  3.2650000e-011  3.0500000e-011  3.2500000e-011  3.7600000e-011  3.4200000e-011  3.4900000e-011  4.9300000e-011  5.3800000e-011  3.6400000e-011  4.0100000e-011  4.2650000e-011  3.5700000e-011  4.0500000e-011  3.8750000e-011  3.6800000e-011  3.5300000e-011  3.1000000e-011  3.3700000e-011  3.3500000e-011  3.2000000e-011  3.3950000e-011
  2.0000000e+001             NaN  5.0250000e-011  4.9800000e-011  4.6800000e-011  4.7900000e-011  4.8250000e-011  4.9300000e-011  4.6800000e-011  4.8500000e-011  4.9000000e-011  5.6550000e-011  4.9500000e-011  5.0200000e-011  4.9000000e-011  4.3850000e-011  4.5700000e-011  5.0300000e-011  5.3600000e-011  4.9300000e-011  5.7500000e-011  5.6950000e-011  5.8300000e-011  5.0000000e-011  5.5700000e-011  5.3750000e-011  5.2700000e-011  5.6050000e-011  4.8550000e-011  4.6100000e-011  4.5800000e-011  4.0400000e-011  3.9200000e-011  3.9100000e-011  3.9200000e-011  3.9750000e-011  5.0900000e-011
  1.5000000e+001             NaN  7.2800000e-011  6.7500000e-011  6.8000000e-011  6.8100000e-011  6.9000000e-011  6.7650000e-011  6.8500000e-011  6.8550000e-011  7.2100000e-011  7.5000000e-011  7.2150000e-011  6.9600000e-011  7.3900000e-011  6.3000000e-011  6.5200000e-011  6.2500000e-011  6.8200000e-011  6.6500000e-011  7.4600000e-011  8.0200000e-011  7.1950000e-011  1.0100000e-010  6.7400000e-011  7.2200000e-011  6.8600000e-011  7.0400000e-011  6.9500000e-011  6.7150000e-011  6.9600000e-011  5.4900000e-011  5.8700000e-011  5.6550000e-011  5.3150000e-011  5.7550000e-011  6.6800000e-011
  1.0000000e+001             NaN  1.0300000e-010  9.7450000e-011  9.2000000e-011  8.7300000e-011  8.6400000e-011  9.1600000e-011  8.9300000e-011  9.1450000e-011  9.7300000e-011  9.5100000e-011  9.2500000e-011  8.9600000e-011  9.8200000e-011  9.3000000e-011  8.4500000e-011  9.2550000e-011  1.1000000e-010  9.4050000e-011  9.4700000e-011  1.0600000e-010  1.0065000e-010  1.1000000e-010  9.1400000e-011  9.5300000e-011  9.0800000e-011  9.3250000e-011  9.1150000e-011  9.9200000e-011  9.2750000e-011  8.5850000e-011  8.1500000e-011  7.2750000e-011  7.7550000e-011  8.7100000e-011  8.6100000e-011
  7.0000000e+000             NaN             NaN  1.1500000e-010  1.1200000e-010  1.1200000e-010  1.0900000e-010  1.1800000e-010  1.1200000e-010  1.3200000e-010  1.3100000e-010  1.2600000e-010  1.2400000e-010  1.3200000e-010  1.3100000e-010  1.3150000e-010  1.2450000e-010  1.3000000e-010  1.4400000e-010  1.3050000e-010  1.4000000e-010  1.3950000e-010  1.4500000e-010  1.2400000e-010  1.3950000e-010  1.2450000e-010  1.2500000e-010  1.1450000e-010  1.3100000e-010  1.2500000e-010  1.1950000e-010  1.1350000e-010  1.0550000e-010  1.0700000e-010  1.1700000e-010  1.0450000e-010             NaN
  5.0000000e+000             NaN             NaN  1.4900000e-010  1.4700000e-010  1.4100000e-010  1.4700000e-010  1.5500000e-010  1.4150000e-010  1.5950000e-010  1.6250000e-010  1.6250000e-010  1.6500000e-010  1.7550000e-010  1.6800000e-010  1.7200000e-010  1.6550000e-010  1.7600000e-010  1.9500000e-010  1.7900000e-010  1.7450000e-010  1.9650000e-010  1.9700000e-010  1.7200000e-010  1.5600000e-010  1.6800000e-010  1.6250000e-010  1.6700000e-010  1.6600000e-010  1.6150000e-010  1.6150000e-010  1.5700000e-010  1.5500000e-010  1.4900000e-010  1.6400000e-010  1.4800000e-010  2.0450000e-010
  3.0000000e+000             NaN             NaN  1.7500000e-010  1.9000000e-010  2.0000000e-010  1.9400000e-010  1.9700000e-010  2.1200000e-010  2.1050000e-010  2.3750000e-010  2.1400000e-010  2.2400000e-010  2.2700000e-010  2.3000000e-010  2.5100000e-010  2.3150000e-010  2.4950000e-010  2.5900000e-010  2.5950000e-010  2.5600000e-010  2.7900000e-010  2.6900000e-010  2.3250000e-010  2.3100000e-010  2.2500000e-010  2.4750000e-010  2.1500000e-010  2.2450000e-010  2.0800000e-010  2.3450000e-010  2.1600000e-010  2.0800000e-010  2.0900000e-010  2.3200000e-010  2.4100000e-010  2.3600000e-010
  2.0000000e+000             NaN             NaN             NaN  2.6200000e-010  2.7200000e-010  2.6950000e-010  2.6400000e-010  2.7600000e-010  2.9000000e-010  3.0400000e-010  2.9500000e-010  2.9100000e-010  2.9900000e-010  2.9550000e-010  3.0200000e-010  3.0700000e-010  3.3500000e-010  3.0600000e-010  3.1250000e-010  3.3250000e-010  3.5200000e-010  3.5800000e-010  2.8800000e-010  3.2300000e-010  3.0000000e-010  2.6700000e-010  2.8800000e-010  2.9500000e-010  2.9600000e-010  3.0000000e-010  3.0400000e-010  2.9300000e-010  2.8700000e-010  2.8150000e-010  2.9350000e-010  3.2600000e-010
  1.5000000e+000             NaN             NaN  3.5600000e-010  3.5900000e-010  3.4200000e-010  3.3650000e-010  3.4400000e-010  3.6300000e-010  3.9050000e-010  4.1350000e-010  3.7100000e-010  3.6300000e-010  4.2700000e-010  3.9700000e-010  3.9450000e-010  3.7850000e-010  3.8600000e-010  3.8800000e-010  4.1200000e-010  4.4350000e-010  4.8000000e-010  4.6600000e-010  4.1600000e-010  3.8700000e-010  3.7900000e-010  3.7350000e-010  3.9150000e-010  3.8150000e-010  3.9200000e-010  3.7700000e-010  4.0000000e-010  4.0800000e-010  3.8900000e-010  3.8250000e-010  3.4000000e-010  3.6000000e-010
  1.0000000e+000             NaN  5.1400000e-010  5.0550000e-010  4.9750000e-010  4.8900000e-010  4.9700000e-010  5.0950000e-010  5.2100000e-010  5.3350000e-010  5.4150000e-010  5.2100000e-010  5.0600000e-010  5.1400000e-010  5.3500000e-010  5.2850000e-010  5.5150000e-010  5.2900000e-010  5.2900000e-010  5.8400000e-010  6.0900000e-010  5.7550000e-010  5.7250000e-010  6.6400000e-010  5.2900000e-010  5.6000000e-010  5.5200000e-010  5.4800000e-010  5.3050000e-010  5.5700000e-010  5.4800000e-010  5.3500000e-010  5.3900000e-010  5.3600000e-010  5.4100000e-010  5.6250000e-010  6.6300000e-010
  7.0000000e-001             NaN  6.7150000e-010  6.3700000e-010  6.9550000e-010  6.5850000e-010  6.9200000e-010  7.2350000e-010  7.0900000e-010  7.3500000e-010  7.0400000e-010  7.0700000e-010  6.9800000e-010  6.9400000e-010  6.7450000e-010  7.5600000e-010  7.4900000e-010  7.3000000e-010  7.4500000e-010  7.9550000e-010  7.6700000e-010  7.7950000e-010  8.3500000e-010  8.1000000e-010  7.4900000e-010  7.6900000e-010  7.8300000e-010  7.9900000e-010  7.9700000e-010  7.8900000e-010  7.4700000e-010  7.4800000e-010  7.9600000e-010  7.7500000e-010  7.8000000e-010  7.2400000e-010  8.1300000e-010
  5.0000000e-001             NaN  9.6600000e-010  8.4600000e-010  8.8150000e-010  9.6000000e-010  9.1000000e-010  9.4750000e-010  9.6300000e-010  1.0100000e-009  9.4400000e-010  9.8100000e-010  9.5600000e-010  9.0150000e-010  9.7750000e-010  1.0160000e-009  1.0000000e-009  9.8000000e-010  1.0100000e-009  1.0150000e-009  1.1400000e-009  1.1900000e-009  1.0950000e-009  1.2000000e-009  1.0950000e-009  1.0500000e-009  1.1050000e-009  1.0700000e-009  1.1100000e-009  1.0750000e-009  1.0900000e-009  1.0900000e-009  1.0950000e-009  1.0800000e-009  1.0750000e-009  1.3500000e-009  1.0950000e-009
  3.0000000e-001             NaN  1.6000000e-009  1.3300000e-009  1.2350000e-009  1.2650000e-009  1.3050000e-009  1.3400000e-009  1.2700000e-009  1.2300000e-009  1.3450000e-009  1.2100000e-009  1.3500000e-009  1.3200000e-009  1.3050000e-009  1.3200000e-009  1.3600000e-009  1.4400000e-009  1.4300000e-009  1.6050000e-009  1.5800000e-009  1.6000000e-009  1.6100000e-009  1.4700000e-009  1.6250000e-009  1.5100000e-009  1.6700000e-009  1.6300000e-009  1.7000000e-009  1.6800000e-009  1.6100000e-009  1.6500000e-009  1.6850000e-009  1.6900000e-009  1.7200000e-009  1.7100000e-009  1.7950000e-009
  2.0000000e-001             NaN             NaN  2.0500000e-009  1.7900000e-009  1.7600000e-009  1.7050000e-009  1.6600000e-009  1.6300000e-009  1.7700000e-009  1.7550000e-009  1.5600000e-009  1.7600000e-009  1.7450000e-009  1.6950000e-009  1.7700000e-009  1.8150000e-009  1.8300000e-009  1.8850000e-009  1.9500000e-009  2.1700000e-009  2.1700000e-009  2.0600000e-009  1.9700000e-009  2.2100000e-009  2.1500000e-009  2.4000000e-009  2.4000000e-009  2.3000000e-009  2.3350000e-009  2.4000000e-009  2.2450000e-009  2.3000000e-009  2.2250000e-009  2.2400000e-009  2.2500000e-009  3.5600000e-009
  1.5000000e-001             NaN             NaN  2.4450000e-009  2.4100000e-009  2.3000000e-009  2.2350000e-009  2.4800000e-009  2.1900000e-009  2.2200000e-009  2.1800000e-009  2.3400000e-009  2.2900000e-009  2.1950000e-009  2.3000000e-009  2.2350000e-009  2.3700000e-009  2.3600000e-009  2.5700000e-009  2.7600000e-009  2.6450000e-009  2.9100000e-009  2.5600000e-009  2.8000000e-009  2.9300000e-009  2.6300000e-009  3.1150000e-009  3.2300000e-009  3.0700000e-009  3.1900000e-009  3.2500000e-009  3.2300000e-009  3.1700000e-009  3.0900000e-009  2.8500000e-009  3.8950000e-009             NaN
  1.0000000e-001             NaN             NaN             NaN  3.1950000e-009  3.3000000e-009  3.3100000e-009  3.2500000e-009  3.3800000e-009  3.0900000e-009  2.9450000e-009  2.9600000e-009  2.9450000e-009  3.0100000e-009  2.9600000e-009  3.2500000e-009  3.2300000e-009  3.1100000e-009  3.3100000e-009  3.6400000e-009  3.4900000e-009  3.5300000e-009  3.7250000e-009  3.6550000e-009  3.9500000e-009  4.0900000e-009  4.1200000e-009  4.0800000e-009  4.1100000e-009  4.3400000e-009  4.2500000e-009  3.9700000e-009  4.3100000e-009  4.3900000e-009  4.8350000e-009  4.7550000e-009             NaN
