             NaN -8.7500000e+001 -8.2500000e+001 -7.7500000e+001 -7.2500000e+001 -6.7500000e+001 -6.2500000e+001 -5.7500000e+001 -5.2500000e+001 -4.7500000e+001 -4.2500000e+001 -3.7500000e+001 -3.2500000e+001 -2.7500000e+001 -2.2500000e+001 -1.7500000e+001 -1.2500000e+001 -7.5000000e+000 -2.5000000e+000  2.5000000e+000  7.5000000e+000  1.2500000e+001  1.7500000e+001  2.2500000e+001  2.7500000e+001  3.2500000e+001  3.7500000e+001  4.2500000e+001  4.7500000e+001  5.2500000e+001  5.7500000e+001  6.2500000e+001  6.7500000e+001  7.2500000e+001  7.7500000e+001  8.2500000e+001  8.7500000e+001
  1.0000000e+003             NaN             NaN             NaN             NaN             NaN             NaN             NaN             NaN             NaN             NaN             NaN             NaN             NaN             NaN             NaN             NaN             NaN             NaN             NaN             NaN             NaN             NaN             NaN             NaN             NaN             NaN             NaN             NaN             NaN             NaN             NaN             NaN             NaN             NaN             NaN             NaN
  8.5000000e+002             NaN             NaN             NaN             NaN             NaN             NaN             NaN             NaN             NaN             NaN             NaN             NaN             NaN             NaN             NaN             NaN             NaN             NaN             NaN             NaN             NaN             NaN             NaN             NaN             NaN             NaN             NaN             NaN             NaN             NaN             NaN             NaN             NaN             NaN             NaN             NaN
  7.0000000e+002             NaN             NaN             NaN             NaN             NaN             NaN             NaN             NaN             NaN             NaN             NaN             NaN             NaN             NaN             NaN             NaN             NaN             NaN             NaN             NaN             NaN             NaN             NaN             NaN             NaN             NaN             NaN             NaN             NaN             NaN             NaN             NaN             NaN             NaN             NaN             NaN
  5.0000000e+002             NaN             NaN             NaN             NaN             NaN             NaN             NaN             NaN             NaN             NaN             NaN             NaN             NaN             NaN             NaN             NaN             NaN             NaN             NaN             NaN             NaN             NaN             NaN             NaN             NaN             NaN             NaN             NaN             NaN             NaN             NaN             NaN             NaN             NaN             NaN             NaN
  4.0000000e+002             NaN             NaN             NaN             NaN             NaN             NaN             NaN             NaN             NaN             NaN             NaN             NaN             NaN             NaN             NaN             NaN             NaN             NaN             NaN             NaN             NaN             NaN             NaN             NaN             NaN             NaN             NaN             NaN             NaN             NaN             NaN             NaN             NaN             NaN             NaN             NaN
  3.0000000e+002             NaN             NaN             NaN             NaN             NaN             NaN             NaN             NaN             NaN             NaN             NaN             NaN             NaN             NaN             NaN             NaN             NaN             NaN             NaN             NaN             NaN             NaN             NaN             NaN             NaN             NaN             NaN             NaN             NaN             NaN             NaN             NaN             NaN             NaN             NaN             NaN
  2.5000000e+002             NaN             NaN             NaN             NaN             NaN             NaN             NaN             NaN             NaN             NaN             NaN             NaN             NaN             NaN             NaN             NaN             NaN             NaN             NaN             NaN             NaN             NaN             NaN             NaN             NaN             NaN             NaN             NaN             NaN             NaN             NaN             NaN             NaN             NaN             NaN             NaN
  2.0000000e+002             NaN             NaN             NaN             NaN             NaN             NaN             NaN             NaN             NaN             NaN             NaN             NaN             NaN             NaN             NaN             NaN             NaN             NaN             NaN             NaN             NaN             NaN             NaN             NaN             NaN             NaN             NaN             NaN             NaN             NaN             NaN             NaN             NaN             NaN             NaN             NaN
  1.7000000e+002             NaN             NaN             NaN             NaN             NaN             NaN             NaN             NaN             NaN             NaN             NaN             NaN             NaN             NaN             NaN             NaN             NaN             NaN             NaN             NaN             NaN             NaN             NaN             NaN             NaN             NaN             NaN             NaN             NaN             NaN             NaN             NaN             NaN             NaN             NaN             NaN
  1.5000000e+002             NaN             NaN             NaN             NaN             NaN             NaN             NaN             NaN             NaN             NaN             NaN             NaN             NaN             NaN             NaN             NaN             NaN             NaN             NaN             NaN             NaN             NaN             NaN             NaN             NaN             NaN             NaN             NaN             NaN             NaN             NaN             NaN             NaN             NaN             NaN             NaN
  1.3000000e+002             NaN             NaN             NaN             NaN             NaN             NaN             NaN             NaN             NaN             NaN             NaN             NaN             NaN             NaN  3.3300000e-011             NaN             NaN             NaN             NaN  1.4800000e-011  4.9043093e-011  2.5821724e-011             NaN             NaN             NaN             NaN             NaN             NaN             NaN             NaN             NaN             NaN             NaN             NaN             NaN             NaN
  1.1500000e+002             NaN             NaN             NaN             NaN             NaN             NaN             NaN             NaN             NaN  3.1400000e-011  2.6097344e-011  2.0266270e-011  2.5263530e-011  2.0810981e-011  1.8297443e-011  2.2100000e-011             NaN             NaN  2.5400000e-011  3.4226988e-011  4.2780902e-011  2.3499492e-011  1.8620141e-011  6.1080914e-011  6.2059377e-011  1.5128571e-011  1.8070270e-011  2.4372630e-011  5.3400000e-011  1.7800000e-011  2.4200000e-011  1.4302247e-011  3.4237993e-011  1.2800000e-010             NaN             NaN
  1.0000000e+002             NaN             NaN  5.4517647e-011             NaN             NaN  2.4400000e-011             NaN  1.4000000e-011  3.1595130e-011             NaN  1.3700000e-011  2.1561429e-011  3.2798577e-011  2.1475355e-011  1.6820084e-011  4.2713580e-011             NaN             NaN  7.6800000e-011  2.8734688e-011  3.1879066e-011  2.6199723e-011  2.7085230e-011  2.9612674e-011  2.2272008e-011  1.6317002e-011             NaN  2.5145354e-011  1.8257155e-011  8.2834480e-011  1.8813663e-011  2.4679238e-011  1.9864557e-011  3.5888298e-011  3.2700000e-011             NaN
  9.0000000e+001             NaN             NaN  2.0900000e-010  4.1546246e-011             NaN             NaN  4.3684114e-011  8.7100000e-011  3.8080515e-011  1.8861263e-011  4.0015709e-011  3.3853747e-011  3.3812965e-011  3.2989380e-011  3.0546026e-011  5.3513709e-011             NaN             NaN  4.3748265e-011  2.8217412e-011  3.1245961e-011  3.0391177e-011  2.5771523e-011  3.3832473e-011  2.3156433e-011  1.7202933e-011  2.0465247e-011  2.9544053e-011  3.2032283e-011  3.5785054e-011  2.4682791e-011  3.8034945e-011  6.4764301e-011  4.1935344e-011  3.7000000e-011             NaN
  8.0000000e+001             NaN  1.2295115e-010  4.6143506e-011  3.1476718e-011  6.2182349e-011             NaN  3.1406013e-011  2.8558041e-011  2.7108429e-011  3.6387040e-011  4.2357957e-011  3.9068104e-011  2.2100000e-011  5.7400000e-011  3.1754541e-011  3.0368923e-011             NaN             NaN  2.0034459e-011  3.9509879e-011  3.8292052e-011  2.9042356e-011  3.8267508e-011  3.1655396e-011  3.6995883e-011  3.2295043e-011  2.4531632e-011  3.1821194e-011  5.3177760e-011  6.8623040e-011  4.7988572e-011  4.3850109e-011  3.4281495e-011  3.4833953e-011  8.5458989e-011             NaN
  7.0000000e+001             NaN             NaN             NaN             NaN             NaN             NaN  3.7337849e-011  3.1525922e-011  3.2278457e-011  3.4101406e-011  3.0388169e-011  4.9747971e-011  3.9205933e-011  3.2267915e-011  5.1279420e-011  4.2937333e-011             NaN             NaN  4.0086288e-011  3.9207079e-011  4.3046594e-011  6.6575520e-011  5.2095479e-011  4.2995327e-011  2.6841231e-011  4.5622198e-011  4.6875370e-011  5.9863650e-011  5.3825376e-011  3.0033355e-011  4.5892652e-010  2.2300000e-011  2.2602934e-011  6.2600000e-011  3.1900000e-011             NaN
  5.0000000e+001  1.4702746e-010  1.8044928e-010  1.4090348e-010  7.3516577e-011  4.2669257e-011  1.1139723e-010  1.0644560e-010  4.9777164e-011  5.6712141e-011  5.6458622e-011  5.7836620e-011  5.8633189e-011  6.1328571e-011  4.2087721e-011  4.4969859e-011  4.2607429e-011             NaN             NaN  3.3317829e-011  3.8807424e-011  5.9738927e-011  5.9744681e-011  5.3206005e-011  4.7196689e-011  4.5345975e-011  3.8912833e-011  6.0422815e-011  5.3358281e-011  6.5210843e-011  7.8015779e-011  6.7215203e-011  7.2108157e-011  5.8631071e-011  7.5321042e-011  5.7933497e-011  9.5791209e-011
  3.0000000e+001  4.5426256e-010  5.0779803e-010  3.5588869e-010  3.8977535e-010  3.6940360e-010  3.2790942e-010  2.8312352e-010  2.0353704e-010  1.6320113e-010  1.3912683e-010  1.1526340e-010  8.7561872e-011  8.6572849e-011  8.3900000e-011             NaN  6.2779566e-011             NaN             NaN  4.2238273e-011  5.0185014e-011  5.7742328e-011  7.1887727e-011  6.0905903e-011  9.0184047e-011  8.4443530e-011  1.0906357e-010  1.6929987e-010  1.8412104e-010  3.2262118e-010  2.3222094e-010  3.6821040e-010  3.8185770e-010  4.7241512e-010  4.5761306e-010  4.9695718e-010  5.1957988e-010
  2.0000000e+001  1.6759834e-009  1.5883858e-009  1.3752228e-009  1.2684754e-009  1.1005374e-009  9.7351768e-010  7.1190946e-010  6.3685026e-010  5.9021865e-010  4.0498875e-010  2.4088750e-010  1.9088902e-010  4.1500000e-010  1.6972914e-010             NaN  6.4700000e-011             NaN             NaN  7.5485917e-011  6.3458328e-011  6.9074819e-011  9.4333388e-011  1.0032751e-010  1.5055490e-010  3.2802042e-010  4.9382596e-010  5.4255592e-010  7.6439836e-010  8.6706583e-010  1.1622161e-009  1.0046487e-009  1.3008355e-009  1.2831357e-009  1.3615202e-009  1.2351145e-009  1.1238437e-009
  1.5000000e+001  3.8986425e-009  3.4767021e-009  3.3058957e-009  3.3826179e-009  2.7270176e-009  2.5435687e-009  2.0133358e-009  1.9535455e-009  1.4000556e-009  1.0536064e-009  8.6813311e-010  6.7278041e-010  5.7270224e-010  3.9854245e-010  2.7847354e-010  2.3351312e-010             NaN             NaN  2.1615178e-010  1.5307282e-010  1.6276077e-010  2.5486404e-010  4.0716954e-010  5.5551033e-010  8.0887884e-010  1.0459008e-009  1.3395631e-009  1.5374552e-009  2.1382732e-009  2.4524642e-009  2.3263492e-009  2.3126252e-009  2.3509231e-009  2.3227933e-009  2.1701136e-009  2.3849702e-009
  1.0000000e+001  6.0146301e-009  5.6910123e-009  5.2887233e-009  4.9893660e-009  4.3865543e-009  4.0469411e-009  3.6835085e-009  3.1980935e-009  3.0408241e-009  2.5139213e-009  1.8847234e-009  2.1118494e-009  1.7718139e-009  1.4297549e-009  8.8023181e-010  8.5616089e-010             NaN             NaN  7.8653141e-010  8.8933365e-010  8.8590665e-010  1.2010003e-009  1.3509333e-009  1.4497895e-009  1.7215698e-009  1.7965200e-009  2.0664983e-009  2.3676992e-009  2.8069413e-009  3.1192681e-009  3.2590388e-009  3.2742171e-009  3.2547221e-009  2.8406444e-009  2.6239689e-009  2.7200000e-009
  7.0000000e+000  7.3580304e-009  7.2515793e-009  6.9793488e-009  6.7113808e-009  6.2015270e-009  5.5352949e-009  5.2928640e-009  4.8255964e-009  4.2313427e-009  3.9875285e-009  3.9048836e-009  3.9241462e-009  3.5606376e-009  3.0362333e-009  2.2571319e-009  2.4932842e-009             NaN             NaN  2.5521998e-009  2.8641428e-009  2.8933598e-009  2.4584571e-009  2.8221035e-009  2.9959943e-009  3.0473643e-009  3.0168950e-009  3.2385146e-009  3.3405656e-009  4.0504583e-009  4.0710872e-009  4.4206513e-009  4.5169870e-009  4.8658138e-009  4.7113972e-009  4.7450796e-009             NaN
  5.0000000e+000  8.4892297e-009  8.1610815e-009  7.9805022e-009  7.5531068e-009  6.7375881e-009  6.1882150e-009  6.3777510e-009  5.8828811e-009  6.0341260e-009  5.7215242e-009  6.0843822e-009  5.9393270e-009  6.3642714e-009  5.2601461e-009  5.5569576e-009  4.5977415e-009             NaN             NaN  5.3951464e-009  5.2247252e-009  5.2800518e-009  5.3301080e-009  5.4996104e-009  5.3491632e-009  5.3155999e-009  4.7436286e-009  4.2583946e-009  4.3984077e-009  4.5224592e-009  5.1301733e-009  5.4226296e-009  5.2821076e-009  5.3400300e-009  5.1580283e-009  5.4479973e-009  6.0900000e-009
  3.0000000e+000  8.3341562e-009  8.1043142e-009  8.3017589e-009  7.7477540e-009  7.5440212e-009  7.2457946e-009  7.0614953e-009  7.0648512e-009  7.4179380e-009  7.8205444e-009  8.3909782e-009  8.7857468e-009  9.0166517e-009  8.8431844e-009  8.5726757e-009  8.4241485e-009             NaN             NaN  7.8047799e-009  8.4238899e-009  8.4739290e-009  8.1058017e-009  8.7065576e-009  8.3526418e-009  7.5111439e-009  6.4681948e-009  5.9663124e-009  5.7065987e-009  5.9009139e-009  5.7605615e-009  6.1509452e-009  6.6537295e-009  6.5835018e-009  7.0540545e-009  7.4485460e-009  7.9175067e-009
  2.0000000e+000  7.6649203e-009  7.3822975e-009  7.3945819e-009  7.2033542e-009  7.2785903e-009  7.1173584e-009  7.1665874e-009  7.6634005e-009  8.1970688e-009  9.3189178e-009  9.7751453e-009  1.0310665e-008  1.0737076e-008  1.0355486e-008  1.0024236e-008  1.0153524e-008             NaN             NaN  9.6226465e-009  9.4927761e-009  1.0377162e-008  1.0358532e-008  9.5672007e-009  9.9676152e-009  9.4026984e-009  7.6498114e-009  7.2133008e-009  6.1056468e-009  5.7468399e-009  6.1426664e-009  6.1940601e-009  6.7698076e-009  7.1087808e-009  7.0276973e-009  7.6615670e-009             NaN
  1.5000000e+000  7.6072540e-009  6.0702603e-009  6.2476967e-009  7.5042241e-009  7.2442095e-009  7.2310919e-009  7.4722311e-009  7.9523820e-009  9.0976942e-009  9.4350590e-009  1.0803712e-008  1.0977302e-008  1.1648658e-008  1.1191102e-008  9.6920384e-009  9.5809020e-009             NaN             NaN  9.6403619e-009  9.8616531e-009  1.1518444e-008  1.0323183e-008  1.0629936e-008  1.0022854e-008  1.0218180e-008  7.9328282e-009  6.9079683e-009  6.2100116e-009  5.7329254e-009  5.3330622e-009  6.2147322e-009  6.7378544e-009  6.4125850e-009  7.3637945e-009  7.9279696e-009  1.0100000e-008
  1.0000000e+000  4.7584283e-009  5.1944955e-009  6.3358192e-009  7.5786929e-009  6.4487574e-009  6.7153347e-009  6.9010024e-009  7.9756780e-009  9.1350975e-009  9.2917147e-009  1.0807618e-008  1.1311429e-008  1.1356376e-008  1.0479589e-008  8.2875347e-009  8.7171694e-009             NaN             NaN  8.5141463e-009  9.5151457e-009  9.4053793e-009  1.0099884e-008  9.7349620e-009  1.0081573e-008  1.0157536e-008  8.1470477e-009  6.5469796e-009  5.5494920e-009  5.2398794e-009  5.1000272e-009  5.5350230e-009  5.7739197e-009  5.9170036e-009  6.3358394e-009  6.9864042e-009  7.4298895e-009
  7.0000000e-001  3.8147041e-009  3.8613432e-009  4.8639224e-009  6.0143661e-009  5.5169521e-009  6.0463641e-009  6.6013169e-009  7.1709147e-009  8.1773461e-009  9.0445625e-009  9.2632804e-009  9.5962870e-009  1.0317790e-008  7.6098739e-009  7.4621040e-009  6.8632751e-009             NaN             NaN  6.5268149e-009  7.8534531e-009  7.5333456e-009  8.6787820e-009  8.1729695e-009  8.4348382e-009  8.1039076e-009  6.9950036e-009  7.2322046e-009  5.1871670e-009  4.4118648e-009  4.8015640e-009  4.9346875e-009  4.8381895e-009  4.5734419e-009  4.6804853e-009  5.5487662e-009  3.8382539e-009
  5.0000000e-001  2.8349999e-009  3.4670726e-009  4.2551405e-009  4.8334200e-009  5.0817100e-009  5.3012624e-009  5.3130630e-009  6.7444869e-009  7.1192719e-009  7.3811098e-009  8.4740001e-009  7.9552289e-009  7.7968901e-009  8.5717058e-009  6.5737697e-009  5.0632974e-009             NaN             NaN  5.0173334e-009  5.4233538e-009  6.4893379e-009  6.6794019e-009  6.2655775e-009  6.3073695e-009  6.5381719e-009  5.2912240e-009  4.6226224e-009  4.2300081e-009  3.6218115e-009  3.4710773e-009  3.7919135e-009  4.0181417e-009  3.2704040e-009  3.8519321e-009  4.8667338e-009  3.6360753e-009
  3.0000000e-001  3.0025066e-009  3.3324958e-009  3.1041772e-009  3.5277446e-009  3.3087505e-009  4.1330519e-009  4.3168694e-009  4.4505647e-009  5.2953035e-009  5.2712029e-009  6.3402980e-009  6.8445280e-009  5.7865361e-009  5.4283229e-009  5.2499548e-009  4.3581772e-009             NaN             NaN  4.4024716e-009  3.4353150e-009  4.6297066e-009  4.7494550e-009  3.9864354e-009  4.6222896e-009  4.5507127e-009  4.0555878e-009  3.4980334e-009  3.1891255e-009  3.2778476e-009  3.2681877e-009  3.3350910e-009  3.1770354e-009  3.8438955e-009  3.9770582e-009  3.4484427e-009             NaN
  2.0000000e-001             NaN  2.7821451e-009  2.5016692e-009  4.5451339e-009  3.4938448e-009  3.3347008e-009  3.4215367e-009  3.9072568e-009  4.0514244e-009  4.2682104e-009  4.5196089e-009  3.7872672e-009  5.1163799e-009  5.5179670e-009  3.3209725e-009  5.3550031e-009             NaN             NaN  3.7788624e-009  3.3868121e-009  3.2743257e-009  4.0957971e-009  3.6988386e-009  3.6062489e-009  2.7918462e-009  2.6152903e-009  3.4842106e-009  2.9241295e-009  2.4421325e-009  3.2653780e-009  2.7990777e-009  3.4405007e-009  3.2682338e-009  3.0735931e-009  5.2900000e-009  3.5100000e-009
  1.5000000e-001             NaN             NaN  4.9774390e-009  5.0109041e-009  4.1038180e-009  4.6411903e-009  4.1181508e-009  3.8378868e-009  4.4129089e-009  4.4556367e-009  4.3451741e-009  4.4731557e-009  4.4502284e-009  3.4804767e-009  6.4025911e-009  6.7300000e-009             NaN             NaN  3.8416749e-009  5.3081640e-009  4.4018059e-009  4.1095864e-009  4.4922047e-009  3.0572637e-009  3.4530519e-009  3.5700607e-009  3.9242560e-009  3.8502990e-009  3.9137012e-009  3.5774356e-009  5.4013689e-009  3.2755622e-009  3.1626572e-009  3.7305216e-009  5.8200000e-009             NaN
  1.0000000e-001             NaN             NaN  4.2246809e-009  5.1979555e-009  7.3746055e-009  5.4755858e-009  4.7422156e-009  5.9075681e-009  6.3617996e-009  5.2164548e-009  7.0725130e-009  5.0783610e-009  7.9495265e-009  1.0048287e-008  8.1013070e-009  5.5939124e-009             NaN             NaN  5.0142959e-009  4.4281674e-009  5.6868848e-009  5.0909599e-009  4.9416618e-009  5.9126183e-009  5.3285287e-009  5.3177331e-009  5.4465831e-009  7.0435160e-009  5.5967103e-009  5.1180773e-009  5.2396382e-009  4.9923658e-009  4.5301252e-009  8.7300000e-009             NaN             NaN
             NaN -8.7500000e+001 -8.2500000e+001 -7.7500000e+001 -7.2500000e+001 -6.7500000e+001 -6.2500000e+001 -5.7500000e+001 -5.2500000e+001 -4.7500000e+001 -4.2500000e+001 -3.7500000e+001 -3.2500000e+001 -2.7500000e+001 -2.2500000e+001 -1.7500000e+001 -1.2500000e+001 -7.5000000e+000 -2.5000000e+000  2.5000000e+000  7.5000000e+000  1.2500000e+001  1.7500000e+001  2.2500000e+001  2.7500000e+001  3.2500000e+001  3.7500000e+001  4.2500000e+001  4.7500000e+001  5.2500000e+001  5.7500000e+001  6.2500000e+001  6.7500000e+001  7.2500000e+001  7.7500000e+001  8.2500000e+001  8.7500000e+001
  1.0000000e+003             NaN             NaN             NaN             NaN             NaN             NaN             NaN             NaN             NaN             NaN             NaN             NaN             NaN             NaN             NaN             NaN             NaN             NaN             NaN             NaN             NaN             NaN             NaN             NaN             NaN             NaN             NaN             NaN             NaN             NaN             NaN             NaN             NaN             NaN             NaN             NaN
  8.5000000e+002             NaN             NaN             NaN             NaN             NaN             NaN             NaN             NaN             NaN             NaN             NaN             NaN             NaN             NaN             NaN             NaN             NaN             NaN             NaN             NaN             NaN             NaN             NaN             NaN             NaN             NaN             NaN             NaN             NaN             NaN             NaN             NaN             NaN             NaN             NaN             NaN
  7.0000000e+002             NaN             NaN             NaN             NaN             NaN             NaN             NaN             NaN             NaN             NaN             NaN             NaN             NaN             NaN             NaN             NaN             NaN             NaN             NaN             NaN             NaN             NaN             NaN             NaN             NaN             NaN             NaN             NaN             NaN             NaN             NaN             NaN             NaN             NaN             NaN             NaN
  5.0000000e+002             NaN             NaN             NaN             NaN             NaN             NaN             NaN             NaN             NaN             NaN             NaN             NaN             NaN             NaN             NaN             NaN             NaN             NaN             NaN             NaN             NaN             NaN             NaN             NaN             NaN             NaN             NaN             NaN             NaN             NaN             NaN             NaN             NaN             NaN             NaN             NaN
  4.0000000e+002             NaN             NaN             NaN             NaN             NaN             NaN             NaN             NaN             NaN             NaN             NaN             NaN             NaN             NaN             NaN             NaN             NaN             NaN             NaN             NaN             NaN             NaN             NaN             NaN             NaN             NaN             NaN             NaN             NaN             NaN             NaN             NaN             NaN             NaN             NaN             NaN
  3.0000000e+002             NaN             NaN             NaN             NaN             NaN             NaN             NaN             NaN             NaN             NaN             NaN             NaN             NaN             NaN             NaN             NaN             NaN             NaN             NaN             NaN             NaN             NaN             NaN             NaN             NaN             NaN             NaN             NaN             NaN             NaN             NaN             NaN             NaN             NaN             NaN             NaN
  2.5000000e+002             NaN             NaN             NaN             NaN             NaN             NaN             NaN             NaN             NaN             NaN             NaN             NaN             NaN             NaN             NaN             NaN             NaN             NaN             NaN             NaN             NaN             NaN             NaN             NaN             NaN             NaN             NaN             NaN             NaN             NaN             NaN             NaN             NaN             NaN             NaN             NaN
  2.0000000e+002             NaN             NaN             NaN             NaN             NaN             NaN             NaN             NaN             NaN             NaN             NaN             NaN             NaN             NaN             NaN             NaN             NaN             NaN             NaN             NaN             NaN             NaN             NaN             NaN             NaN             NaN             NaN             NaN             NaN             NaN             NaN             NaN             NaN             NaN             NaN             NaN
  1.7000000e+002             NaN             NaN             NaN             NaN             NaN             NaN             NaN             NaN             NaN             NaN             NaN             NaN             NaN             NaN             NaN             NaN             NaN             NaN             NaN             NaN             NaN             NaN             NaN             NaN             NaN             NaN             NaN             NaN             NaN             NaN             NaN             NaN             NaN             NaN             NaN             NaN
  1.5000000e+002             NaN             NaN             NaN             NaN             NaN             NaN             NaN             NaN             NaN             NaN             NaN             NaN             NaN             NaN             NaN             NaN             NaN             NaN             NaN             NaN             NaN             NaN             NaN             NaN             NaN             NaN             NaN             NaN             NaN             NaN             NaN             NaN             NaN             NaN             NaN             NaN
  1.3000000e+002             NaN             NaN             NaN             NaN             NaN             NaN             NaN             NaN             NaN             NaN             NaN             NaN             NaN             NaN  0.0000000e+000             NaN             NaN             NaN             NaN  0.0000000e+000  4.6325138e-012  8.4849009e-012             NaN             NaN             NaN             NaN             NaN             NaN             NaN             NaN             NaN             NaN             NaN             NaN             NaN             NaN
  1.1500000e+002             NaN             NaN             NaN             NaN             NaN             NaN             NaN             NaN             NaN  0.0000000e+000  9.9401488e-012  2.0499354e-012  6.1637114e-012  6.0611653e-012  4.7083417e-012  0.0000000e+000             NaN             NaN  0.0000000e+000  1.0747307e-012  1.5909402e-011  1.0108885e-011  3.0765216e-012  1.0425335e-010  6.6511856e-011  1.3498299e-012  2.4433987e-012  8.9714410e-012  0.0000000e+000  0.0000000e+000  0.0000000e+000  5.9999579e-013  6.8626378e-013  0.0000000e+000             NaN             NaN
  1.0000000e+002             NaN             NaN  2.6004892e-011             NaN             NaN  0.0000000e+000             NaN  0.0000000e+000  6.9498535e-012             NaN  0.0000000e+000  3.9108019e-012  1.5226339e-011  1.1401809e-011  1.1438251e-011  2.2115269e-011             NaN             NaN  0.0000000e+000  1.1692117e-011  1.2123244e-011  6.4315246e-012  1.1143264e-011  1.1112861e-011  3.5332007e-012  6.7074716e-012             NaN  5.8466804e-012  4.2288695e-012  1.1383916e-010  3.9994542e-012  9.1850734e-012  5.2893741e-012  1.0499406e-011  0.0000000e+000             NaN
  9.0000000e+001             NaN             NaN  0.0000000e+000  2.4997182e-013             NaN             NaN  5.2541241e-011  0.0000000e+000  8.7920086e-012  9.9325583e-012  1.2848931e-011  9.4508008e-012  1.4160454e-011  9.1379556e-012  5.8642800e-012  5.3793592e-011             NaN             NaN  1.6180311e-011  6.4647519e-012  8.7032184e-012  1.2889821e-011  7.1961022e-012  1.2896708e-011  6.5713756e-012  1.2910127e-011  2.8036477e-012  1.3327205e-011  1.0287127e-011  1.1457823e-011  5.0675388e-012  1.2156508e-011  4.6020519e-011  2.8645095e-011  0.0000000e+000             NaN
  8.0000000e+001             NaN  6.9349431e-011  3.8494673e-011  1.0732164e-011  2.8469658e-011             NaN  1.3273541e-011  9.1296570e-012  1.9751623e-011  1.8548315e-011  2.6717123e-012  1.4404475e-011  0.0000000e+000  0.0000000e+000  9.2270268e-012  1.3420996e-011             NaN             NaN  3.4550533e-012  2.9520671e-011  1.3991241e-011  6.4717549e-012  1.3209711e-011  9.9981227e-012  5.9388405e-012  1.4996836e-011  1.2898463e-011  1.6866509e-011  1.7471895e-011  5.1903004e-011  2.8518542e-011  2.5578796e-011  2.2072282e-011  2.7149253e-011  6.0284523e-012             NaN
  7.0000000e+001             NaN             NaN             NaN             NaN             NaN             NaN  2.4164758e-011  9.7486450e-012  2.3160893e-011  1.9622478e-011  1.6702447e-011  5.6502112e-012  1.9957238e-011  1.1797043e-011  1.5647915e-011  1.9285455e-011             NaN             NaN  4.3469463e-011  1.3749854e-011  2.1131950e-011  1.6877585e-011  1.6355255e-011  1.5314632e-011  1.4717361e-011  2.0576922e-011  2.5179158e-011  2.5358316e-011  1.3791860e-011  1.0396043e-011  2.0004334e-009  0.0000000e+000  2.0780354e-012  0.0000000e+000  0.0000000e+000             NaN
  5.0000000e+001  1.2288953e-010  1.0179670e-010  1.1133141e-010  3.7873158e-011  1.1507761e-011  6.1036041e-011  6.8265505e-011  1.6627000e-011  2.6535491e-011  3.6393275e-011  2.9338842e-011  9.7805906e-012  1.0434108e-011  1.1340453e-011  2.5277653e-012  6.1350435e-012             NaN             NaN  6.2482549e-012  1.6650522e-011  1.1769896e-011  2.0594546e-011  2.1548259e-011  1.9007317e-011  2.0654876e-011  2.0280141e-011  3.5709631e-011  2.5662102e-011  2.9815339e-011  2.1469986e-011  4.3252397e-011  4.5342573e-011  3.3378073e-011  4.4768546e-011  3.4663797e-011  3.7316148e-011
  3.0000000e+001  3.3749750e-010  3.4168227e-010  2.6918902e-010  2.5205356e-010  2.3620958e-010  2.3030158e-010  1.7755930e-010  9.3806035e-011  9.1706041e-011  7.4128609e-011  5.2233285e-011  4.7605287e-011  9.4051885e-012  0.0000000e+000             NaN  2.5155868e-011             NaN             NaN  4.9142248e-012  1.6712587e-011  2.2234640e-011  2.4374588e-011  2.0817088e-011  3.3764608e-011  3.3495688e-011  6.4295273e-011  1.0347592e-010  1.0741747e-010  2.5066419e-010  1.6466019e-010  2.5595255e-010  2.5529298e-010  3.2355823e-010  2.7977885e-010  2.6862281e-010  1.4020371e-010
  2.0000000e+001  8.0663757e-010  6.9604076e-010  5.4433337e-010  4.6054930e-010  5.0839957e-010  5.6053429e-010  3.1993469e-010  3.2490218e-010  1.9337095e-010  1.0473751e-010  7.3661105e-011  1.0494809e-010  0.0000000e+000  9.7818663e-011             NaN  0.0000000e+000             NaN             NaN  2.2445203e-011  7.8218483e-012  1.9745646e-011  3.6626006e-011  4.9739669e-011  7.4721302e-011  1.5620172e-010  1.7467497e-010  1.5567299e-010  2.6724923e-010  3.3949874e-010  2.4677456e-010  3.4272435e-010  4.3518702e-010  4.6792339e-010  5.4228168e-010  4.6460471e-010  3.5127935e-010
  1.5000000e+001  1.1369580e-009  8.7458518e-010  7.3442576e-010  7.1962162e-010  6.3302266e-010  5.4952481e-010  4.4783878e-010  4.8995122e-010  3.5688613e-010  3.1658175e-010  3.4285616e-010  2.5886654e-010  1.3409171e-010  2.6905563e-010  1.3642302e-010  1.2392296e-010             NaN             NaN  8.4748605e-011  8.7301570e-011  4.4253108e-011  1.7264432e-010  1.7261195e-010  2.3207695e-010  2.5920515e-010  2.3233873e-010  2.6498149e-010  3.5605401e-010  6.9628526e-010  6.5105412e-010  7.0894808e-010  5.2962166e-010  3.4743790e-010  3.9900512e-010  4.6080221e-010  1.4999970e-011
  1.0000000e+001  1.3053236e-009  8.0198825e-010  7.2629726e-010  6.5131889e-010  7.7684140e-010  5.1771749e-010  4.2348708e-010  7.2804935e-010  6.0549891e-010  3.9319014e-010  5.7787330e-010  6.1004401e-010  7.4570172e-010  5.2567940e-010  2.5018334e-010  2.9955681e-010             NaN             NaN  2.4572973e-010  4.1985940e-010  4.6377936e-010  5.2422554e-010  2.6182446e-010  3.9012802e-010  3.3031944e-010  3.3168928e-010  4.4645685e-010  4.3596411e-010  7.1912117e-010  6.1756251e-010  6.2849640e-010  6.9100781e-010  4.8444020e-010  3.5358640e-010  4.1266854e-010  0.0000000e+000
  7.0000000e+000  1.0644961e-009  9.6831635e-010  8.1981471e-010  9.5254774e-010  9.1887647e-010  7.2731973e-010  5.8912389e-010  5.2222980e-010  5.4965239e-010  6.6498248e-010  6.7909344e-010  7.0176991e-010  3.1675866e-010  6.5509141e-010  6.8875473e-010  6.7498158e-010             NaN             NaN  5.2622170e-010  5.5954437e-010  4.9357245e-010  6.8147190e-010  3.9305537e-010  5.7592268e-010  5.5009318e-010  4.7905967e-010  3.7972026e-010  4.6291087e-010  7.4103284e-010  8.9998637e-010  9.3605081e-010  8.0368989e-010  1.2082604e-009  8.6718217e-010  9.9137901e-010             NaN
  5.0000000e+000  1.0637323e-009  1.0890323e-009  9.1394958e-010  1.0449175e-009  8.7068574e-010  5.3271707e-010  7.4270002e-010  5.5196719e-010  5.9149310e-010  5.1504325e-010  5.6133554e-010  6.7785432e-010  9.3859286e-010  8.9596063e-010  4.3029040e-010  7.6590340e-010             NaN             NaN  8.7599766e-010  9.6152296e-010  1.0091400e-009  5.2730710e-010  7.5185401e-010  6.2966868e-010  7.4414043e-010  7.5139657e-010  6.8935132e-010  6.3835648e-010  6.6574127e-010  6.0065880e-010  6.6849221e-010  8.5516774e-010  7.8442303e-010  1.2210360e-009  1.6169143e-009  0.0000000e+000
  3.0000000e+000  1.0003513e-009  1.0292043e-009  1.0182277e-009  1.1019428e-009  9.1811924e-010  7.2418481e-010  5.2826151e-010  5.9111187e-010  6.6332626e-010  3.7021113e-010  7.9250550e-010  7.6480766e-010  6.9771547e-010  1.3054691e-009  1.1125992e-009  1.2342187e-009             NaN             NaN  1.0594709e-009  1.0025214e-009  7.7067288e-010  9.1120289e-010  8.5922359e-010  7.9925950e-010  1.0558198e-009  5.8302179e-010  7.0180371e-010  6.0164734e-010  5.5702796e-010  7.7060130e-010  9.5180078e-010  9.0785509e-010  1.3365472e-009  1.2671369e-009  5.6768286e-010  4.3464812e-010
  2.0000000e+000  1.6381438e-009  1.3982280e-009  1.4385352e-009  6.9187599e-010  5.5461992e-010  5.8701279e-010  3.1267239e-010  4.2554166e-010  5.9402483e-010  5.2161318e-010  4.5871281e-010  9.8418283e-010  5.6199897e-010  1.1924493e-009  5.6250773e-010  1.1049789e-009             NaN             NaN  1.0761978e-009  7.2436175e-010  9.3635002e-010  6.3927619e-010  1.0539117e-009  9.2031346e-010  1.1561178e-009  1.3368647e-009  8.2659595e-010  8.2916020e-010  8.7519706e-010  8.6467777e-010  7.9444499e-010  9.5775532e-010  1.0483526e-009  9.1590577e-010  7.9333278e-010             NaN
  1.5000000e+000  1.1899670e-009  1.8200297e-009  1.4621507e-009  1.2472081e-009  1.0140322e-009  8.2328885e-010  5.5776107e-010  5.3633173e-010  8.9095688e-010  5.5664444e-010  8.1575051e-010  4.4633372e-010  9.9102899e-010  5.8388557e-010  1.1686805e-009  9.2326093e-010             NaN             NaN  1.0041215e-009  6.9536355e-010  1.0635630e-009  8.5849337e-010  1.3046268e-009  8.2163776e-010  1.2682516e-009  1.4508471e-009  1.4912079e-009  9.1092499e-010  8.9458701e-010  8.2922515e-010  1.0904732e-009  1.2528891e-009  8.1287197e-010  9.7739519e-010  4.8603856e-010  0.0000000e+000
  1.0000000e+000  1.9223497e-009  1.9893949e-009  2.0846389e-009  1.3174595e-009  1.0546013e-009  8.9845055e-010  6.5993094e-010  7.2849638e-010  7.1015653e-010  1.0455515e-009  1.3006092e-009  6.7507201e-010  1.8494388e-009  1.0322669e-009  1.4083998e-009  3.7897970e-010             NaN             NaN  8.8620006e-010  8.6026168e-010  8.3032510e-010  1.2713548e-009  1.4439797e-009  1.1761922e-009  1.3125729e-009  1.9357218e-009  2.0926363e-009  1.6237904e-009  1.1202911e-009  1.0423309e-009  9.6964485e-010  1.1006088e-009  1.5182077e-009  1.3299122e-009  5.0303229e-010  2.3636110e-009
  7.0000000e-001  1.5091577e-009  1.4606379e-009  1.8888091e-009  1.1507424e-009  1.0233426e-009  9.9057688e-010  1.0151340e-009  1.0207725e-009  1.0451426e-009  1.5447065e-009  1.2658915e-009  1.2959055e-009  2.1347455e-009  1.3245258e-009  1.4231647e-009  7.8445088e-010             NaN             NaN  5.8166086e-010  1.2119238e-009  9.9508972e-010  1.2826576e-009  8.7262369e-010  8.6647810e-010  1.5669202e-009  2.1519608e-009  1.6822881e-009  1.0397968e-009  1.3847085e-009  8.3953921e-010  1.2560672e-009  8.5408100e-010  9.4462590e-010  8.1612723e-010  9.9812767e-010  4.6706197e-010
  5.0000000e-001  8.2795879e-010  1.4856131e-009  1.7671549e-009  1.6860665e-009  1.0995118e-009  1.2969260e-009  1.0447075e-009  7.6104938e-010  1.1688801e-009  1.4274708e-009  1.2621185e-009  1.3409955e-009  1.7397526e-009  1.3046733e-009  1.9737650e-009  9.1327274e-010             NaN             NaN  1.6035014e-009  1.3239940e-009  1.4643944e-009  1.1844821e-009  9.3725141e-010  1.2684470e-009  1.7270921e-009  1.7878420e-009  1.6078197e-009  1.1156896e-009  8.9298738e-010  1.0041166e-009  1.2336122e-009  6.0548257e-010  1.1777098e-009  8.5149102e-010  4.0370949e-010  6.8633174e-010
  3.0000000e-001  8.8650672e-010  1.2055721e-009  8.7372898e-010  1.2152341e-009  1.1595003e-009  1.3477053e-009  1.3334148e-009  1.7026311e-009  1.9503862e-009  1.3068914e-009  1.7845458e-009  1.9403715e-009  1.9914552e-009  1.4915419e-009  1.3432839e-009  2.0126146e-009             NaN             NaN  1.3178252e-009  1.0563232e-009  1.2681738e-009  1.4789507e-009  1.3458932e-009  1.0393112e-009  1.1463929e-009  1.1084039e-009  1.1615907e-009  1.0190574e-009  8.5537945e-010  9.2420836e-010  1.3600296e-009  1.2401060e-009  1.2954069e-009  1.4401654e-009  1.3979073e-009             NaN
  2.0000000e-001             NaN  5.4986589e-010  6.2143511e-010  1.8975283e-009  1.3245538e-009  1.1302459e-009  1.2236252e-009  1.5177321e-009  1.2783820e-009  1.5769573e-009  1.5310217e-009  1.6596875e-009  1.3750628e-009  2.5194584e-009  9.1252267e-010  1.5261222e-009             NaN             NaN  1.4131097e-009  7.9580993e-010  8.7455796e-010  1.4979414e-009  1.1608414e-009  1.7260728e-009  8.4001030e-010  5.0436231e-010  1.4225462e-009  1.0365943e-009  5.6076211e-010  1.2133903e-009  8.9874421e-010  1.2607678e-009  1.1173580e-009  1.1589357e-009  0.0000000e+000  0.0000000e+000
  1.5000000e-001             NaN             NaN  1.2633128e-009  1.5277372e-009  1.3481062e-009  2.3677853e-009  1.6513238e-009  1.8709587e-009  2.0059178e-009  1.6174564e-009  1.2985555e-009  1.6839338e-009  2.0585053e-009  7.3466143e-010  2.7626963e-009  0.0000000e+000             NaN             NaN  1.2666005e-009  2.3357555e-009  9.8271102e-010  1.9445631e-009  9.7949970e-010  9.2488583e-010  1.6398524e-009  1.1785284e-009  1.1638528e-009  1.1984079e-009  1.4381279e-009  8.8050119e-010  1.6402268e-009  7.6303677e-010  5.1563060e-010  1.1571863e-009  0.0000000e+000             NaN
  1.0000000e-001             NaN             NaN  1.1775937e-009  1.5502084e-009  2.6058262e-009  2.8205389e-009  1.0951640e-009  2.1819775e-009  2.4417706e-009  1.7447213e-009  3.0389331e-009  1.6988369e-009  2.6262865e-009  6.5788583e-009  5.3300982e-009  1.4838310e-009             NaN             NaN  8.4029691e-010  1.1195813e-009  1.4201121e-009  3.3123311e-009  1.3573541e-009  1.7254048e-009  1.4788806e-009  2.1899198e-009  2.2215905e-009  1.5903156e-009  1.1872582e-009  1.6623835e-009  1.9993772e-009  1.6508054e-009  9.4302523e-010  0.0000000e+000             NaN             NaN
             NaN -8.7500000e+001 -8.2500000e+001 -7.7500000e+001 -7.2500000e+001 -6.7500000e+001 -6.2500000e+001 -5.7500000e+001 -5.2500000e+001 -4.7500000e+001 -4.2500000e+001 -3.7500000e+001 -3.2500000e+001 -2.7500000e+001 -2.2500000e+001 -1.7500000e+001 -1.2500000e+001 -7.5000000e+000 -2.5000000e+000  2.5000000e+000  7.5000000e+000  1.2500000e+001  1.7500000e+001  2.2500000e+001  2.7500000e+001  3.2500000e+001  3.7500000e+001  4.2500000e+001  4.7500000e+001  5.2500000e+001  5.7500000e+001  6.2500000e+001  6.7500000e+001  7.2500000e+001  7.7500000e+001  8.2500000e+001  8.7500000e+001
  1.0000000e+003             NaN             NaN             NaN             NaN             NaN             NaN             NaN             NaN             NaN             NaN             NaN             NaN             NaN             NaN             NaN             NaN             NaN             NaN             NaN             NaN             NaN             NaN             NaN             NaN             NaN             NaN             NaN             NaN             NaN             NaN             NaN             NaN             NaN             NaN             NaN             NaN
  8.5000000e+002             NaN             NaN             NaN             NaN             NaN             NaN             NaN             NaN             NaN             NaN             NaN             NaN             NaN             NaN             NaN             NaN             NaN             NaN             NaN             NaN             NaN             NaN             NaN             NaN             NaN             NaN             NaN             NaN             NaN             NaN             NaN             NaN             NaN             NaN             NaN             NaN
  7.0000000e+002             NaN             NaN             NaN             NaN             NaN             NaN             NaN             NaN             NaN             NaN             NaN             NaN             NaN             NaN             NaN             NaN             NaN             NaN             NaN             NaN             NaN             NaN             NaN             NaN             NaN             NaN             NaN             NaN             NaN             NaN             NaN             NaN             NaN             NaN             NaN             NaN
  5.0000000e+002             NaN             NaN             NaN             NaN             NaN             NaN             NaN             NaN             NaN             NaN             NaN             NaN             NaN             NaN             NaN             NaN             NaN             NaN             NaN             NaN             NaN             NaN             NaN             NaN             NaN             NaN             NaN             NaN             NaN             NaN             NaN             NaN             NaN             NaN             NaN             NaN
  4.0000000e+002             NaN             NaN             NaN             NaN             NaN             NaN             NaN             NaN             NaN             NaN             NaN             NaN             NaN             NaN             NaN             NaN             NaN             NaN             NaN             NaN             NaN             NaN             NaN             NaN             NaN             NaN             NaN             NaN             NaN             NaN             NaN             NaN             NaN             NaN             NaN             NaN
  3.0000000e+002             NaN             NaN             NaN             NaN             NaN             NaN             NaN             NaN             NaN             NaN             NaN             NaN             NaN             NaN             NaN             NaN             NaN             NaN             NaN             NaN             NaN             NaN             NaN             NaN             NaN             NaN             NaN             NaN             NaN             NaN             NaN             NaN             NaN             NaN             NaN             NaN
  2.5000000e+002             NaN             NaN             NaN             NaN             NaN             NaN             NaN             NaN             NaN             NaN             NaN             NaN             NaN             NaN             NaN             NaN             NaN             NaN             NaN             NaN             NaN             NaN             NaN             NaN             NaN             NaN             NaN             NaN             NaN             NaN             NaN             NaN             NaN             NaN             NaN             NaN
  2.0000000e+002             NaN             NaN             NaN             NaN             NaN             NaN             NaN             NaN             NaN             NaN             NaN             NaN             NaN             NaN             NaN             NaN             NaN             NaN             NaN             NaN             NaN             NaN             NaN             NaN             NaN             NaN             NaN             NaN             NaN             NaN             NaN             NaN             NaN             NaN             NaN             NaN
  1.7000000e+002             NaN             NaN             NaN             NaN             NaN             NaN             NaN             NaN             NaN             NaN             NaN             NaN             NaN             NaN             NaN             NaN             NaN             NaN             NaN             NaN             NaN             NaN             NaN             NaN             NaN             NaN             NaN             NaN             NaN             NaN             NaN             NaN             NaN             NaN             NaN             NaN
  1.5000000e+002             NaN             NaN             NaN             NaN             NaN             NaN             NaN             NaN             NaN             NaN             NaN             NaN             NaN             NaN             NaN             NaN             NaN             NaN             NaN             NaN             NaN             NaN             NaN             NaN             NaN             NaN             NaN             NaN             NaN             NaN             NaN             NaN             NaN             NaN             NaN             NaN
  1.3000000e+002             NaN             NaN             NaN             NaN             NaN             NaN             NaN             NaN             NaN             NaN             NaN             NaN             NaN             NaN  2.5600000e-011             NaN             NaN             NaN             NaN  1.2700000e-011  2.4250000e-011  1.2600000e-011             NaN             NaN             NaN             NaN             NaN             NaN             NaN             NaN             NaN             NaN             NaN             NaN             NaN             NaN
  1.1500000e+002             NaN             NaN             NaN             NaN             NaN             NaN             NaN             NaN             NaN  1.2800000e-011  1.3000000e-011  1.2600000e-011  1.2500000e-011  1.2100000e-011  1.4750000e-011  1.7900000e-011             NaN             NaN  1.4200000e-011  1.2800000e-011  1.3650000e-011  1.4450000e-011  1.2300000e-011  1.5200000e-011  1.7700000e-011  1.2600000e-011  1.2950000e-011  1.3200000e-011  1.0700000e-011  1.3900000e-011  1.3400000e-011  1.3350000e-011  1.3950000e-011  1.7800000e-011             NaN             NaN
  1.0000000e+002             NaN             NaN  1.5300000e-011             NaN             NaN  1.6900000e-011             NaN  1.3500000e-011  1.5400000e-011             NaN  1.3600000e-011  1.0565000e-011  1.0900000e-011  1.2660000e-011  1.1950000e-011  1.6200000e-011             NaN             NaN  3.2700000e-011  1.8250000e-011  1.3200000e-011  1.2800000e-011  1.4950000e-011  1.4250000e-011  1.3800000e-011  1.4100000e-011             NaN  1.4800000e-011  1.3900000e-011  1.5500000e-011  1.5250000e-011  1.5100000e-011  1.5800000e-011  1.8800000e-011  1.3300000e-011             NaN
  9.0000000e+001             NaN             NaN  2.9300000e-011  1.6650000e-011             NaN             NaN  1.6100000e-011  1.5800000e-011  1.4400000e-011  1.2100000e-011  8.5300000e-012  1.4250000e-011  1.7640000e-011  8.1900000e-012  1.3000000e-011  3.4650000e-011             NaN             NaN  1.2100000e-011  9.6300000e-012  8.8400000e-012  1.0200000e-011  1.0270000e-011  1.3950000e-011  1.0700000e-011  1.2120000e-011  1.0100000e-011  1.7500000e-011  1.5000000e-011  1.7050000e-011  1.5200000e-011  1.8000000e-011  1.7600000e-011  1.6650000e-011  1.5700000e-011             NaN
  8.0000000e+001             NaN  1.9650000e-011  1.9750000e-011  1.3100000e-011  1.8600000e-011             NaN  1.7400000e-011  1.8600000e-011  1.3400000e-011  1.7800000e-011  1.8200000e-011  9.4300000e-012  1.4600000e-011  2.7600000e-011  1.3000000e-011  1.1400000e-011             NaN             NaN  1.4800000e-011  1.1300000e-011  8.6900000e-012  1.0350000e-011  9.4400000e-012  9.2800000e-012  9.3400000e-012  1.0100000e-011  1.3050000e-011  1.5550000e-011  1.7500000e-011  1.8300000e-011  1.7350000e-011  1.7300000e-011  1.6650000e-011  1.7400000e-011  1.7200000e-011             NaN
  7.0000000e+001             NaN             NaN             NaN             NaN             NaN             NaN  1.2500000e-011  1.2050000e-011  1.2500000e-011  1.3400000e-011  1.1500000e-011  1.4200000e-011  1.1400000e-011  1.4900000e-011  2.4100000e-011  1.5250000e-011             NaN             NaN  2.0100000e-011  1.3150000e-011  1.3100000e-011  1.2300000e-011  1.2250000e-011  1.1550000e-011  1.1900000e-011  1.1900000e-011  1.2100000e-011  1.1300000e-011  1.2400000e-011  1.3200000e-011  1.1200000e-011  1.1300000e-011  1.0225000e-011  1.3100000e-011  1.1600000e-011             NaN
  5.0000000e+001  2.0300000e-011  2.4800000e-011  2.1200000e-011  1.6650000e-011  1.8500000e-011  1.8000000e-011  1.6150000e-011  1.5150000e-011  1.5800000e-011  1.4100000e-011  1.6750000e-011  2.0200000e-011  2.5550000e-011  2.6000000e-011  1.9700000e-011  2.2100000e-011             NaN             NaN  1.2900000e-011  1.7600000e-011  1.6300000e-011  1.4950000e-011  1.6700000e-011  1.7400000e-011  1.5900000e-011  1.4800000e-011  1.4800000e-011  1.7800000e-011  1.7500000e-011  1.7750000e-011  1.6950000e-011  1.6700000e-011  1.6150000e-011  1.7000000e-011  1.5900000e-011  1.3650000e-011
  3.0000000e+001  3.6800000e-011  3.7500000e-011  3.3600000e-011  3.2700000e-011  2.9100000e-011  2.7400000e-011  2.7400000e-011  2.5000000e-011  2.4300000e-011  2.7150000e-011  2.6400000e-011  2.4150000e-011  4.8800000e-011  6.3100000e-011             NaN  3.9150000e-011             NaN             NaN  2.5200000e-011  2.5800000e-011  2.6650000e-011  2.3250000e-011  2.3800000e-011  2.6200000e-011  2.4750000e-011  2.2250000e-011  2.4700000e-011  2.4800000e-011  2.4400000e-011  2.3700000e-011  2.5900000e-011  2.5400000e-011  2.5350000e-011  2.6850000e-011  2.5200000e-011  2.5400000e-011
  2.0000000e+001  5.4100000e-011  5.2700000e-011  4.8500000e-011  4.2150000e-011  4.0650000e-011  3.8550000e-011  3.9800000e-011  3.6250000e-011  3.9000000e-011  3.7900000e-011  4.0700000e-011  4.5800000e-011  1.1000000e-010  7.1250000e-011             NaN  5.1000000e-011             NaN             NaN  3.8700000e-011  3.6700000e-011  3.5900000e-011  3.4200000e-011  3.8200000e-011  3.7650000e-011  3.5450000e-011  3.6000000e-011  3.4150000e-011  3.6650000e-011  3.5300000e-011  3.6650000e-011  3.6400000e-011  3.6300000e-011  3.4900000e-011  4.0300000e-011  3.7650000e-011  3.1900000e-011
  1.5000000e+001  8.0400000e-011  7.5600000e-011  6.9600000e-011  6.3500000e-011  5.7900000e-011  5.8750000e-011  6.0050000e-011  6.0100000e-011  5.7000000e-011  5.7600000e-011  6.1700000e-011  9.3500000e-011  1.1300000e-010  9.3650000e-011  8.2650000e-011  7.3900000e-011             NaN             NaN  6.1400000e-011  5.8900000e-011  5.5200000e-011  5.5750000e-011  5.3400000e-011  5.3700000e-011  5.6800000e-011  5.2400000e-011  4.9600000e-011  4.9900000e-011  5.2950000e-011  5.4500000e-011  5.3300000e-011  5.1500000e-011  5.3300000e-011  5.2700000e-011  5.1300000e-011  5.0400000e-011
  1.0000000e+001  1.0200000e-010  9.7450000e-011  8.6200000e-011  7.9100000e-011  7.3900000e-011  7.3300000e-011  7.5100000e-011  6.9900000e-011  7.1700000e-011  7.8200000e-011  7.7200000e-011  1.1000000e-010  1.2900000e-010  1.2900000e-010  9.6400000e-011  9.8850000e-011             NaN             NaN  8.7150000e-011  8.1900000e-011  8.0050000e-011  7.8400000e-011  7.7400000e-011  7.4100000e-011  7.5500000e-011  7.0900000e-011  6.7200000e-011  6.5600000e-011  7.0450000e-011  7.2300000e-011  7.0200000e-011  7.0600000e-011  6.6900000e-011  6.4300000e-011  6.3500000e-011  5.1000000e-011
  7.0000000e+000  1.2000000e-010  1.2150000e-010  1.1300000e-010  1.0800000e-010  1.0200000e-010  9.6500000e-011  1.0100000e-010  1.0000000e-010  1.0000000e-010  1.1200000e-010  1.1400000e-010  1.5150000e-010  1.6400000e-010  1.7000000e-010  1.4250000e-010  1.3900000e-010             NaN             NaN  1.1900000e-010  1.2300000e-010  1.2050000e-010  1.0600000e-010  1.0700000e-010  1.1700000e-010  1.0900000e-010  1.0100000e-010  9.5150000e-011  8.5400000e-011  9.5100000e-011  9.1000000e-011  9.5500000e-011  9.4900000e-011  9.8300000e-011  9.3300000e-011  9.5550000e-011             NaN
  5.0000000e+000  1.3500000e-010  1.4500000e-010  1.3700000e-010  1.2600000e-010  1.1900000e-010  1.1500000e-010  1.2100000e-010  1.2100000e-010  1.3600000e-010  1.4200000e-010  1.5700000e-010  1.7650000e-010  2.3600000e-010  1.9900000e-010  2.0550000e-010  1.7000000e-010             NaN             NaN  1.6300000e-010  1.5850000e-010  1.5250000e-010  1.4400000e-010  1.5000000e-010  1.5000000e-010  1.3700000e-010  1.4200000e-010  1.2100000e-010  1.2000000e-010  1.2200000e-010  1.2600000e-010  1.2900000e-010  1.1650000e-010  1.1500000e-010  1.1700000e-010  1.1450000e-010  1.1600000e-010
  3.0000000e+000  1.9450000e-010  1.8700000e-010  1.8900000e-010  1.8000000e-010  1.7000000e-010  1.7700000e-010  1.7300000e-010  1.7300000e-010  1.8400000e-010  1.9200000e-010  2.2650000e-010  2.6000000e-010  3.1600000e-010  2.9800000e-010  2.7400000e-010  2.7700000e-010             NaN             NaN  2.1850000e-010  2.1550000e-010  2.1550000e-010  2.1000000e-010  2.1450000e-010  2.0800000e-010  2.1050000e-010  1.8950000e-010  1.8200000e-010  1.7500000e-010  1.7400000e-010  1.6700000e-010  1.7400000e-010  1.7200000e-010  1.7400000e-010  1.7800000e-010  1.8400000e-010  1.8650000e-010
  2.0000000e+000  2.5100000e-010  2.2500000e-010  2.3300000e-010  2.2350000e-010  2.1700000e-010  2.2100000e-010  2.2050000e-010  2.2400000e-010  2.3900000e-010  2.6700000e-010  2.7700000e-010  3.4300000e-010  3.9650000e-010  3.6200000e-010  3.4500000e-010  3.2350000e-010             NaN             NaN  2.7550000e-010  2.6900000e-010  2.7300000e-010  2.8200000e-010  2.8650000e-010  2.7500000e-010  2.7700000e-010  2.4800000e-010  2.4550000e-010  2.3000000e-010  2.2650000e-010  2.3900000e-010  2.4650000e-010  2.3800000e-010  2.5300000e-010  2.3600000e-010  2.5100000e-010             NaN
  1.5000000e+000  2.8700000e-010  3.1550000e-010  3.0500000e-010  3.0850000e-010  3.1200000e-010  3.0200000e-010  3.0350000e-010  2.9400000e-010  3.2300000e-010  3.2850000e-010  3.6200000e-010  3.5050000e-010  5.2100000e-010  4.9250000e-010  4.5700000e-010  4.2200000e-010             NaN             NaN  3.9050000e-010  3.7000000e-010  3.7150000e-010  3.4800000e-010  3.8100000e-010  3.5700000e-010  3.5000000e-010  3.3800000e-010  3.2200000e-010  3.0800000e-010  2.9850000e-010  3.1500000e-010  3.2400000e-010  3.2800000e-010  3.4400000e-010  3.2800000e-010  3.2850000e-010  3.2900000e-010
  1.0000000e+000  4.4700000e-010  4.4850000e-010  4.5000000e-010  4.2700000e-010  4.3100000e-010  4.4100000e-010  4.2250000e-010  4.6450000e-010  4.5400000e-010  4.7900000e-010  6.3300000e-010  6.2700000e-010  7.0200000e-010  6.5150000e-010  6.0100000e-010  5.7500000e-010             NaN             NaN  4.9800000e-010  5.3000000e-010  5.2700000e-010  4.7000000e-010  4.7100000e-010  4.8150000e-010  4.8300000e-010  4.5700000e-010  4.6700000e-010  4.5700000e-010  4.4000000e-010  4.6100000e-010  4.5300000e-010  4.4200000e-010  4.9200000e-010  4.5300000e-010  4.5500000e-010  4.7600000e-010
  7.0000000e-001  6.5700000e-010  6.2350000e-010  6.2050000e-010  5.5600000e-010  5.3800000e-010  6.0600000e-010  5.8000000e-010  5.8500000e-010  6.2450000e-010  6.3450000e-010  6.6200000e-010  6.0150000e-010  8.2800000e-010  8.9300000e-010  8.1600000e-010  8.2350000e-010             NaN             NaN  7.2900000e-010  6.6100000e-010  7.2800000e-010  6.6450000e-010  6.8500000e-010  7.1200000e-010  6.5100000e-010  6.7400000e-010  6.2200000e-010  5.7300000e-010  6.4400000e-010  6.3700000e-010  6.3550000e-010  6.3400000e-010  6.5100000e-010  6.6000000e-010  6.1600000e-010  6.9300000e-010
  5.0000000e-001  9.5850000e-010  9.1600000e-010  9.4000000e-010  8.8150000e-010  8.3100000e-010  8.1800000e-010  8.6400000e-010  8.4800000e-010  8.3900000e-010  8.9550000e-010  8.9150000e-010  1.0250000e-009  9.4400000e-010  1.0245000e-009  1.1700000e-009  1.0550000e-009             NaN             NaN  1.0300000e-009  1.0100000e-009  9.2700000e-010  9.5800000e-010  9.5700000e-010  8.9100000e-010  8.2650000e-010  8.8200000e-010  9.3650000e-010  9.0800000e-010  9.1800000e-010  8.3700000e-010  8.5400000e-010  8.7400000e-010  8.7300000e-010  8.3900000e-010  7.3500000e-010  8.8800000e-010
  3.0000000e-001  1.2300000e-009  1.2000000e-009  1.1700000e-009  1.2400000e-009  1.2200000e-009  1.2700000e-009  1.2050000e-009  1.3100000e-009  1.3400000e-009  1.2100000e-009  1.3000000e-009  1.3000000e-009  1.3800000e-009  1.6150000e-009  1.5550000e-009  1.5600000e-009             NaN             NaN  1.3950000e-009  1.4250000e-009  1.2800000e-009  1.3000000e-009  1.3100000e-009  1.2100000e-009  1.3900000e-009  1.2200000e-009  1.3000000e-009  1.2100000e-009  1.2350000e-009  1.1950000e-009  1.2450000e-009  1.2400000e-009  1.2400000e-009  1.3550000e-009  1.2100000e-009             NaN
  2.0000000e-001             NaN  1.5850000e-009  1.7750000e-009  1.7400000e-009  1.6700000e-009  1.6900000e-009  1.8000000e-009  1.7800000e-009  1.8000000e-009  1.8800000e-009  1.8750000e-009  1.6450000e-009  1.8900000e-009  1.5300000e-009  1.9800000e-009  1.9300000e-009             NaN             NaN  1.8500000e-009  1.9600000e-009  1.7450000e-009  1.7450000e-009  1.8600000e-009  1.6300000e-009  1.5600000e-009  1.6450000e-009  1.6050000e-009  1.6400000e-009  1.6900000e-009  1.7800000e-009  1.5600000e-009  1.6350000e-009  1.7000000e-009  1.6200000e-009  1.7800000e-009  1.5900000e-009
  1.5000000e-001             NaN             NaN  2.1900000e-009  1.9400000e-009  2.2200000e-009  2.2800000e-009  2.0350000e-009  2.2600000e-009  2.5100000e-009  2.4250000e-009  2.2900000e-009  2.5600000e-009  2.3300000e-009  2.2300000e-009  3.1200000e-009  2.1400000e-009             NaN             NaN  2.3200000e-009  2.1700000e-009  2.3450000e-009  2.1300000e-009  2.3400000e-009  2.2150000e-009  2.1200000e-009  2.0700000e-009  2.2400000e-009  2.0900000e-009  2.2800000e-009  2.2500000e-009  2.4450000e-009  2.4200000e-009  1.9500000e-009  2.1600000e-009  2.2400000e-009             NaN
  1.0000000e-001             NaN             NaN  3.0550000e-009  2.7650000e-009  2.9800000e-009  2.9100000e-009  3.0850000e-009  3.1150000e-009  3.4200000e-009  3.3500000e-009  3.7300000e-009  3.1550000e-009  3.4200000e-009  4.3000000e-009  3.8800000e-009  3.6550000e-009             NaN             NaN  3.4500000e-009  3.0300000e-009  2.8200000e-009  2.7000000e-009  2.8700000e-009  3.0550000e-009  3.2350000e-009  2.9100000e-009  3.0900000e-009  3.2050000e-009  2.9700000e-009  3.0000000e-009  3.0700000e-009  3.0500000e-009  3.2500000e-009  2.8300000e-009             NaN             NaN
