             NaN -8.7500000e+001 -8.2500000e+001 -7.7500000e+001 -7.2500000e+001 -6.7500000e+001 -6.2500000e+001 -5.7500000e+001 -5.2500000e+001 -4.7500000e+001 -4.2500000e+001 -3.7500000e+001 -3.2500000e+001 -2.7500000e+001 -2.2500000e+001 -1.7500000e+001 -1.2500000e+001 -7.5000000e+000 -2.5000000e+000  2.5000000e+000  7.5000000e+000  1.2500000e+001  1.7500000e+001  2.2500000e+001  2.7500000e+001  3.2500000e+001  3.7500000e+001  4.2500000e+001  4.7500000e+001  5.2500000e+001  5.7500000e+001  6.2500000e+001  6.7500000e+001  7.2500000e+001  7.7500000e+001  8.2500000e+001  8.7500000e+001
  1.0000000e+003             NaN             NaN             NaN             NaN             NaN             NaN             NaN             NaN             NaN             NaN             NaN             NaN             NaN             NaN             NaN             NaN             NaN             NaN             NaN             NaN             NaN             NaN             NaN             NaN             NaN             NaN             NaN             NaN             NaN             NaN             NaN             NaN             NaN             NaN             NaN             NaN
  8.5000000e+002             NaN             NaN             NaN             NaN             NaN             NaN             NaN             NaN             NaN             NaN             NaN             NaN             NaN             NaN             NaN             NaN             NaN             NaN             NaN             NaN             NaN             NaN             NaN             NaN             NaN             NaN             NaN             NaN             NaN             NaN             NaN             NaN             NaN             NaN             NaN             NaN
  7.0000000e+002             NaN             NaN             NaN             NaN             NaN             NaN             NaN             NaN             NaN             NaN             NaN             NaN             NaN             NaN             NaN             NaN             NaN             NaN             NaN             NaN             NaN             NaN             NaN             NaN             NaN             NaN             NaN             NaN             NaN             NaN             NaN             NaN             NaN             NaN             NaN             NaN
  5.0000000e+002             NaN             NaN             NaN             NaN             NaN             NaN             NaN             NaN             NaN             NaN             NaN             NaN  3.0678851e-007             NaN             NaN             NaN             NaN             NaN             NaN             NaN             NaN             NaN             NaN             NaN             NaN             NaN             NaN             NaN             NaN             NaN             NaN             NaN             NaN             NaN             NaN             NaN
  4.0000000e+002             NaN             NaN             NaN             NaN             NaN             NaN             NaN             NaN             NaN             NaN             NaN  3.2238466e-007  3.1492742e-007  3.1597486e-007  3.2018738e-007             NaN             NaN             NaN             NaN             NaN             NaN             NaN  3.1113208e-007             NaN             NaN             NaN             NaN             NaN             NaN             NaN             NaN             NaN             NaN             NaN             NaN             NaN
  3.0000000e+002             NaN             NaN             NaN             NaN             NaN             NaN  3.0165817e-007             NaN  3.1600927e-007  3.1603818e-007  3.1721774e-007  3.1553816e-007  3.1692392e-007  3.1399852e-007  3.0285600e-007  3.1627396e-007             NaN             NaN             NaN             NaN             NaN             NaN  3.1559879e-007  3.1489140e-007             NaN  3.1660959e-007             NaN             NaN             NaN             NaN             NaN             NaN             NaN             NaN             NaN             NaN
  2.5000000e+002             NaN             NaN             NaN  2.9541846e-007  2.8822785e-007  2.9128657e-007  2.9650274e-007  3.0690140e-007  3.0863107e-007  3.1097792e-007  3.1217180e-007  3.0994882e-007  3.1144402e-007  3.1327570e-007  3.1661864e-007             NaN             NaN             NaN             NaN             NaN             NaN             NaN             NaN  3.1752381e-007  3.1246616e-007  3.1527557e-007  3.1204862e-007  3.1059071e-007  3.0784666e-007  3.0792299e-007  3.0358323e-007  3.0719167e-007  3.0038757e-007  2.9602802e-007             NaN             NaN
  2.0000000e+002             NaN             NaN             NaN             NaN  2.8551519e-007  2.8530586e-007  2.8995515e-007  2.9899478e-007  3.0233614e-007  3.0544822e-007  3.0867481e-007  3.0821277e-007  3.0686981e-007  3.1216205e-007  3.0793839e-007             NaN             NaN             NaN             NaN             NaN             NaN             NaN             NaN  3.1637493e-007  3.0242896e-007  3.1163927e-007  3.0481185e-007  3.0556117e-007  3.0368546e-007  3.0212698e-007  3.0307410e-007  2.9502722e-007  3.0398814e-007  2.8892511e-007             NaN             NaN
  1.7000000e+002             NaN             NaN             NaN             NaN  2.7100387e-007  2.8320406e-007  2.8946101e-007  2.9227138e-007  2.9908602e-007  2.9875421e-007  3.0233293e-007  3.0797744e-007  3.0868452e-007  3.0328547e-007             NaN             NaN             NaN             NaN             NaN             NaN             NaN             NaN             NaN  3.1212105e-007  3.1487529e-007  3.0786149e-007  3.0827551e-007  3.0038718e-007  3.0369984e-007  2.9621954e-007  2.9588518e-007  2.9618449e-007  2.9414157e-007             NaN             NaN             NaN
  1.5000000e+002             NaN             NaN             NaN             NaN  2.5537170e-007  2.5316982e-007  2.8225603e-007  2.9041751e-007  2.9206893e-007  2.9769838e-007  2.9919930e-007  2.9842842e-007  3.0510580e-007  3.0565569e-007             NaN             NaN             NaN             NaN             NaN             NaN             NaN             NaN             NaN  3.1065797e-007  3.0687198e-007  3.0522932e-007  3.0365770e-007  2.9947415e-007  3.0012224e-007  2.9364613e-007  2.9759651e-007  2.8773584e-007             NaN             NaN             NaN             NaN
  1.3000000e+002             NaN             NaN             NaN             NaN             NaN  2.4318869e-007  2.7834158e-007  2.8525705e-007  2.8456572e-007  2.9648490e-007  2.9651495e-007  3.0014682e-007  3.0078471e-007  3.0128683e-007  3.1115827e-007             NaN             NaN             NaN             NaN             NaN             NaN             NaN             NaN  3.0436922e-007  3.0633452e-007  3.0190605e-007  2.9745488e-007  2.9037319e-007  2.8496106e-007  2.8295106e-007  2.9440084e-007  2.7511264e-007             NaN             NaN             NaN             NaN
  1.1500000e+002             NaN             NaN             NaN             NaN             NaN  2.4746236e-007  2.7004496e-007  2.8133258e-007  2.8748673e-007  2.8659726e-007  2.9172891e-007  2.9442728e-007  2.9955156e-007  3.0174998e-007  3.0562771e-007             NaN             NaN             NaN             NaN             NaN             NaN             NaN  2.9928556e-007  3.0661197e-007  2.9712968e-007  2.9493933e-007  2.8975748e-007  2.8872698e-007  2.8145150e-007  2.7585606e-007  2.7333140e-007  2.6335374e-007             NaN             NaN             NaN             NaN
  1.0000000e+002             NaN             NaN             NaN  1.8949333e-007             NaN             NaN  2.7204355e-007  2.8134320e-007  2.7995527e-007  2.8280212e-007  2.9155318e-007  2.8738822e-007  3.0088115e-007  3.0610852e-007  3.0667307e-007             NaN             NaN             NaN             NaN             NaN             NaN             NaN  2.8612808e-007  2.9259128e-007  2.9311085e-007  2.9220722e-007  2.8640286e-007  2.8736650e-007  2.7427199e-007  2.7340017e-007  2.5279467e-007             NaN             NaN             NaN             NaN             NaN
  9.0000000e+001             NaN             NaN             NaN             NaN             NaN             NaN  2.4841055e-007  2.7313998e-007  2.8326814e-007  2.7732306e-007  2.8982175e-007  2.8292416e-007  2.8695962e-007  2.9762001e-007             NaN             NaN             NaN             NaN             NaN             NaN             NaN             NaN  2.8360316e-007  2.8834052e-007  2.7573568e-007  2.9069349e-007  2.7759784e-007  2.7395942e-007  2.5972478e-007  2.5248970e-007  2.5243861e-007  2.4620367e-007             NaN             NaN             NaN             NaN
  8.0000000e+001             NaN             NaN             NaN             NaN  1.4724083e-007  1.8831693e-007  2.4473740e-007  2.5392095e-007  2.7063837e-007  2.5340548e-007  2.6408924e-007  2.8343152e-007  2.8292714e-007  2.9841798e-007             NaN             NaN             NaN             NaN             NaN             NaN             NaN             NaN  2.7546630e-007  2.7016423e-007  2.7149076e-007  2.7449455e-007  2.7290148e-007  2.6309189e-007  2.5166978e-007  2.5083036e-007  2.3021953e-007             NaN             NaN             NaN             NaN             NaN
  7.0000000e+001             NaN             NaN             NaN             NaN  1.6312696e-007  2.1138674e-007  2.3631971e-007  2.3978779e-007  2.3880966e-007  2.4018481e-007  2.5338577e-007  2.5875836e-007  2.6416783e-007  2.8532097e-007  2.9226699e-007             NaN             NaN             NaN             NaN             NaN             NaN             NaN  2.5994378e-007  2.5763492e-007  2.4555254e-007  2.5102345e-007  2.4474999e-007  2.3311790e-007  2.2619838e-007  2.2816408e-007  2.0956344e-007             NaN             NaN             NaN             NaN             NaN
  5.0000000e+001             NaN             NaN             NaN  1.1724011e-007  1.3218115e-007  1.6786511e-007  1.9872328e-007  2.0419185e-007  2.0499841e-007  2.0307642e-007  2.1268760e-007  2.2121589e-007  2.3518852e-007  2.4601152e-007  2.7077470e-007             NaN             NaN             NaN             NaN             NaN             NaN             NaN  2.5394353e-007  2.3979649e-007  2.2232032e-007  2.1857103e-007  2.1652374e-007  2.0568867e-007  1.9681519e-007  1.9019056e-007  1.8652686e-007  1.8961380e-007             NaN             NaN             NaN             NaN
  3.0000000e+001             NaN             NaN             NaN  7.1812525e-008  1.2885172e-007  1.5602358e-007  1.5689412e-007  1.5820871e-007  1.6094812e-007  1.6043262e-007  1.6256117e-007  1.7523452e-007  1.9497271e-007  2.0155689e-007  2.3037226e-007             NaN             NaN             NaN             NaN             NaN             NaN             NaN  2.5454432e-007  2.1697787e-007  1.8797289e-007  1.7933879e-007  1.7474112e-007  1.6750774e-007  1.5363847e-007  1.5108686e-007  1.4409564e-007  1.4424365e-007             NaN             NaN             NaN             NaN
  2.0000000e+001             NaN             NaN  5.3175040e-008  1.0640511e-007             NaN  1.1999275e-007  1.2427664e-007  1.2028972e-007  1.1427714e-007  1.3574311e-007  1.3041985e-007  1.3617219e-007  1.5494066e-007  1.7879118e-007             NaN             NaN             NaN             NaN             NaN             NaN             NaN             NaN             NaN  1.6640705e-007  1.6223652e-007  1.4604661e-007  1.3909423e-007  1.3007815e-007  1.2394376e-007  1.1062877e-007  9.9194166e-008  7.2052250e-008             NaN             NaN             NaN             NaN
  1.5000000e+001             NaN             NaN             NaN  6.9442011e-008  8.3785637e-008  8.8014955e-008  1.0248999e-007  9.0696638e-008  1.0786757e-007  1.1121767e-007  1.1789858e-007  1.1666591e-007  1.1176489e-007  1.4081230e-007             NaN             NaN             NaN             NaN             NaN             NaN             NaN             NaN  1.3563029e-007  1.7518438e-007  1.5114444e-007  1.3013720e-007  1.2331019e-007  9.6368342e-008  9.6015877e-008  6.9460912e-008  6.2278740e-008  3.6047699e-008             NaN             NaN             NaN             NaN
  1.0000000e+001             NaN  4.9205744e-008  5.5959333e-008  6.3366807e-008  6.6434605e-008  6.6036177e-008  7.5629648e-008  7.1356807e-008  7.5807583e-008  7.7730081e-008  8.5251429e-008  9.2434553e-008  8.5786630e-008  1.0853163e-007             NaN             NaN             NaN             NaN             NaN             NaN             NaN             NaN  1.1866545e-007  1.3352542e-007  1.0825852e-007  1.0593766e-007  8.7963429e-008  7.0907312e-008  6.0383225e-008  4.3312882e-008  2.8985749e-008  1.2618478e-008             NaN             NaN             NaN             NaN
  7.0000000e+000             NaN             NaN             NaN  4.6031541e-008  4.3514539e-008  4.9478147e-008  4.5125632e-008  5.1807100e-008  5.0741835e-008  5.2052068e-008  5.8729175e-008  6.2116538e-008  6.7211382e-008  8.5030784e-008             NaN             NaN             NaN             NaN             NaN             NaN             NaN             NaN             NaN  6.5443625e-008  9.0015864e-008  7.8059125e-008  5.6327433e-008  4.8380732e-008  3.8334738e-008  2.1556565e-008  1.4830836e-008             NaN             NaN             NaN             NaN             NaN
  5.0000000e+000             NaN             NaN  2.5578684e-008  2.8779869e-008  2.8032592e-008  2.6341402e-008  2.5520372e-008  2.5072802e-008  2.5886244e-008  2.8126935e-008  3.6587319e-008  4.3289764e-008  4.5064979e-008  5.3770172e-008             NaN             NaN             NaN             NaN             NaN             NaN             NaN             NaN  3.9296190e-008  3.0146421e-008  4.7827558e-008  5.3513746e-008  3.5958659e-008  1.9096395e-008  1.4074242e-008  1.0212046e-008  5.9614191e-009  3.7275903e-009             NaN  2.4710568e-009             NaN             NaN
  3.0000000e+000             NaN             NaN             NaN  9.6943579e-009  1.0776165e-008  9.9168066e-009  1.0069590e-008  9.2361146e-009  1.0163020e-008  1.3718888e-008  1.5370100e-008  1.7076083e-008  2.1988163e-008             NaN             NaN             NaN  5.8370628e-008             NaN             NaN             NaN             NaN  2.0596688e-008  1.5153794e-008  1.3413660e-008  1.6291221e-008  1.4828334e-008  1.4409704e-008  9.2030404e-009  8.7864798e-009  4.8870835e-009  2.7818605e-009  2.0977501e-009  1.2437401e-009             NaN             NaN             NaN
  2.0000000e+000             NaN             NaN             NaN             NaN             NaN  3.6191013e-009  4.1812755e-009  5.1344386e-009  5.6077112e-009  6.3815056e-009  7.9055885e-009  6.6011030e-009  1.0402266e-008  1.0648530e-008             NaN             NaN             NaN             NaN             NaN             NaN             NaN  6.3327619e-009  6.0816127e-009  6.6274228e-009  6.9637722e-009  6.4167572e-009  4.5391351e-009  4.3746888e-009  4.3591653e-009  3.6147491e-009  3.3264931e-009  1.1604065e-009             NaN             NaN             NaN             NaN
  1.5000000e+000             NaN             NaN             NaN             NaN             NaN  1.8763663e-009  2.7203554e-009  2.6475431e-009  3.2170512e-009  3.3605293e-009  4.1343178e-009  4.1424477e-009  4.7550023e-009  6.6233666e-009  7.4779559e-009             NaN             NaN             NaN             NaN             NaN  5.2070903e-009  2.9009330e-009  3.4780405e-009  3.5460445e-009  3.2298744e-009  2.7429164e-009  3.0127377e-009  2.7494090e-009  2.7772295e-009  2.2300634e-009  1.7210475e-009  1.4511688e-009  1.0894525e-009             NaN             NaN             NaN
  1.0000000e+000             NaN             NaN             NaN             NaN  1.1197034e-009  9.8638686e-010  1.4339738e-009  1.7400705e-009  1.6240723e-009  2.2027532e-009  1.6068259e-009  2.3561977e-009  2.6894703e-009  3.0020293e-009  4.5706810e-009  4.5120201e-009             NaN             NaN             NaN  4.4445561e-009  5.0599771e-009             NaN  3.0565345e-009  2.3367898e-009  1.9150718e-009  1.5155139e-009  1.5073519e-009  1.5919136e-009  1.5089831e-009  1.1972035e-009  1.0293720e-009  1.1200420e-009  7.7779921e-010  1.1862519e-009             NaN             NaN
  7.0000000e-001             NaN             NaN             NaN  6.6633040e-010  6.8527941e-010  9.0689311e-010  1.0640716e-009  8.5902809e-010  1.1029931e-009  1.1014787e-009  1.1397866e-009  1.2395058e-009  1.7511669e-009  2.1884738e-009  2.0499776e-009  2.6553501e-009             NaN             NaN             NaN  3.9173052e-009  3.1757502e-009  3.2010504e-009  1.5256330e-009  1.8685303e-009  8.8087817e-010  1.7172050e-009  1.0347922e-009  9.6411999e-010  8.1296082e-010  8.4163321e-010  8.3808049e-010  8.0142639e-010  5.7206191e-010  6.1051245e-010             NaN             NaN
  5.0000000e-001             NaN  4.4819254e-010  5.8296670e-010  5.2682415e-010  4.2829963e-010  5.8562861e-010  5.3666807e-010  6.2773932e-010  6.9693840e-010  7.5072624e-010  7.3282804e-010  1.0977376e-009  1.1868766e-009  1.4400170e-009  1.4409852e-009             NaN             NaN             NaN             NaN             NaN  1.9346721e-009  2.1306150e-009  1.3181998e-009  1.8329120e-009  7.1104702e-010  6.6647174e-010  7.1272629e-010  9.8176545e-010  9.2040890e-010  6.5147275e-010  6.9242055e-010  6.0378135e-010  5.5970398e-010             NaN             NaN             NaN
  3.0000000e-001             NaN  2.3222706e-010  2.6124079e-010  3.0275206e-010  3.7683195e-010  2.8024589e-010  3.7304483e-010  3.2914868e-010  3.9802810e-010  3.9373074e-010  3.6941980e-010  6.0897770e-010  6.7586532e-010  7.6684187e-010  5.7221681e-010  1.5131167e-009             NaN             NaN             NaN             NaN             NaN  1.2340323e-009  7.2019575e-010  1.0306928e-009  7.4483825e-010  6.7639826e-010  7.6685032e-010  5.9717895e-010  7.7681451e-010  7.0661164e-010  5.8617041e-010  5.2420643e-010  6.6373649e-010  6.4208903e-010             NaN             NaN
  2.0000000e-001             NaN             NaN             NaN             NaN             NaN             NaN             NaN             NaN             NaN             NaN             NaN             NaN             NaN             NaN             NaN             NaN             NaN             NaN             NaN             NaN             NaN             NaN  3.6385906e-010  5.1582082e-010  5.4387258e-010  6.2206511e-010  7.0794285e-010  8.5720800e-010  5.9946424e-010  7.1735658e-010  7.5448916e-010  4.7432806e-010  5.5982187e-010             NaN             NaN             NaN
  1.5000000e-001             NaN             NaN             NaN             NaN             NaN             NaN             NaN             NaN             NaN             NaN             NaN             NaN             NaN             NaN             NaN             NaN             NaN             NaN             NaN             NaN             NaN             NaN             NaN             NaN             NaN             NaN             NaN  5.8613551e-010  7.7691316e-010  7.1608970e-010  5.6869213e-010  6.5843768e-010             NaN             NaN             NaN             NaN
  1.0000000e-001             NaN             NaN             NaN             NaN             NaN             NaN             NaN             NaN             NaN             NaN             NaN             NaN             NaN             NaN             NaN             NaN             NaN             NaN             NaN             NaN             NaN             NaN             NaN             NaN             NaN             NaN             NaN             NaN             NaN             NaN             NaN             NaN             NaN             NaN             NaN             NaN
             NaN -8.7500000e+001 -8.2500000e+001 -7.7500000e+001 -7.2500000e+001 -6.7500000e+001 -6.2500000e+001 -5.7500000e+001 -5.2500000e+001 -4.7500000e+001 -4.2500000e+001 -3.7500000e+001 -3.2500000e+001 -2.7500000e+001 -2.2500000e+001 -1.7500000e+001 -1.2500000e+001 -7.5000000e+000 -2.5000000e+000  2.5000000e+000  7.5000000e+000  1.2500000e+001  1.7500000e+001  2.2500000e+001  2.7500000e+001  3.2500000e+001  3.7500000e+001  4.2500000e+001  4.7500000e+001  5.2500000e+001  5.7500000e+001  6.2500000e+001  6.7500000e+001  7.2500000e+001  7.7500000e+001  8.2500000e+001  8.7500000e+001
  1.0000000e+003             NaN             NaN             NaN             NaN             NaN             NaN             NaN             NaN             NaN             NaN             NaN             NaN             NaN             NaN             NaN             NaN             NaN             NaN             NaN             NaN             NaN             NaN             NaN             NaN             NaN             NaN             NaN             NaN             NaN             NaN             NaN             NaN             NaN             NaN             NaN             NaN
  8.5000000e+002             NaN             NaN             NaN             NaN             NaN             NaN             NaN             NaN             NaN             NaN             NaN             NaN             NaN             NaN             NaN             NaN             NaN             NaN             NaN             NaN             NaN             NaN             NaN             NaN             NaN             NaN             NaN             NaN             NaN             NaN             NaN             NaN             NaN             NaN             NaN             NaN
  7.0000000e+002             NaN             NaN             NaN             NaN             NaN             NaN             NaN             NaN             NaN             NaN             NaN             NaN             NaN             NaN             NaN             NaN             NaN             NaN             NaN             NaN             NaN             NaN             NaN             NaN             NaN             NaN             NaN             NaN             NaN             NaN             NaN             NaN             NaN             NaN             NaN             NaN
  5.0000000e+002             NaN             NaN             NaN             NaN             NaN             NaN             NaN             NaN             NaN             NaN             NaN             NaN  8.9912381e-009             NaN             NaN             NaN             NaN             NaN             NaN             NaN             NaN             NaN             NaN             NaN             NaN             NaN             NaN             NaN             NaN             NaN             NaN             NaN             NaN             NaN             NaN             NaN
  4.0000000e+002             NaN             NaN             NaN             NaN             NaN             NaN             NaN             NaN             NaN             NaN             NaN  1.3723558e-008  5.5704906e-009  4.2917827e-009  7.8661235e-009             NaN             NaN             NaN             NaN             NaN             NaN             NaN  1.5096881e-008             NaN             NaN             NaN             NaN             NaN             NaN             NaN             NaN             NaN             NaN             NaN             NaN             NaN
  3.0000000e+002             NaN             NaN             NaN             NaN             NaN             NaN  7.9085637e-009             NaN  7.9650449e-009  7.5228470e-009  1.1365760e-008  7.6034724e-009  6.0042121e-009  3.0282454e-009  5.4554376e-009  5.2375597e-009             NaN             NaN             NaN             NaN             NaN             NaN  6.7910448e-009  7.0532343e-009             NaN  1.0645821e-008             NaN             NaN             NaN             NaN             NaN             NaN             NaN             NaN             NaN             NaN
  2.5000000e+002             NaN             NaN             NaN  1.4131216e-008  9.7760491e-009  7.6950111e-009  7.2066517e-009  1.0470075e-008  9.8188610e-009  4.5027375e-009  6.7453128e-009  8.1386403e-009  6.8612872e-009  9.5988510e-009  8.3068258e-009             NaN             NaN             NaN             NaN             NaN             NaN             NaN             NaN  7.7080123e-009  4.3476035e-009  9.2953360e-009  6.3414021e-009  9.9241209e-009  9.3377128e-009  9.7802224e-009  6.0999500e-009  6.4456904e-009  8.4803990e-009  3.2409901e-009             NaN             NaN
  2.0000000e+002             NaN             NaN             NaN             NaN  6.1056541e-009  9.1370506e-009  7.3514042e-009  7.3713509e-009  7.8842010e-009  7.9196591e-009  7.8986687e-009  1.1791348e-008  6.0390035e-009  5.9433535e-009  1.1134411e-008             NaN             NaN             NaN             NaN             NaN             NaN             NaN             NaN  8.3646956e-009  1.1073492e-008  6.1962945e-009  5.3742322e-009  8.2084986e-009  9.3050091e-009  9.0240056e-009  7.7234835e-009  5.7348192e-009  3.7616908e-009  2.4181406e-009             NaN             NaN
  1.7000000e+002             NaN             NaN             NaN             NaN  1.9185351e-008  2.0411371e-008  1.0184820e-008  1.1327992e-008  6.7217672e-009  6.5499365e-009  6.6347251e-009  9.8790327e-009  4.3687105e-009  9.2984749e-009             NaN             NaN             NaN             NaN             NaN             NaN             NaN             NaN             NaN  9.0139967e-009  5.7631583e-009  6.1961223e-009  6.8189669e-009  8.2313950e-009  6.1562835e-009  8.3962635e-009  1.1356749e-008  5.4681169e-009  1.6298682e-008             NaN             NaN             NaN
  1.5000000e+002             NaN             NaN             NaN             NaN  1.0160676e-008  2.0164131e-008  1.5219304e-008  1.1535817e-008  6.7093489e-009  8.9822751e-009  7.1328368e-009  1.1515239e-008  1.1237195e-008  2.4175325e-009             NaN             NaN             NaN             NaN             NaN             NaN             NaN             NaN             NaN  3.9467411e-009  6.0557407e-009  6.5240121e-009  9.4036412e-009  5.7720026e-009  1.1582651e-008  8.6849415e-009  1.1327837e-008  1.2262162e-008             NaN             NaN             NaN             NaN
  1.3000000e+002             NaN             NaN             NaN             NaN             NaN  2.2006764e-008  1.8126035e-008  9.1417880e-009  1.1876973e-008  8.3581001e-009  8.4536723e-009  1.3000068e-008  7.6693137e-009  7.6964952e-009  4.6971159e-009             NaN             NaN             NaN             NaN             NaN             NaN             NaN             NaN  2.3753866e-009  4.4770182e-009  6.4868142e-009  6.9114726e-009  6.3976890e-009  7.8773075e-009  9.9501281e-009  1.1985397e-008  8.0730091e-009             NaN             NaN             NaN             NaN
  1.1500000e+002             NaN             NaN             NaN             NaN             NaN  2.4210528e-008  2.6289123e-008  9.7995753e-009  6.5232192e-009  1.0835721e-008  5.5363547e-009  4.8782915e-009  3.7786762e-009  8.3960979e-009  8.5687603e-009             NaN             NaN             NaN             NaN             NaN             NaN             NaN  9.5453973e-009  7.8234875e-009  1.0635648e-008  9.9829949e-009  1.2570119e-008  7.5109113e-009  1.2773035e-008  1.2217369e-008  1.5714239e-008  7.3353272e-009             NaN             NaN             NaN             NaN
  1.0000000e+002             NaN             NaN             NaN  1.4428267e-008             NaN             NaN  1.6070039e-008  5.2166706e-009  8.5746566e-009  9.8903577e-009  1.6940986e-008  1.0687664e-008  1.0341223e-008  8.1196741e-009  1.0461286e-008             NaN             NaN             NaN             NaN             NaN             NaN             NaN  1.7693508e-008  1.8935217e-008  5.1392488e-009  1.1915253e-008  1.2663738e-008  7.7949317e-009  1.5847020e-008  1.3774771e-008  1.1771766e-008             NaN             NaN             NaN             NaN             NaN
  9.0000000e+001             NaN             NaN             NaN             NaN             NaN             NaN  1.5679041e-008  1.0486624e-008  1.1407187e-008  1.2278408e-008  1.5533380e-008  1.2594562e-008  1.3765568e-008  4.0698155e-009             NaN             NaN             NaN             NaN             NaN             NaN             NaN             NaN  1.5756934e-008  1.1275301e-008  1.3755910e-008  1.0261411e-008  1.7527781e-008  1.2767400e-008  1.9254467e-008  1.6227141e-008  1.3843807e-008  1.7396765e-008             NaN             NaN             NaN             NaN
  8.0000000e+001             NaN             NaN             NaN             NaN  1.9699075e-008  2.1422233e-008  1.8733964e-008  1.2623963e-008  1.6535642e-008  1.8081535e-008  1.3849389e-008  1.9660090e-008  1.1655811e-008  1.3339747e-008             NaN             NaN             NaN             NaN             NaN             NaN             NaN             NaN  1.6084193e-008  1.1660720e-008  1.4908117e-008  1.2571106e-008  1.9253081e-008  1.7311232e-008  1.1630717e-008  3.0995482e-008  9.2621916e-009             NaN             NaN             NaN             NaN             NaN
  7.0000000e+001             NaN             NaN             NaN             NaN  8.1993011e-008  2.4949215e-008  1.8233686e-008  1.7620834e-008  1.9660429e-008  1.3106722e-008  1.2594717e-008  1.7191744e-008  1.5164340e-008  9.3040649e-009  9.4916392e-009             NaN             NaN             NaN             NaN             NaN             NaN             NaN  1.8760160e-008  1.1889564e-008  1.6859979e-008  1.5655563e-008  1.5856018e-008  1.7081658e-008  1.5953484e-008  1.9636591e-008  8.2580275e-009             NaN             NaN             NaN             NaN             NaN
  5.0000000e+001             NaN             NaN             NaN  6.3164471e-008  4.0541403e-008  2.4669784e-008  2.0880954e-008  2.4770641e-008  1.5965861e-008  2.0969588e-008  1.8659279e-008  1.5034559e-008  1.3563158e-008  1.9140707e-008  2.3121569e-008             NaN             NaN             NaN             NaN             NaN             NaN             NaN  1.1361382e-008  1.9662073e-008  1.9151916e-008  1.9217742e-008  1.8430032e-008  2.0750948e-008  2.0208096e-008  1.9086083e-008  1.2665867e-008  2.4518781e-009             NaN             NaN             NaN             NaN
  3.0000000e+001             NaN             NaN             NaN  4.7705256e-008  2.8743587e-008  2.0466449e-008  1.9849026e-008  1.8963240e-008  2.0085181e-008  2.1003312e-008  1.9879915e-008  2.0487325e-008  2.8096272e-008  2.5049401e-008  4.0387459e-008             NaN             NaN             NaN             NaN             NaN             NaN             NaN  1.9727536e-008  2.4253119e-008  2.5142886e-008  2.3805802e-008  2.0225309e-008  2.1115657e-008  1.9736172e-008  1.8688967e-008  1.8175281e-008  7.8352675e-009             NaN             NaN             NaN             NaN
  2.0000000e+001             NaN             NaN  3.3973837e-008  2.1917996e-008             NaN  1.6446390e-008  1.8569296e-008  1.5528584e-008  1.6772660e-008  1.2942858e-008  1.5888193e-008  1.8591392e-008  1.9080655e-008  7.3338917e-009             NaN             NaN             NaN             NaN             NaN             NaN             NaN             NaN             NaN  1.9843404e-008  2.1972786e-008  1.5897745e-008  1.7109639e-008  1.6171459e-008  1.2187207e-008  1.0585984e-008  1.5826110e-008  1.1827294e-008             NaN             NaN             NaN             NaN
  1.5000000e+001             NaN             NaN             NaN  6.7444711e-009  1.6637069e-008  1.5218614e-008  1.6739428e-008  1.2930744e-008  2.0376845e-008  2.1864768e-008  1.7543433e-008  2.1183572e-008  2.3013700e-008  1.5321567e-008             NaN             NaN             NaN             NaN             NaN             NaN             NaN             NaN  3.2119776e-008  2.3690355e-008  2.9817927e-008  2.2860932e-008  1.8228651e-008  1.6162287e-008  1.4998064e-008  1.9271963e-008  1.8724261e-008  1.2900582e-008             NaN             NaN             NaN             NaN
  1.0000000e+001             NaN  8.7816146e-009  1.1576253e-008  1.5055481e-008  7.1472912e-009  1.4110759e-008  1.4057394e-008  1.1134776e-008  1.8315731e-008  1.3531140e-008  1.7096714e-008  1.4035153e-008  1.2093914e-008  2.4715090e-008             NaN             NaN             NaN             NaN             NaN             NaN             NaN             NaN  3.8782742e-008  2.2728795e-008  2.3651997e-008  2.2748096e-008  1.9462670e-008  1.3693348e-008  1.4567057e-008  1.9667738e-008  1.2076366e-008  3.4830038e-009             NaN             NaN             NaN             NaN
  7.0000000e+000             NaN             NaN             NaN  9.2101055e-009  5.1920880e-009  9.2017968e-009  7.1638415e-009  8.3583147e-009  1.0238222e-008  1.2559677e-008  1.2404334e-008  9.9154278e-009  9.5328113e-009  2.4994146e-008             NaN             NaN             NaN             NaN             NaN             NaN             NaN             NaN             NaN  2.9717316e-008  1.7484826e-008  2.0519994e-008  1.6064649e-008  1.4842711e-008  1.6237130e-008  8.9072910e-009  7.5026311e-009             NaN             NaN             NaN             NaN             NaN
  5.0000000e+000             NaN             NaN  1.1304569e-008  1.8887118e-009  8.4968303e-009  5.8362569e-009  6.8518788e-009  8.8950353e-009  6.9769582e-009  7.4780617e-009  6.0281889e-009  6.2837440e-009  7.7868899e-009  1.2442525e-008             NaN             NaN             NaN             NaN             NaN             NaN             NaN             NaN  2.6198636e-008  1.8946138e-008  2.2084196e-008  1.7716384e-008  1.1399089e-008  7.6905160e-009  7.3712084e-009  6.0116038e-009  2.3487183e-009  1.3486913e-009             NaN  4.4411360e-010             NaN             NaN
  3.0000000e+000             NaN             NaN             NaN  1.5956439e-009  4.2652081e-009  2.7876308e-009  2.9371524e-009  3.4499910e-009  4.0148129e-009  5.5731293e-009  6.0881029e-009  7.7399017e-009  1.0225622e-008             NaN             NaN             NaN  9.0783069e-009             NaN             NaN             NaN             NaN  1.7507420e-008  8.8670257e-009  1.2375033e-008  1.3129035e-008  9.8800594e-009  4.8628857e-009  3.9155039e-009  4.7419232e-009  2.6140999e-009  1.2537797e-009  1.4615779e-009  3.4448090e-010             NaN             NaN             NaN
  2.0000000e+000             NaN             NaN             NaN             NaN             NaN  6.6151895e-010  1.6004953e-009  1.5058476e-009  1.4263687e-009  2.2151373e-009  2.7678298e-009  1.4804101e-009  5.2495490e-009  3.5894844e-009             NaN             NaN             NaN             NaN             NaN             NaN             NaN  6.0053740e-009  3.4518837e-009  5.4811273e-009  5.9225076e-009  3.8692897e-009  3.0594256e-009  2.1959506e-009  1.6989727e-009  1.5026009e-009  1.2846751e-009  4.8646115e-010             NaN             NaN             NaN             NaN
  1.5000000e+000             NaN             NaN             NaN             NaN             NaN  6.2859447e-010  1.0342223e-009  1.0281586e-009  1.1093052e-009  1.2061904e-009  1.3388561e-009  1.0943677e-009  1.4572899e-009  1.5727958e-009  3.0447803e-009             NaN             NaN             NaN             NaN             NaN  1.2576090e-009  1.5210803e-009  1.6655658e-009  9.4901441e-010  2.7568404e-009  1.3214245e-009  1.3840703e-009  1.2217482e-009  1.0213167e-009  1.0366415e-009  7.3088604e-010  6.1861364e-010  4.9554052e-010             NaN             NaN             NaN
  1.0000000e+000             NaN             NaN             NaN             NaN  3.6279193e-010  2.5762431e-010  5.7706089e-010  7.9000210e-010  7.1399012e-010  9.0434608e-010  7.4376375e-010  6.2820852e-010  9.4716335e-010  7.0115257e-010  1.8209259e-009  2.3631775e-009             NaN             NaN             NaN  1.0044274e-009  1.4982032e-009             NaN  1.0557714e-009  1.3104884e-009  1.4863813e-009  5.9081196e-010  5.7578497e-010  6.9050755e-010  5.7402470e-010  4.7460911e-010  4.0930183e-010  4.4300442e-010  2.7797058e-010  5.9533703e-010             NaN             NaN
  7.0000000e-001             NaN             NaN             NaN  2.2171353e-010  3.0280155e-010  3.4293873e-010  3.9793597e-010  2.7770042e-010  4.9354634e-010  4.1990652e-010  5.0036713e-010  3.2273555e-010  2.3317140e-010  6.6583154e-010  1.0147352e-009  1.2373739e-009             NaN             NaN             NaN  1.0257717e-009  1.3764026e-009  1.8186733e-009  1.1664617e-009  1.0489362e-009  3.4610914e-010  1.2382348e-009  5.6609827e-010  5.2201078e-010  2.7684955e-010  2.9014418e-010  3.7559128e-010  1.9735280e-010  1.3020487e-010  1.7195659e-010             NaN             NaN
  5.0000000e-001             NaN  1.3242437e-010  3.3147233e-010  1.4052262e-010  2.1003154e-010  2.1872736e-010  1.8746671e-010  2.0085940e-010  2.3290148e-010  2.9375642e-010  2.5548445e-010  3.0602727e-010  2.3832958e-010  7.8995613e-010  6.9243789e-010             NaN             NaN             NaN             NaN             NaN  8.5067790e-010  1.2492528e-009  9.4070801e-010  9.2251788e-010  1.9204320e-010  2.7367456e-010  3.3633676e-010  4.5645482e-010  5.7832722e-010  2.3114433e-010  1.9423058e-010  1.9314414e-010  1.5036752e-010             NaN             NaN             NaN
  3.0000000e-001             NaN  5.3392136e-011  8.9829246e-011  1.0520916e-010  1.3582331e-010  1.0924386e-010  1.2491314e-010  1.2727230e-010  1.6883360e-010  1.6861191e-010  1.3531551e-010  3.0737944e-010  3.1152881e-010  4.6438241e-010  3.5723408e-010  2.5286683e-010             NaN             NaN             NaN             NaN             NaN  5.3813317e-010  1.4911770e-010  4.6711818e-010  3.2306520e-010  2.4509654e-010  2.9256132e-010  2.0135477e-010  2.7536196e-010  2.4085503e-010  1.3783593e-010  1.6578887e-010  2.7345634e-010  1.2696084e-010             NaN             NaN
  2.0000000e-001             NaN             NaN             NaN             NaN             NaN             NaN             NaN             NaN             NaN             NaN             NaN             NaN             NaN             NaN             NaN             NaN             NaN             NaN             NaN             NaN             NaN             NaN  3.9973600e-011  1.7962137e-010  8.5843042e-011  1.8005270e-010  1.6898065e-010  2.2393381e-010  2.9633546e-010  2.4461048e-010  1.9380080e-010  1.5957782e-010  8.6497497e-011             NaN             NaN             NaN
  1.5000000e-001             NaN             NaN             NaN             NaN             NaN             NaN             NaN             NaN             NaN             NaN             NaN             NaN             NaN             NaN             NaN             NaN             NaN             NaN             NaN             NaN             NaN             NaN             NaN             NaN             NaN             NaN             NaN  2.1968678e-010  1.8297026e-010  1.4278095e-010  1.1540453e-010  3.5236929e-010             NaN             NaN             NaN             NaN
  1.0000000e-001             NaN             NaN             NaN             NaN             NaN             NaN             NaN             NaN             NaN             NaN             NaN             NaN             NaN             NaN             NaN             NaN             NaN             NaN             NaN             NaN             NaN             NaN             NaN             NaN             NaN             NaN             NaN             NaN             NaN             NaN             NaN             NaN             NaN             NaN             NaN             NaN
             NaN -8.7500000e+001 -8.2500000e+001 -7.7500000e+001 -7.2500000e+001 -6.7500000e+001 -6.2500000e+001 -5.7500000e+001 -5.2500000e+001 -4.7500000e+001 -4.2500000e+001 -3.7500000e+001 -3.2500000e+001 -2.7500000e+001 -2.2500000e+001 -1.7500000e+001 -1.2500000e+001 -7.5000000e+000 -2.5000000e+000  2.5000000e+000  7.5000000e+000  1.2500000e+001  1.7500000e+001  2.2500000e+001  2.7500000e+001  3.2500000e+001  3.7500000e+001  4.2500000e+001  4.7500000e+001  5.2500000e+001  5.7500000e+001  6.2500000e+001  6.7500000e+001  7.2500000e+001  7.7500000e+001  8.2500000e+001  8.7500000e+001
  1.0000000e+003             NaN             NaN             NaN             NaN             NaN             NaN             NaN             NaN             NaN             NaN             NaN             NaN             NaN             NaN             NaN             NaN             NaN             NaN             NaN             NaN             NaN             NaN             NaN             NaN             NaN             NaN             NaN             NaN             NaN             NaN             NaN             NaN             NaN             NaN             NaN             NaN
  8.5000000e+002             NaN             NaN             NaN             NaN             NaN             NaN             NaN             NaN             NaN             NaN             NaN             NaN             NaN             NaN             NaN             NaN             NaN             NaN             NaN             NaN             NaN             NaN             NaN             NaN             NaN             NaN             NaN             NaN             NaN             NaN             NaN             NaN             NaN             NaN             NaN             NaN
  7.0000000e+002             NaN             NaN             NaN             NaN             NaN             NaN             NaN             NaN             NaN             NaN             NaN             NaN             NaN             NaN             NaN             NaN             NaN             NaN             NaN             NaN             NaN             NaN             NaN             NaN             NaN             NaN             NaN             NaN             NaN             NaN             NaN             NaN             NaN             NaN             NaN             NaN
  5.0000000e+002             NaN             NaN             NaN             NaN             NaN             NaN             NaN             NaN             NaN             NaN             NaN             NaN  5.7600000e-009             NaN             NaN             NaN             NaN             NaN             NaN             NaN             NaN             NaN             NaN             NaN             NaN             NaN             NaN             NaN             NaN             NaN             NaN             NaN             NaN             NaN             NaN             NaN
  4.0000000e+002             NaN             NaN             NaN             NaN             NaN             NaN             NaN             NaN             NaN             NaN             NaN  8.2750000e-009  4.6800000e-009  4.4950000e-009  4.2450000e-009             NaN             NaN             NaN             NaN             NaN             NaN             NaN  3.6550000e-009             NaN             NaN             NaN             NaN             NaN             NaN             NaN             NaN             NaN             NaN             NaN             NaN             NaN
  3.0000000e+002             NaN             NaN             NaN             NaN             NaN             NaN  4.1950000e-009             NaN  4.3800000e-009  4.3100000e-009  5.7100000e-009  5.0050000e-009  4.2700000e-009  3.9350000e-009  5.7300000e-009  7.4150000e-009             NaN             NaN             NaN             NaN             NaN             NaN  3.6800000e-009  4.0350000e-009             NaN  3.0600000e-009             NaN             NaN             NaN             NaN             NaN             NaN             NaN             NaN             NaN             NaN
  2.5000000e+002             NaN             NaN             NaN  4.7200000e-009  4.6000000e-009  4.8500000e-009  5.1450000e-009  4.1300000e-009  3.9300000e-009  4.2100000e-009  4.0900000e-009  4.2600000e-009  4.7800000e-009  3.7350000e-009  3.4150000e-009             NaN             NaN             NaN             NaN             NaN             NaN             NaN             NaN  3.7800000e-009  3.7900000e-009  4.7300000e-009  3.9350000e-009  4.5500000e-009  4.2700000e-009  5.0400000e-009  4.4400000e-009  4.1400000e-009  5.2100000e-009  4.9800000e-009             NaN             NaN
  2.0000000e+002             NaN             NaN             NaN             NaN  5.1100000e-009  4.3300000e-009  3.5300000e-009  3.6500000e-009  4.1200000e-009  4.4400000e-009  4.1300000e-009  4.7600000e-009  3.8800000e-009  6.0800000e-009  4.3800000e-009             NaN             NaN             NaN             NaN             NaN             NaN             NaN             NaN  3.4700000e-009  6.5100000e-009  3.3400000e-009  4.1000000e-009  4.2300000e-009  4.1500000e-009  4.1400000e-009  4.1550000e-009  4.4900000e-009  4.6400000e-009  6.3900000e-009             NaN             NaN
  1.7000000e+002             NaN             NaN             NaN             NaN  3.6600000e-009  4.5700000e-009  4.3000000e-009  4.3250000e-009  4.0500000e-009  4.1800000e-009  4.8450000e-009  4.4500000e-009  4.0650000e-009  3.9200000e-009             NaN             NaN             NaN             NaN             NaN             NaN             NaN             NaN             NaN  4.1900000e-009  5.0500000e-009  4.7100000e-009  4.1850000e-009  4.4400000e-009  3.7500000e-009  3.9550000e-009  4.7700000e-009  3.3750000e-009  5.2700000e-009             NaN             NaN             NaN
  1.5000000e+002             NaN             NaN             NaN             NaN  2.8600000e-009  3.2500000e-009  3.9000000e-009  3.7100000e-009  3.7500000e-009  3.8100000e-009  4.3600000e-009  5.3100000e-009  4.6000000e-009  3.6100000e-009             NaN             NaN             NaN             NaN             NaN             NaN             NaN             NaN             NaN  3.7500000e-009  3.8600000e-009  3.8700000e-009  4.5950000e-009  4.5700000e-009  4.7950000e-009  4.0650000e-009  4.3200000e-009  4.5100000e-009             NaN             NaN             NaN             NaN
  1.3000000e+002             NaN             NaN             NaN             NaN             NaN  3.3900000e-009  3.3600000e-009  3.9800000e-009  3.5500000e-009  4.1000000e-009  4.1900000e-009  6.0200000e-009  4.2800000e-009  5.5050000e-009  4.4300000e-009             NaN             NaN             NaN             NaN             NaN             NaN             NaN             NaN  4.2800000e-009  3.6300000e-009  5.5900000e-009  4.3700000e-009  4.3400000e-009  4.3600000e-009  4.2800000e-009  4.6500000e-009  4.3750000e-009             NaN             NaN             NaN             NaN
  1.1500000e+002             NaN             NaN             NaN             NaN             NaN  3.2100000e-009  4.7400000e-009  3.6700000e-009  4.8600000e-009  4.5450000e-009  4.1100000e-009  5.0500000e-009  4.4100000e-009  4.2350000e-009  4.2800000e-009             NaN             NaN             NaN             NaN             NaN             NaN             NaN  4.1300000e-009  4.6000000e-009  4.0900000e-009  4.7950000e-009  4.9100000e-009  4.7400000e-009  4.1400000e-009  4.9200000e-009  4.2800000e-009  3.4900000e-009             NaN             NaN             NaN             NaN
  1.0000000e+002             NaN             NaN             NaN  2.8200000e-009             NaN             NaN  4.3900000e-009  4.0100000e-009  3.7700000e-009  4.4100000e-009  3.6000000e-009  3.8100000e-009  4.5800000e-009  5.0250000e-009  4.5400000e-009             NaN             NaN             NaN             NaN             NaN             NaN             NaN  4.3850000e-009  4.0400000e-009  4.2600000e-009  4.1100000e-009  4.0000000e-009  5.5250000e-009  3.7450000e-009  4.1400000e-009  3.4200000e-009             NaN             NaN             NaN             NaN             NaN
  9.0000000e+001             NaN             NaN             NaN             NaN             NaN             NaN  3.6700000e-009  3.4100000e-009  4.1400000e-009  4.4100000e-009  4.3100000e-009  3.8000000e-009  3.8400000e-009  3.9800000e-009             NaN             NaN             NaN             NaN             NaN             NaN             NaN             NaN  4.7500000e-009  4.9950000e-009  3.8900000e-009  5.2200000e-009  4.2950000e-009  4.0700000e-009  4.1750000e-009  4.1700000e-009  3.3250000e-009  3.9000000e-009             NaN             NaN             NaN             NaN
  8.0000000e+001             NaN             NaN             NaN             NaN  2.6050000e-009  2.5500000e-009  2.9500000e-009  3.4850000e-009  3.8900000e-009  3.5700000e-009  3.3950000e-009  4.1550000e-009  3.9250000e-009  4.6200000e-009             NaN             NaN             NaN             NaN             NaN             NaN             NaN             NaN  3.9700000e-009  4.2000000e-009  4.5850000e-009  4.6400000e-009  3.5550000e-009  3.7700000e-009  4.0100000e-009  4.0600000e-009  4.1000000e-009             NaN             NaN             NaN             NaN             NaN
  7.0000000e+001             NaN             NaN             NaN             NaN  2.4500000e-009  2.7300000e-009  3.0400000e-009  3.0400000e-009  3.2000000e-009  3.2500000e-009  3.6250000e-009  3.9500000e-009  4.7650000e-009  3.8000000e-009  4.3400000e-009             NaN             NaN             NaN             NaN             NaN             NaN             NaN  3.6400000e-009  4.0000000e-009  3.2800000e-009  3.8550000e-009  3.6600000e-009  3.1550000e-009  2.9100000e-009  3.0100000e-009  2.7750000e-009             NaN             NaN             NaN             NaN             NaN
  5.0000000e+001             NaN             NaN             NaN  1.8450000e-009  2.3700000e-009  2.5150000e-009  2.8050000e-009  2.7500000e-009  2.6900000e-009  2.5950000e-009  2.9950000e-009  3.2650000e-009  4.2900000e-009  6.4200000e-009  4.4300000e-009             NaN             NaN             NaN             NaN             NaN             NaN             NaN  3.8100000e-009  3.7100000e-009  3.3050000e-009  3.3000000e-009  3.0900000e-009  2.9100000e-009  2.8900000e-009  2.8800000e-009  2.2100000e-009  2.1900000e-009             NaN             NaN             NaN             NaN
  3.0000000e+001             NaN             NaN             NaN  1.2450000e-009  1.6750000e-009  1.9300000e-009  1.8400000e-009  1.7800000e-009  1.8950000e-009  1.7800000e-009  2.0400000e-009  2.5300000e-009  3.9200000e-009  3.3150000e-009  2.8400000e-009             NaN             NaN             NaN             NaN             NaN             NaN             NaN  4.6000000e-009  2.7550000e-009  2.6100000e-009  2.3100000e-009  2.3600000e-009  2.0850000e-009  1.9200000e-009  1.6500000e-009  1.4250000e-009  1.4000000e-009             NaN             NaN             NaN             NaN
  2.0000000e+001             NaN             NaN  1.1750000e-009  1.2950000e-009             NaN  1.5650000e-009  1.6000000e-009  1.4400000e-009  1.4750000e-009  1.8000000e-009  1.9300000e-009  2.2700000e-009  3.1900000e-009  3.7550000e-009             NaN             NaN             NaN             NaN             NaN             NaN             NaN             NaN             NaN  2.9800000e-009  2.1900000e-009  1.9900000e-009  2.1150000e-009  1.6900000e-009  1.5100000e-009  1.3900000e-009  1.1000000e-009  8.5500000e-010             NaN             NaN             NaN             NaN
  1.5000000e+001             NaN             NaN             NaN  1.1000000e-009  1.3600000e-009  1.3500000e-009  1.4200000e-009  1.2900000e-009  1.5100000e-009  1.5850000e-009  1.7200000e-009  1.9800000e-009  2.3700000e-009  3.8000000e-009             NaN             NaN             NaN             NaN             NaN             NaN             NaN             NaN  2.4000000e-009  2.5750000e-009  1.9200000e-009  1.8700000e-009  1.9350000e-009  1.5300000e-009  1.4000000e-009  1.0600000e-009  8.5500000e-010  4.8600000e-010             NaN             NaN             NaN             NaN
  1.0000000e+001             NaN  9.0200000e-010  7.9200000e-010  1.0250000e-009  9.7500000e-010  8.7600000e-010  1.0095000e-009  9.0400000e-010  1.0100000e-009  1.0300000e-009  1.1400000e-009  1.7450000e-009  1.6400000e-009  2.9200000e-009             NaN             NaN             NaN             NaN             NaN             NaN             NaN             NaN  1.6600000e-009  1.6200000e-009  1.4900000e-009  1.4400000e-009  1.4450000e-009  1.1250000e-009  1.0800000e-009  7.9050000e-010  4.6850000e-010  2.5100000e-010             NaN             NaN             NaN             NaN
  7.0000000e+000             NaN             NaN             NaN  5.9500000e-010  5.5000000e-010  6.4900000e-010  5.3900000e-010  6.4300000e-010  6.0400000e-010  6.7100000e-010  7.4300000e-010  8.9400000e-010  1.1450000e-009  1.6250000e-009             NaN             NaN             NaN             NaN             NaN             NaN             NaN             NaN             NaN  1.0130000e-009  1.0200000e-009  9.1900000e-010  8.2450000e-010  8.3750000e-010  5.9600000e-010  4.5100000e-010  3.1000000e-010             NaN             NaN             NaN             NaN             NaN
  5.0000000e+000             NaN             NaN  3.0650000e-010  3.4450000e-010  2.8850000e-010  2.7700000e-010  2.9000000e-010  2.9700000e-010  3.0900000e-010  3.4400000e-010  4.2000000e-010  5.5200000e-010  7.0600000e-010  6.4300000e-010             NaN             NaN             NaN             NaN             NaN             NaN             NaN             NaN  5.8800000e-010  4.2450000e-010  5.2950000e-010  5.4850000e-010  4.0900000e-010  3.0100000e-010  2.3100000e-010  2.3800000e-010  1.1500000e-010  1.0255000e-010             NaN  7.8500000e-011             NaN             NaN
  3.0000000e+000             NaN             NaN             NaN  1.5500000e-010  1.4800000e-010  1.4050000e-010  1.3700000e-010  1.4150000e-010  1.5600000e-010  2.1400000e-010  2.7000000e-010  2.8050000e-010  5.5300000e-010             NaN             NaN             NaN  1.4300000e-009             NaN             NaN             NaN             NaN  4.3200000e-010  3.3100000e-010  2.7300000e-010  3.0500000e-010  3.0450000e-010  2.4250000e-010  1.5900000e-010  1.4900000e-010  8.9150000e-011  5.5900000e-011  4.7300000e-011  4.1700000e-011             NaN             NaN             NaN
  2.0000000e+000             NaN             NaN             NaN             NaN             NaN  5.6350000e-011  7.3900000e-011  8.7600000e-011  9.0350000e-011  1.2100000e-010  1.3000000e-010  1.5200000e-010  2.5150000e-010  2.8300000e-010             NaN             NaN             NaN             NaN             NaN             NaN             NaN  1.9300000e-010  1.7100000e-010  1.2700000e-010  1.3200000e-010  1.4100000e-010  9.4750000e-011  8.6600000e-011  8.2000000e-011  6.7500000e-011  5.9550000e-011  4.2400000e-011             NaN             NaN             NaN             NaN
  1.5000000e+000             NaN             NaN             NaN             NaN             NaN  5.5600000e-011  6.2450000e-011  6.7500000e-011  7.4050000e-011  7.6950000e-011  8.8550000e-011  1.0450000e-010  1.2350000e-010  1.7350000e-010  1.7200000e-010             NaN             NaN             NaN             NaN             NaN  1.6000000e-010  1.1500000e-010  1.0950000e-010  8.8700000e-011  8.9100000e-011  8.8550000e-011  8.4800000e-011  7.7400000e-011  7.7550000e-011  6.3700000e-011  5.5950000e-011  5.0000000e-011  4.5100000e-011             NaN             NaN             NaN
  1.0000000e+000             NaN             NaN             NaN             NaN  6.9600000e-011  6.4750000e-011  7.4700000e-011  7.9750000e-011  7.7700000e-011  8.9750000e-011  8.9850000e-011  1.0250000e-010  1.0600000e-010  1.3350000e-010  1.6450000e-010  1.4000000e-010             NaN             NaN             NaN  1.3450000e-010  1.4000000e-010             NaN  1.2500000e-010  9.9100000e-011  9.8400000e-011  8.2950000e-011  8.8400000e-011  7.8900000e-011  7.6150000e-011  7.9000000e-011  6.7250000e-011  6.9700000e-011  7.0000000e-011  7.3050000e-011             NaN             NaN
  7.0000000e-001             NaN             NaN             NaN  9.4750000e-011  9.4900000e-011  9.7800000e-011  9.8200000e-011  1.0500000e-010  1.0300000e-010  1.0400000e-010  1.1500000e-010  1.1900000e-010  1.4000000e-010  1.4600000e-010  1.6800000e-010  1.8300000e-010             NaN             NaN             NaN  1.3500000e-010  1.4000000e-010  1.5200000e-010  1.2500000e-010  1.4700000e-010  1.1400000e-010  1.1050000e-010  1.0850000e-010  1.0450000e-010  9.8700000e-011  1.0180000e-010  9.3800000e-011  8.6650000e-011  9.5100000e-011  9.2000000e-011             NaN             NaN
  5.0000000e-001             NaN  1.2550000e-010  1.5650000e-010  1.3500000e-010  1.3900000e-010  1.4700000e-010  1.3550000e-010  1.3200000e-010  1.3800000e-010  1.2550000e-010  1.3800000e-010  1.3100000e-010  1.3100000e-010  1.8400000e-010  1.6800000e-010             NaN             NaN             NaN             NaN             NaN  1.5900000e-010  1.4900000e-010  1.6100000e-010  1.4800000e-010  1.2750000e-010  1.4400000e-010  1.4400000e-010  1.3350000e-010  1.3700000e-010  1.4150000e-010  1.3250000e-010  1.3100000e-010  1.1900000e-010             NaN             NaN             NaN
  3.0000000e-001             NaN  9.6000000e-011  1.0950000e-010  1.2500000e-010  1.1400000e-010  1.0400000e-010  1.2500000e-010  1.0300000e-010  1.5500000e-010  9.8850000e-011  9.7100000e-011  1.8500000e-010  1.8400000e-010  2.7000000e-010  1.6600000e-010  2.2600000e-010             NaN             NaN             NaN             NaN             NaN  1.8550000e-010  2.3200000e-010  2.0000000e-010  1.7250000e-010  1.9300000e-010  1.9300000e-010  1.8800000e-010  1.9600000e-010  1.9600000e-010  2.1000000e-010  1.9700000e-010  1.8600000e-010  2.1200000e-010             NaN             NaN
  2.0000000e-001             NaN             NaN             NaN             NaN             NaN             NaN             NaN             NaN             NaN             NaN             NaN             NaN             NaN             NaN             NaN             NaN             NaN             NaN             NaN             NaN             NaN             NaN  1.2650000e-010  1.4990000e-010  1.0500000e-010  1.6100000e-010  1.6450000e-010  1.4100000e-010  1.6700000e-010  1.8450000e-010  1.9400000e-010  2.7800000e-010  2.2800000e-010             NaN             NaN             NaN
  1.5000000e-001             NaN             NaN             NaN             NaN             NaN             NaN             NaN             NaN             NaN             NaN             NaN             NaN             NaN             NaN             NaN             NaN             NaN             NaN             NaN             NaN             NaN             NaN             NaN             NaN             NaN             NaN             NaN  2.2500000e-010  2.4500000e-010  2.4900000e-010  1.9300000e-010  2.5900000e-010             NaN             NaN             NaN             NaN
  1.0000000e-001             NaN             NaN             NaN             NaN             NaN             NaN             NaN             NaN             NaN             NaN             NaN             NaN             NaN             NaN             NaN             NaN             NaN             NaN             NaN             NaN             NaN             NaN             NaN             NaN             NaN             NaN             NaN             NaN             NaN             NaN             NaN             NaN             NaN             NaN             NaN             NaN
